Run,Step,Firm,Optimal_k,Actual_k,Dividends,Total_Production_actual,Total_Production_optimal,Exit_Rate
0,0,0,2.0,2.0,1.58082042528659,18.20072323747621,18.20072323747621,0.0
0,0,1,2.0,2.0,1.6060930215122882,18.20072323747621,18.20072323747621,0.0
0,0,2,2.0,2.0,1.4628022186292018,18.20072323747621,18.20072323747621,0.0
0,0,3,2.0,2.0,1.6353857032050843,18.20072323747621,18.20072323747621,0.0
0,0,4,2.0,2.0,1.5871285095631107,18.20072323747621,18.20072323747621,0.0
0,0,5,2.0,2.0,1.3371648317242237,18.20072323747621,18.20072323747621,0.0
0,0,6,2.0,2.0,1.4456240245033765,18.20072323747621,18.20072323747621,0.0
0,0,7,2.0,2.0,1.5010431286244823,18.20072323747621,18.20072323747621,0.0
0,0,8,2.0,2.0,1.7528907618025573,18.20072323747621,18.20072323747621,0.0
0,0,9,2.0,2.0,1.4656154377912471,18.20072323747621,18.20072323747621,0.0
0,1,0,3.197959578602737,3.870475420064594,2.509554093403748,18.20072323747621,27.743841872726346,0.0
0,1,1,3.249085399020625,3.937325598453202,2.5804213671421548,18.20072323747621,27.743841872726346,0.0
0,1,2,2.9592117433695933,3.5582978306435415,2.1894459101282284,18.20072323747621,27.743841872726346,0.0
0,1,3,3.3083437502564754,4.014809564847321,2.663573374065748,18.20072323747621,27.743841872726346,0.0
0,1,4,3.210720672913039,3.887161341661642,2.5271667147114063,18.20072323747621,27.743841872726346,0.0
0,1,5,2.705050499969317,2.9885211428082767,1.771264350109234,18.20072323747621,27.743841872726346,0.0
0,1,6,2.9244606928587036,2.7050504999693175,1.7858999461454879,18.20072323747621,27.743841872726346,0.0
0,1,7,3.036572133239127,3.6594513343080264,2.2912018801250853,18.20072323747621,27.743841872726346,0.0
0,1,8,3.546053499994773,4.325629793155226,3.007934664556861,18.20072323747621,27.743841872726346,0.0
0,1,9,2.964902814298374,3.565739258550254,2.196866881497898,18.20072323747621,27.743841872726346,0.0
0,2,0,5.076764205882066,7.071955559442987,3.826830333168735,30.07840566702611,40.99763173655494,0.2
0,2,1,5.220126901123123,7.177951794690181,3.928710922751432,30.07840566702611,40.99763173655494,0.2
0,2,2,4.4291934796185295,6.3660535805991,3.289832723142289,30.07840566702611,40.99763173655494,0.2
0,2,3,5.388341299651747,7.404856461443486,4.088470334304067,30.07840566702611,40.99763173655494,0.2
0,2,4,5.1123940915504,7.02297180648305,3.8234528897299476,30.07840566702611,40.99763173655494,0.2
0,2,5,3.5832228025788964,4.768544461556132,2.4565976627196413,30.07840566702611,40.99763173655494,0.2
0,2,6,3.6128302417187426,5.348075709773439,2.8778797464559,30.07840566702611,40.99763173655494,0.2
0,2,7,4.635043223034179,6.467430505311938,3.4133782224665343,30.07840566702611,40.99763173655494,0.2
0,2,8,6.0849754459535985,8.206224594501336,4.709060113487047,30.07840566702611,40.99763173655494,0.2
0,2,9,4.444205916258745,4.205345333990877,2.4658133492125263,30.07840566702611,40.99763173655494,0.2
0,3,0,7.741580589348597,10.787319256448374,5.142816329014893,44.72553584095457,54.04615281056545,0.2
0,3,1,7.947682435021938,10.931547314143279,5.273838730611247,44.72553584095457,54.04615281056545,0.2
0,3,2,6.655248060238267,5.955714859333413,3.1399182514346506,44.72553584095457,54.04615281056545,0.2
0,3,3,8.270871667824307,11.352136487814978,5.513831912424654,44.72553584095457,54.04615281056545,0.2
0,3,4,7.734748107035308,10.640783896339716,5.114140229758986,44.72553584095457,54.04615281056545,0.2
0,3,5,4.969634691330058,6.836440803571105,3.161149163998944,44.72553584095457,54.04615281056545,0.2
0,3,6,5.82187764911816,8.425334572289907,3.955900587620704,44.72553584095457,54.04615281056545,0.2
0,3,7,6.905177468181995,9.682939057190328,4.52769551119121,44.72553584095457,54.04615281056545,0.2
0,3,8,9.526309032483466,12.78235678665079,6.421870005719497,44.72553584095457,54.04615281056545,0.2
0,3,9,4.98827779109136,7.902863120572235,3.834848010444036,44.72553584095457,54.04615281056545,0.2
0,4,0,10.403786842130486,12.48622793921194,5.697225675921927,54.808852162588636,59.338698006377854,0.2
0,4,1,10.66884183350981,12.7765290739221,5.882185542884017,54.808852162588636,59.338698006377854,0.2
0,4,2,6.351974890749902,8.751328525383038,4.1107058845298585,54.808852162588636,59.338698006377854,0.2
0,4,3,11.154341946174657,13.30388070350018,6.161465756087024,54.808852162588636,59.338698006377854,0.2
0,4,4,10.345775821507594,12.425343539551825,5.70042163265163,54.808852162588636,59.338698006377854,0.2
0,4,5,6.394924487751187,7.576320451346166,3.3969158130559944,54.808852162588636,59.338698006377854,0.2
0,4,6,8.002686436625677,9.945091671173248,4.442838366246634,54.808852162588636,59.338698006377854,0.2
0,4,7,9.15941304742792,6.563910625943738,3.448943144714677,54.808852162588636,59.338698006377854,0.2
0,4,8,12.991279951110899,15.288247708337812,7.279210069071686,54.808852162588636,59.338698006377854,0.2
0,4,9,7.757800146883759,9.860798561141682,4.477519592155345,54.808852162588636,59.338698006377854,0.2
0,5,0,11.525342872814242,11.207241598786883,5.282149097088431,54.847930534422815,55.25838320988882,0.2
0,5,1,11.89951198699511,11.70060524705063,5.530896446109742,54.847930534422815,55.25838320988882,0.2
0,5,2,8.31585362130405,8.367245714508346,3.9835693236536516,54.847930534422815,55.25838320988882,0.2
0,5,3,12.464488766546054,12.18541086182806,5.79411784250001,54.847930534422815,55.25838320988882,0.2
0,5,4,11.531808212123547,11.402945364742402,5.367882816580305,54.847930534422815,55.25838320988882,0.2
0,5,5,6.8718744319742155,6.566508822087589,3.0732516349775465,54.847930534422815,55.25838320988882,0.2
0,5,6,8.987749197981397,5.737021544378372,3.0228381640601607,54.847930534422815,55.25838320988882,0.2
0,5,7,6.9771244027903885,7.873990844253399,3.9174964142216515,54.847930534422815,55.25838320988882,0.2
0,5,8,14.725657128847551,14.396029324166246,6.979169742480898,54.847930534422815,55.25838320988882,0.2
0,5,9,9.057908437334811,8.940762016944701,4.180817483209385,54.847930534422815,55.25838320988882,0.2
0,6,0,10.685653493868127,9.876143357668013,4.834735409365437,49.95952270602878,50.55829224445091,0.2
0,6,1,11.188863064500115,10.46189929175116,5.1141925200967115,49.95952270602878,50.55829224445091,0.2
0,6,2,8.058659587028485,7.531410079671097,3.7006500658846098,49.95952270602878,50.55829224445091,0.2
0,6,3,11.721353265420209,10.89190746426147,5.3563871549067565,49.95952270602878,50.55829224445091,0.2
0,6,4,10.85909063136499,10.214510861667842,4.9698513402671,49.95952270602878,50.55829224445091,0.2
0,6,5,6.2171100185216845,4.9161778222500585,2.509592785484471,49.95952270602878,50.55829224445091,0.2
0,6,6,6.1151248470044095,6.578795281374573,3.326877582722269,49.95952270602878,50.55829224445091,0.2
0,6,7,7.924995769036058,7.846009937549713,3.9077463984912217,49.95952270602878,50.55829224445091,0.2
0,6,8,14.118683167074408,13.123406007506805,6.541335898548523,49.95952270602878,50.55829224445091,0.2
0,6,9,8.45768760508984,5.493491935847427,2.9729867789529805,49.95952270602878,50.55829224445091,0.2
0,7,0,9.78054696477433,11.074527987384206,5.238285913905045,49.1456152028939,52.49746793998391,0.2
0,7,1,10.345881603533003,11.653725036453222,5.51537485711878,49.1456152028939,52.49746793998391,0.2
0,7,2,7.486321112726662,4.767295923005383,2.6869221967841224,49.1456152028939,52.49746793998391,0.2
0,7,3,10.835835199708587,12.13421111102292,5.777065377576417,49.1456152028939,52.49746793998391,0.2
0,7,4,10.05388306199136,5.607257415741848,3.2660019654599237,49.1456152028939,52.49746793998391,0.2
0,7,5,5.07684247897886,6.775966331351514,3.1415488444158592,49.1456152028939,52.49746793998391,0.2
0,7,6,6.7301888704889405,8.34788511943468,3.9304102596055848,49.1456152028939,52.49746793998391,0.2
0,7,7,7.905271734795417,9.38659852801341,4.430247039212642,49.1456152028939,52.49746793998391,0.2
0,7,8,13.23295641870819,14.520101948381958,7.0212206453867925,49.1456152028939,52.49746793998391,0.2
0,7,9,6.014276760808142,7.871968018342981,3.824347596940291,49.1456152028939,52.49746793998391,0.2
0,8,0,10.596919388105364,13.727403969421214,6.087983008969915,55.94648123030779,61.609355900795705,0.2
0,8,1,11.157463284110902,14.234923354222579,6.344512995571059,55.94648123030779,61.609355900795705,0.2
0,8,2,5.435575375114673,8.714588738738357,4.0986179809437395,55.94648123030779,61.609355900795705,0.2
0,8,3,11.686856561892796,14.867145351267435,6.659758962535906,55.94648123030779,61.609355900795705,0.2
0,8,4,6.607039042580955,9.910947130811962,4.8659955516685365,55.94648123030779,61.609355900795705,0.2
0,8,5,6.35527353894526,7.222779745895391,3.2851636515029847,55.94648123030779,61.609355900795705,0.2
0,8,6,7.951120150326652,6.279898839522713,3.2203361973306124,55.94648123030779,61.609355900795705,0.2
0,8,7,8.96227726312303,11.827883722183556,5.208433292650864,55.94648123030779,61.609355900795705,0.2
0,8,8,14.203751075855017,17.592181453797,8.030778402321321,55.94648123030779,61.609355900795705,0.2
0,8,9,7.7365580770025435,10.719646582346538,4.747066996178273,55.94648123030779,61.609355900795705,0.2
0,9,0,12.315835035074562,17.776896915659478,7.295594874155678,67.70472833375642,71.53429342173678,0.2
0,9,1,12.83478868390614,7.770855894694875,4.1531526774542336,67.70472833375642,71.53429342173678,0.2
0,9,2,8.291400099297308,13.705729929264324,5.627248994822766,67.70472833375642,71.53429342173678,0.2
0,9,3,13.47252327003938,19.00887864602328,7.9098591200495685,67.70472833375642,71.53429342173678,0.2
0,9,4,9.843785438865124,15.253781174408196,6.5804463738805765,67.70472833375642,71.53429342173678,0.2
0,9,5,6.645802646873628,11.257309128232695,4.481961930465971,67.70472833375642,71.53429342173678,0.2
0,9,6,6.5146583532456015,11.712674364061067,4.981883971074802,67.70472833375642,71.53429342173678,0.2
0,9,7,10.536528293355369,9.416243363285718,4.440036556459867,67.70472833375642,71.53429342173678,0.2
0,9,8,16.24606078244687,22.130496049664057,9.430346693794332,67.70472833375642,71.53429342173678,0.2
0,9,9,9.60319599105955,14.790012320283667,5.946713409135473,67.70472833375642,71.53429342173678,0.2
0,10,0,14.758803173473328,18.307725029188884,7.447415912591634,74.48235388651732,74.58692548583014,0.2
0,10,1,8.401722405539212,13.093308608031203,5.983899365063798,74.48235388651732,74.58692548583014,0.2
0,10,2,11.383781823867574,14.8326279063707,5.947264924681706,74.48235388651732,74.58692548583014,0.2
0,10,3,16.001444144912846,19.632445936666446,8.09061037237866,74.48235388651732,74.58692548583014,0.2
0,10,4,13.312075917173155,16.914566985066795,7.074141051374942,74.48235388651732,74.58692548583014,0.2
0,10,5,9.06689517493297,10.318141754116114,4.216819309649808,74.48235388651732,74.58692548583014,0.2
0,10,6,10.078224768570907,13.390176626621576,5.471227505997433,74.48235388651732,74.58692548583014,0.2
0,10,7,8.982081207929085,12.883283238135245,5.529562385076885,74.48235388651732,74.58692548583014,0.2
0,10,8,19.077351896877765,22.952614089586458,9.67422900367739,74.48235388651732,74.58692548583014,0.2
0,10,9,12.030050221866555,9.058564242127696,4.219301810645421,74.48235388651732,74.58692548583014,0.2
0,11,0,15.065933279039657,7.480689884718784,3.9803448258651257,70.52923927976775,66.59799662548842,0.2
0,11,1,12.105276466447073,14.138394855314102,6.314366309563444,70.52923927976775,66.59799662548842,0.2
0,11,2,12.03116592381196,8.853349192651557,4.144192583353427,70.52923927976775,66.59799662548842,0.2
0,11,3,16.36709933856045,17.23947848305394,7.3869657668981334,70.52923927976775,66.59799662548842,0.2
0,11,4,14.310807713361877,15.535578784175732,6.66530922258068,70.52923927976775,66.59799662548842,0.2
0,11,5,8.530518385784918,10.016430124650572,4.130123372994343,70.52923927976775,66.59799662548842,0.2
0,11,6,11.068154313825517,12.413759812309568,5.188797198151991,70.52923927976775,66.59799662548842,0.2
0,11,7,11.186164292906438,12.805704531679552,5.506233289290445,70.52923927976775,66.59799662548842,0.2
0,11,8,19.570719616870935,20.438647344417507,8.919702312391681,70.52923927976775,66.59799662548842,0.2
0,11,9,8.535540422260926,10.845144914552112,4.785901825791852,70.52923927976775,66.59799662548842,0.2
0,12,0,8.052136509881924,8.825194647805574,4.468569806738956,59.93826218534989,57.76611565124041,0.2
0,12,1,12.77380270362713,12.086934924479518,5.65810531600341,59.93826218534989,57.76611565124041,0.2
0,12,2,8.383596362696833,8.281384507466697,3.9549106662861324,59.93826218534989,57.76611565124041,0.2
0,12,3,14.943644169311455,13.666829377840783,6.278655296556135,59.93826218534989,57.76611565124041,0.2
0,12,4,13.483751305172277,12.558251380019152,5.743035706698249,59.93826218534989,57.76611565124041,0.2
0,12,5,8.355134707399678,7.241964964965364,3.2912694795283564,59.93826218534989,57.76611565124041,0.2
0,12,6,10.496804972803238,6.401462720355331,3.2638471691690243,59.93826218534989,57.76611565124041,0.2
0,12,7,11.138970124525889,10.506511842863915,4.793946266304717,59.93826218534989,57.76611565124041,0.2
0,12,8,18.044331280086187,16.53008189205418,7.6882298524455654,59.93826218534989,57.76611565124041,0.2
0,12,9,9.681757865235507,9.154842374516022,4.250643121985096,59.93826218534989,57.76611565124041,0.2
0,13,0,9.039803248699238,9.967464584467546,4.865985747727972,54.66654232758673,56.13554393928792,0.2
0,13,1,11.446203378081863,11.930816999681314,5.60684857459489,54.66654232758673,56.13554393928792,0.2
0,13,2,8.000683850902897,8.671397600678722,4.084387922829809,54.66654232758673,56.13554393928792,0.2
0,13,3,12.701560231122624,12.979916105191302,6.056050940907862,54.66654232758673,56.13554393928792,0.2
0,13,4,11.618015401821243,12.025135543576463,5.571268409813319,54.66654232758673,56.13554393928792,0.2
0,13,5,6.658154581923746,6.814528970983876,3.1540533747198785,54.66654232758673,56.13554393928792,0.2
0,13,6,6.60267994440118,7.86919126221801,3.771250934731944,54.66654232758673,56.13554393928792,0.2
0,13,7,9.698031564120663,5.878567885012498,3.1927304202195548,54.66654232758673,56.13554393928792,0.2
0,13,8,15.55309376437899,15.721636441551567,7.423048183677652,54.66654232758673,56.13554393928792,0.2
0,13,9,8.598943099251587,9.146159953631706,4.2478208136993505,54.66654232758673,56.13554393928792,0.2
0,14,0,9.843765605742314,13.040774074014692,5.873187981403399,58.49417445505016,63.14926991489398,0.2
0,14,1,11.342512291774181,14.40237253940247,6.396663815213525,58.49417445505016,63.14926991489398,0.2
0,14,2,8.262613053076501,11.296523193270835,4.91502772783091,58.49417445505016,63.14926991489398,0.2
0,14,3,12.25123727223561,15.361591504796957,6.814037955178294,58.49417445505016,63.14926991489398,0.2
0,14,4,11.270534521907713,7.809090590119497,4.11823778191657,58.49417445505016,63.14926991489398,0.2
0,14,5,6.380569886222919,6.965579824862737,3.20283112548998,58.49417445505016,63.14926991489398,0.2
0,14,6,7.629144877637896,10.505385555030527,4.616605421564734,58.49417445505016,63.14926991489398,0.2
0,14,7,6.458812567143062,9.88077174795177,4.59225272622852,58.49417445505016,63.14926991489398,0.2
0,14,8,15.01663798221609,18.29076752159227,8.252702813668666,58.49417445505016,63.14926991489398,0.2
0,14,9,8.593233641256361,11.552216410280531,5.0022426546494705,58.49417445505016,63.14926991489398,0.2
0,15,0,11.881310148594778,16.96236001657897,7.059955040001786,69.40488304333947,72.7185960295229,0.2
0,15,1,12.94028846777778,17.916956196352647,7.45306073772624,69.40488304333947,72.7185960295229,0.2
0,15,2,9.942976286168207,14.834544359895178,5.947802806789331,69.40488304333947,72.7185960295229,0.2
0,15,3,13.784625754550522,18.94220098048209,7.890427031921904,69.40488304333947,72.7185960295229,0.2
0,15,4,8.331090458459999,13.458461465003865,6.028203249105427,69.40488304333947,72.7185960295229,0.2
0,15,5,6.479246037418058,10.710402797820937,4.328406213229151,69.40488304333947,72.7185960295229,0.2
0,15,6,9.339275538425388,9.251133483854511,4.223483708311668,69.40488304333947,72.7185960295229,0.2
0,15,7,9.290010654147897,13.965172249031966,5.850656239641586,69.40488304333947,72.7185960295229,0.2
0,15,8,16.695008231278926,22.19988767367525,9.451035601756432,69.40488304333947,72.7185960295229,0.2
0,15,9,10.11940986847468,7.8798257033599475,3.827019383068183,69.40488304333947,72.7185960295229,0.2
0,16,0,14.282109772579181,18.76128137493145,7.576092866237098,77.44739790465253,77.33887012906261,0.2
0,16,1,15.077352616947998,19.47969406973141,7.902366914046598,77.44739790465253,77.33887012906261,0.2
0,16,2,12.03225404565725,9.965883956311075,4.502209411793666,77.44739790465253,77.33887012906261,0.2
0,16,3,15.962133524069335,20.504145191439417,8.340428578437708,77.44739790465253,77.33887012906261,0.2
0,16,4,12.194902098855351,16.690029513187554,7.00827393995547,77.44739790465253,77.33887012906261,0.2
0,16,5,8.756255858201168,8.885633426043245,3.79792009843556,77.44739790465253,77.33887012906261,0.2
0,16,6,8.544000295048873,12.789252759145937,5.298171101690138,77.44739790465253,77.33887012906261,0.2
0,16,7,11.83572900715885,15.979751247018857,6.429410926113627,77.44739790465253,77.33887012906261,0.2
0,16,8,19.11920503233193,23.96841501234551,9.971979484225251,77.44739790465253,77.33887012906261,0.2
0,16,9,7.741963032494639,12.569250074105556,5.306590690402564,77.44739790465253,77.33887012906261,0.2
0,17,0,15.32624348877226,7.200409899581198,3.875355927400911,75.11225840733402,70.32377450927774,0.2
0,17,1,15.986287602418322,17.98966502211125,7.474219566368032,75.11225840733402,70.32377450927774,0.2
0,17,2,9.107855315514874,12.167446538639268,5.177310670391111,75.11225840733402,70.32377450927774,0.2
0,17,3,16.87247522578752,18.837666231322928,7.859920769071637,75.11225840733402,70.32377450927774,0.2
0,17,4,14.17756021952297,16.556606056575543,6.969008861802338,75.11225840733402,70.32377450927774,0.2
0,17,5,7.683095918600592,10.45319833530064,4.255380335400165,75.11225840733402,70.32377450927774,0.2
0,17,6,10.718065602330832,13.147324983759875,5.401576595399657,75.11225840733402,70.32377450927774,0.2
0,17,7,13.006535041581735,8.776246889252715,4.2265728238546005,75.11225840733402,70.32377450927774,0.2
0,17,8,20.17306127824527,22.22950375273794,9.459859639517381,75.11225840733402,70.32377450927774,0.2
0,17,9,10.735098216497564,13.18304372790026,5.486684892143112,75.11225840733402,70.32377450927774,0.2
0,18,0,7.83974663427052,8.996871595382908,4.529242848291463,63.56286446600544,59.93284870019326,0.2
0,18,1,15.120156390004489,13.971929995826292,6.262232370980643,63.56286446600544,59.93284870019326,0.2
0,18,2,10.473568018820222,9.774339187118127,4.441460431938532,63.56286446600544,59.93284870019326,0.2
0,18,3,15.900420128968372,14.597894605337759,6.575099910610844,63.56286446600544,59.93284870019326,0.2
0,18,4,14.09812796347679,13.228489024367978,5.955911898219059,63.56286446600544,59.93284870019326,0.2
0,18,5,8.608526361698274,7.185162076053231,3.273177424823973,63.56286446600544,59.93284870019326,0.2
0,18,6,10.92725229033086,6.2949442520652,3.225734966602305,63.56286446600544,59.93284870019326,0.2
0,18,7,8.550249497350354,9.108804086649378,4.338055727203267,63.56286446600544,59.93284870019326,0.2
0,18,8,19.13705583665365,17.610092138895137,8.03650085072211,63.56286446600544,59.93284870019326,0.2
0,18,9,11.099424213489023,10.277674749077908,4.60919882770781,63.56286446600544,59.93284870019326,0.2
0,19,0,9.162543271090222,10.246185862169895,4.960838655027427,55.4319681965391,55.281629670071524,0.2
0,19,1,12.668337069710534,5.5364433874055905,3.275754169796204,55.4319681965391,55.281629670071524,0.2
0,19,2,8.984961671865975,9.386658572848196,4.317400408552459,55.4319681965391,55.281629670071524,0.2
0,19,3,13.30126015774116,13.388005572445222,6.1887126587227215,55.4319681965391,55.281629670071524,0.2
0,19,4,12.048658531705538,12.36182879310931,5.680008728664446,55.4319681965391,55.281629670071524,0.2
0,19,5,6.621554814668083,7.559672265182826,3.3916890276197034,55.4319681965391,55.281629670071524,0.2
0,19,6,6.52557992639136,8.165522845789445,3.8701086608282065,55.4319681965391,55.281629670071524,0.2
0,19,7,8.775776579940825,9.699192306134414,4.533014131160807,55.4319681965391,55.281629670071524,0.2
0,19,8,16.257637150251615,16.18269644530221,7.574770456132418,55.4319681965391,55.281629670071524,0.2
0,19,9,9.32429218712837,6.708650642372727,3.4193507910910412,55.4319681965391,55.281629670071524,0.2
0,20,0,10.035650628610497,10.343933255647723,4.993919511440531,56.110175310128625,55.281629670071524,0.2
0,20,1,6.626767504315655,6.815179138549801,3.788643934718112,56.110175310128625,55.281629670071524,0.2
0,20,2,8.733991394810472,9.043487497238157,4.206295439354619,56.110175310128625,55.281629670071524,0.2
0,20,3,12.519608558697835,12.878902291128442,6.023021225184517,56.110175310128625,55.281629670071524,0.2
0,20,4,11.490513425702073,11.812042635846685,5.501974840347128,56.110175310128625,55.281629670071524,0.2
0,20,5,6.861300777760292,7.085701294895222,3.2413948447247005,56.110175310128625,55.281629670071524,0.2
0,20,6,7.8291315472377105,8.057829304258554,3.834308075830718,56.110175310128625,55.281629670071524,0.2
0,20,7,9.17017248057077,9.444705877112309,4.449426942953343,56.110175310128625,55.281629670071524,0.2
0,20,8,15.323568286710435,15.727763458611824,7.425073096244807,56.110175310128625,55.281629670071524,0.2
0,20,9,6.917259822848016,7.152772256354213,3.5762766908681507,56.110175310128625,55.281629670071524,0.2
1,0,0,2.0,2.0,1.547215477114022,17.843649732730196,17.843649732730196,0.0
1,0,1,2.0,2.0,1.6384621295033974,17.843649732730196,17.843649732730196,0.0
1,0,2,2.0,2.0,1.5448293808262488,17.843649732730196,17.843649732730196,0.0
1,0,3,2.0,2.0,1.471011013942807,17.843649732730196,17.843649732730196,0.0
1,0,4,2.0,2.0,1.5150064757758974,17.843649732730196,17.843649732730196,0.0
1,0,5,2.0,2.0,1.7011039333181406,17.843649732730196,17.843649732730196,0.0
1,0,6,2.0,2.0,1.3102053623651042,17.843649732730196,17.843649732730196,0.0
1,0,7,2.0,2.0,1.5250986429409812,17.843649732730196,17.843649732730196,0.0
1,0,8,2.0,2.0,1.4310356087007534,17.843649732730196,17.843649732730196,0.0
1,0,9,2.0,2.0,1.3990632232007174,17.843649732730196,17.843649732730196,0.0
1,1,0,3.1299776217796347,3.781338170856355,2.4164714433818655,17.843649732730196,26.826999484561092,0.0
1,1,1,3.314567282538311,4.02267910303004,2.672244448023657,17.843649732730196,26.826999484561092,0.0
1,1,2,3.1251506095795802,3.7750271151927453,2.4099252745059467,17.843649732730196,26.826999484561092,0.0
1,1,3,2.9758179278431864,3.5797827636611883,2.211029811842665,17.843649732730196,26.826999484561092,0.0
1,1,4,3.064819629955351,3.6961476438203,2.328723950743468,17.843649732730196,26.826999484561092,0.0
1,1,5,3.441290060993045,4.188362236929331,2.853913569921233,17.843649732730196,26.826999484561092,0.0
1,1,6,2.6505121780372654,2.9228729958811224,1.7087767922614994,17.843649732730196,26.826999484561092,0.0
1,1,7,3.085235827860049,3.7228407110999666,2.3560747002839117,17.843649732730196,26.826999484561092,0.0
1,1,8,2.894948698133445,3.474050648427322,2.1062734120232736,17.843649732730196,26.826999484561092,0.0
1,1,9,2.8302693741412326,2.650512178037266,1.7039121760752511,17.843649732730196,26.826999484561092,0.0
1,2,0,4.888460368534291,6.809101328810163,3.647477840622368,29.084413652132547,39.39229528785404,0.2
1,2,1,5.405882662084131,7.383832860524741,4.088017168824264,29.084413652132547,39.39229528785404,0.2
1,2,2,4.875217635125087,6.675964364669085,3.5918594185827253,29.084413652132547,39.39229528785404,0.2
1,2,3,4.472857164707106,6.1874930530206065,3.243061873345513,29.084413652132547,39.39229528785404,0.2
1,2,4,4.7109494190977275,6.466314201845581,3.4447146702755225,29.084413652132547,39.39229528785404,0.2
1,2,5,5.773394682561331,7.852799064498528,4.431257537722991,29.084413652132547,39.39229528785404,0.2
1,2,6,3.4568120597986542,4.656531039660857,2.3673481269186665,29.084413652132547,39.39229528785404,0.2
1,2,7,4.766279290900826,6.597371120174479,3.516710176572006,29.084413652132547,39.39229528785404,0.2
1,2,8,4.260937627950345,4.120571967700919,2.3735571670008535,29.084413652132547,39.39229528785404,0.2
1,2,9,3.4469710647810086,5.307403393616038,2.770344716305974,29.084413652132547,39.39229528785404,0.2
1,3,0,7.378755051222757,10.307255286666297,4.875620865665029,42.97422656205436,51.723729953416196,0.2
1,3,1,8.269954925565889,11.294123796803767,5.504427950966429,42.97422656205436,51.723729953416196,0.2
1,3,2,7.2662403957544095,9.9988844805106,4.765688029932366,42.97422656205436,51.723729953416196,0.2
1,3,3,6.560631818750957,5.720013837875765,3.069537073390166,42.97422656205436,51.723729953416196,0.2
1,3,4,6.968570306373575,9.627611273114566,4.5515202049425065,42.97422656205436,51.723729953416196,0.2
1,3,5,8.964321475949891,12.158553615977654,6.017653701972845,42.97422656205436,51.723729953416196,0.2
1,3,6,4.789085146716961,6.561739111607472,3.0097584823130865,42.97422656205436,51.723729953416196,0.2
1,3,7,7.114215387430428,9.895742813519774,4.670795115866022,42.97422656205436,51.723729953416196,0.2
1,3,8,4.801645877137153,7.4802135383693305,3.603041303361833,42.97422656205436,51.723729953416196,0.2
1,3,9,5.60433701376045,8.435410030515474,3.8316927919492,42.97422656205436,51.723729953416196,0.2
1,4,0,9.86325720466456,11.757111998926634,5.346139204464891,52.45365527220745,56.45675815839192,0.2
1,4,1,11.135317970939338,13.135819451032656,6.118365680600949,52.45365527220745,56.45675815839192,0.2
1,4,2,9.640865869500416,11.516904735143676,5.261318168987556,52.45365527220745,56.45675815839192,0.2
1,4,3,6.209595554754227,8.434805505660803,4.028538128934831,52.45365527220745,56.45675815839192,0.2
1,4,4,9.207609797906663,11.045433477546736,5.010965668958118,52.45365527220745,56.45675815839192,0.2
1,4,5,12.173560632890648,14.255032065939364,6.726475904278287,52.45365527220745,56.45675815839192,0.2
1,4,6,6.088664982962262,6.284733007892357,2.9202441211105397,52.45365527220745,56.45675815839192,0.2
1,4,7,9.448899913958709,11.306725538023795,5.127583398564257,52.45365527220745,56.45675815839192,0.2
1,4,8,7.288861064721093,9.174461010766619,4.156577047377085,52.45365527220745,56.45675815839192,0.2
1,4,9,7.751417219989128,6.979888283342876,3.3559097561929874,52.45365527220745,56.45675815839192,0.2
1,5,0,10.815103856190762,10.889518880249836,5.0668248129912845,52.18409661326518,51.71768746244447,0.2
1,5,1,12.377298408277369,12.48946640831052,5.906036543302771,52.18409661326518,51.71768746244447,0.2
1,5,2,10.643513055279536,10.970138241604804,5.08519948049583,52.18409661326518,51.71768746244447,0.2
1,5,3,8.149630338220035,8.949922614321759,4.199218021709271,52.18409661326518,51.71768746244447,0.2
1,5,4,10.137056304917687,10.503177226849443,4.837466581413366,52.18409661326518,51.71768746244447,0.2
1,5,5,13.6074899490418,13.600694649631235,6.508825300136135,52.18409661326518,51.71768746244447,0.2
1,5,6,5.907579703286494,6.717880957101492,3.0597150889050977,52.18409661326518,51.71768746244447,0.2
1,5,7,10.37297101063845,4.887372823198317,2.850557241130261,52.18409661326518,51.71768746244447,0.2
1,5,8,8.40864981893816,5.894406324203978,3.0495621777900874,52.18409661326518,51.71768746244447,0.2
1,5,9,6.788920220206609,7.42453988948888,3.5041688527919788,52.18409661326518,51.71768746244447,0.2
1,6,0,10.250057934866282,9.574255740727398,4.630238063656108,46.75835286872651,47.587631603697304,0.2
1,6,1,11.947761955194114,11.204468066628829,5.473804484587786,46.75835286872651,47.587631603697304,0.2
1,6,2,10.287229420640289,9.837958103129852,4.7118667661663265,46.75835286872651,47.587631603697304,0.2
1,6,3,8.49491142723048,8.334990263243,3.995107734550199,46.75835286872651,47.587631603697304,0.2
1,6,4,9.786072056474676,4.681956278733929,2.7478475843325243,46.75835286872651,47.587631603697304,0.2
1,6,5,13.167188303661124,12.243814972398345,6.047161708976726,46.75835286872651,47.587631603697304,0.2
1,6,6,6.1897259295504545,5.5053692570513855,2.661759991431759,46.75835286872651,47.587631603697304,0.2
1,6,7,5.7666049146444065,6.751930044111431,3.574180585437287,46.75835286872651,47.587631603697304,0.2
1,6,8,6.169186848177526,6.585537542770719,3.2956668568221827,46.75835286872651,47.587631603697304,0.2
1,6,9,7.0888446078850995,6.735003535823057,3.2730513827663255,46.75835286872651,47.587631603697304,0.2
1,7,0,9.36685402720274,10.613391613454336,4.976542720119304,46.257959424431895,50.066200860245814,0.2
1,7,1,11.07336747607662,12.324828109101809,5.851430088303222,46.257959424431895,50.066200860245814,0.2
1,7,2,9.531986819584354,5.04134748540666,2.950816252770578,46.257959424431895,50.066200860245814,0.2
1,7,3,8.082001499277485,6.031644159105785,3.1856636935185483,46.257959424431895,50.066200860245814,0.2
1,7,4,5.558825887047535,7.865001420232123,3.9507782663473283,46.257959424431895,50.066200860245814,0.2
1,7,5,12.23325458176307,13.46645992081924,6.463790349229474,46.257959424431895,50.066200860245814,0.2
1,7,6,5.384672872630388,6.817802118490599,3.0915014177989257,46.257959424431895,50.066200860245814,0.2
1,7,7,7.230476565219563,8.976865652994809,4.362789362979092,46.257959424431895,50.066200860245814,0.2
1,7,8,6.667050364526614,8.189258403838455,3.8388456100050687,46.257959424431895,50.066200860245814,0.2
1,7,9,6.621299834786046,7.934956489559212,3.6711111040873905,46.257959424431895,50.066200860245814,0.2
1,8,0,10.06741955351825,6.689043547889974,3.602339336516948,53.35548316164027,58.79168542380128,0.2
1,8,1,11.837294483351013,15.266284921356252,6.797179912981058,53.35548316164027,58.79168542380128,0.2
1,8,2,5.969426349317019,9.595456919967766,4.630261143577629,53.35548316164027,58.79168542380128,0.2
1,8,3,6.444516758472224,9.677528303315212,4.435371919190063,53.35548316164027,58.79168542380128,0.2
1,8,4,7.992324110760674,11.15328106095902,5.04516465795105,53.35548316164027,58.79168542380128,0.2
1,8,5,13.076083741548858,16.699019298184503,7.514386488280268,53.35548316164027,58.79168542380128,0.2
1,8,6,6.254028865752842,7.843799714515308,3.4102555362046494,53.35548316164027,58.79168542380128,0.2
1,8,7,8.825812097054435,12.036176309386022,5.3569663237918785,53.35548316164027,58.79168542380128,0.2
1,8,8,7.7658871892847365,10.782974376502906,4.654215035163933,53.35548316164027,58.79168542380128,0.2
1,8,9,7.426564543093352,10.617128639432975,4.501127335512153,53.35548316164027,58.79168542380128,0.2
1,9,0,7.287441003618925,12.428008595723549,5.557902010436636,64.60828930449382,68.71086345364428,0.2
1,9,1,13.750522363261554,18.76286678850271,7.852805619070671,64.60828930449382,68.71086345364428,0.2
1,9,2,9.36690071729791,13.955586670166749,6.018429705965316,64.60828930449382,68.71086345364428,0.2
1,9,3,8.972644765181345,13.276885677932707,5.534294661572163,64.60828930449382,68.71086345364428,0.2
1,9,4,10.206239991235915,14.58855908262738,6.088385896275414,64.60828930449382,68.71086345364428,0.2
1,9,5,15.201413053074829,20.53406219876502,8.68444887885317,64.60828930449382,68.71086345364428,0.2
1,9,6,6.898860353168532,10.887979735320876,4.2902390182874175,64.60828930449382,68.71086345364428,0.2
1,9,7,10.83700684365636,15.41060670481449,6.3686994391272895,64.60828930449382,68.71086345364428,0.2
1,9,8,9.41535883171615,9.685027619848062,4.317178922454182,64.60828930449382,68.71086345364428,0.2
1,9,9,9.10566630267452,8.456356694350164,3.8383506689263083,64.60828930449382,68.71086345364428,0.2
1,10,0,11.243494635381484,15.197755953180314,6.398459576263489,71.54256515026118,71.23635382209217,0.2
1,10,1,15.886026361191329,19.66175711127668,8.11429961312749,71.54256515026118,71.23635382209217,0.2
1,10,2,12.175130469262356,15.822967020787573,6.571447909445432,71.54256515026118,71.23635382209217,0.2
1,10,3,11.195737568089752,14.593780395549118,5.913061448789598,71.54256515026118,71.23635382209217,0.2
1,10,4,12.316650065863074,15.770532932381009,6.429629545433901,71.54256515026118,71.23635382209217,0.2
1,10,5,17.568419557825084,21.53685425484788,8.979195764530592,71.54256515026118,71.23635382209217,0.2
1,10,6,8.679044592013113,9.938035290183384,4.024655852155576,71.54256515026118,71.23635382209217,0.2
1,10,7,12.883717245054353,8.577412312221647,4.225969307376866,71.54256515026118,71.23635382209217,0.2
1,10,8,8.73354333405785,12.470322718767122,5.152806434248484,71.54256515026118,71.23635382209217,0.2
1,10,9,7.764885936050437,11.742119620712062,4.829908394235293,71.54256515026118,71.23635382209217,0.2
1,11,0,12.94392124678212,13.538977985275611,5.901194399534136,67.3609457878919,63.713925178198465,0.2
1,11,1,16.415022071054757,16.70032417851589,7.238071050258191,67.3609457878919,63.713925178198465,0.2
1,11,2,13.293872252118746,13.968553962318152,6.022343715858329,67.3609457878919,63.713925178198465,0.2
1,11,3,11.961973160610633,7.131056177607858,3.5818106870461492,67.3609457878919,63.713925178198465,0.2
1,11,4,13.00697730291525,13.61587610854227,5.801301088389584,67.3609457878919,63.713925178198465,0.2
1,11,5,18.164685023046765,18.32559838375012,8.019560479295608,67.3609457878919,63.713925178198465,0.2
1,11,6,8.141776590878205,8.270053754491123,3.5389482198636206,67.3609457878919,63.713925178198465,0.2
1,11,7,8.549028598840986,10.54467124758141,4.883150039821918,67.3609457878919,63.713925178198465,0.2
1,11,8,10.423996571339432,11.187113745718797,4.775645499313915,67.3609457878919,63.713925178198465,0.2
1,11,9,9.770782035738382,10.326392180660045,4.414488339464275,67.3609457878919,63.713925178198465,0.2
1,12,0,11.937966421306657,11.072469976808762,5.126263925822493,57.34259505828818,54.28317068733172,0.2
1,12,1,14.642433938430411,13.477853845828708,6.229453245447784,57.34259505828818,54.28317068733172,0.2
1,12,2,12.18304841188752,11.52436078520507,5.263702263576416,57.34259505828818,54.28317068733172,0.2
1,12,3,7.245912067023222,8.018489850297795,3.888299738686196,57.34259505828818,54.28317068733172,0.2
1,12,4,11.735884789450749,11.112059956596386,5.032105010740018,57.34259505828818,54.28317068733172,0.2
1,12,5,16.223367209022427,14.802556707530313,6.9063019986821885,57.34259505828818,54.28317068733172,0.2
1,12,6,7.159202384319026,7.05793089825444,3.1673244770274604,57.34259505828818,54.28317068733172,0.2
1,12,7,9.878488532795727,9.768166079368196,4.628561750551514,57.34259505828818,54.28317068733172,0.2
1,12,8,9.661009577209402,5.525561892512369,2.9146939335568014,57.34259505828818,54.28317068733172,0.2
1,12,9,8.930397813692538,6.373728428469165,3.149139012915061,57.34259505828818,54.28317068733172,0.2
1,13,0,10.370301750787217,10.832091845398725,5.048105675894571,51.37048275792999,52.675456601109936,0.2
1,13,1,12.60202573111746,12.947956436751305,6.056981839322239,51.37048275792999,52.675456601109936,0.2
1,13,2,10.648336018093518,11.181236386976437,5.1535014676854285,51.37048275792999,52.675456601109936,0.2
1,13,3,7.865931635818625,8.851626699436839,4.166880930202437,51.37048275792999,52.675456601109936,0.2
1,13,4,10.179820656551447,5.230875241085204,2.9695835286280414,51.37048275792999,52.675456601109936,0.2
1,13,5,13.97127357169927,14.21524791766909,6.713329424159372,51.37048275792999,52.675456601109936,0.2
1,13,6,6.407416989198233,6.178649357116026,2.88565136690896,51.37048275792999,52.675456601109936,0.2
1,13,7,9.363462888358741,10.078826932697147,4.731119624491579,51.37048275792999,52.675456601109936,0.2
1,13,8,5.89635181480112,7.320407126335825,3.548984545350314,51.37048275792999,52.675456601109936,0.2
1,13,9,6.370628257082097,7.309198284981258,3.4659729115574347,51.37048275792999,52.675456601109936,0.2
1,14,0,10.21218959585443,13.756228707618831,5.967320657061917,54.888705652467806,59.03632312346498,0.2
1,14,1,12.253120456089603,6.397295658137717,3.697540219194208,54.888705652467806,59.03632312346498,0.2
1,14,2,10.425402606333396,7.841204195343861,4.020013006108752,54.888705652467806,59.03632312346498,0.2
1,14,3,8.42949431224749,11.797727780489003,5.095112612345639,54.888705652467806,59.03632312346498,0.2
1,14,4,6.007392071819481,10.329254520247346,4.781253577520452,54.888705652467806,59.03632312346498,0.2
1,14,5,13.580894953589631,17.3625564390499,7.722171119178235,54.888705652467806,59.03632312346498,0.2
1,14,6,5.837599439950045,9.093231167807302,3.7819966332092028,54.888705652467806,59.03632312346498,0.2
1,14,7,9.570934863088764,13.045090650268635,5.66747885684754,54.888705652467806,59.03632312346498,0.2
1,14,8,7.1795056159263275,10.704747337763603,4.630553842294598,54.888705652467806,59.03632312346498,0.2
1,14,9,7.0115751886766455,10.576516222917727,4.48906807653882,54.888705652467806,59.03632312346498,0.2
1,15,0,12.071738161142179,16.752271881482834,6.849855390891079,64.88450471739333,69.29385777600669,0.2
1,15,1,7.480029971840276,12.673459545569216,5.9668076634729585,64.88450471739333,69.29385777600669,0.2
1,15,2,8.13238423122121,12.652934825680633,5.619444850317368,64.88450471739333,69.29385777600669,0.2
1,15,3,10.30728343464843,8.875150581795822,4.174629509435777,64.88450471739333,69.29385777600669,0.2
1,15,4,9.672354577015371,13.91602306887104,5.890526176282958,64.88450471739333,69.29385777600669,0.2
1,15,5,15.621756085109046,20.815289937096296,8.767536387644672,64.88450471739333,69.29385777600669,0.2
1,15,6,7.650883152792011,10.075740089224798,4.063612099993965,64.88450471739333,69.29385777600669,0.2
1,15,7,11.46516581318734,15.883039615196722,6.50474792204238,64.88450471739333,69.29385777600669,0.2
1,15,8,9.367492839369842,13.523340350418996,5.453662126677509,64.88450471739333,69.29385777600669,0.2
1,15,9,9.081270727992072,13.583951525525967,5.3485323850541535,64.88450471739333,69.29385777600669,0.2
1,16,0,13.857083517485819,18.36151839028037,7.304084998789619,73.79995308693809,74.00656887980426,0.2
1,16,1,12.070700388138157,17.146376791293783,7.372861318263285,73.79995308693809,74.00656887980426,0.2
1,16,2,11.36799423770369,15.883125845476016,6.588927175333151,73.79995308693809,74.00656887980426,0.2
1,16,3,8.445169491276966,13.08596095995668,5.478464624836015,73.79995308693809,74.00656887980426,0.2
1,16,4,11.916384876567575,16.16834931078442,6.542737111266139,73.79995308693809,74.00656887980426,0.2
1,16,5,17.73650347827029,22.70468869512179,9.317314132740776,73.79995308693809,74.00656887980426,0.2
1,16,6,8.220584091039782,12.03497909919908,4.60182515622911,73.79995308693809,74.00656887980426,0.2
1,16,7,13.158939871314265,17.46849116785129,6.952735594391309,73.79995308693809,74.00656887980426,0.2
1,16,8,11.032619997498752,9.440428422316709,4.240564137345893,73.79995308693809,74.00656887980426,0.2
1,16,9,10.819945199752835,10.740656176365448,4.537722292965951,73.79995308693809,74.00656887980426,0.2
1,17,0,14.77597848001817,8.059058571642614,4.104202897464906,71.87589521625455,67.92284591783167,0.2
1,17,1,14.915111227877233,16.95590319520548,7.315433398264105,71.87589521625455,67.92284591783167,0.2
1,17,2,13.329232363158834,15.238394487510915,6.400545249823843,71.87589521625455,67.92284591783167,0.2
1,17,3,11.082794821463905,13.144533508587608,5.495618185601319,71.87589521625455,67.92284591783167,0.2
1,17,4,13.235791036454952,14.987016600989719,6.20431906834722,71.87589521625455,67.92284591783167,0.2
1,17,5,18.84868989610074,20.369036088927427,8.635533755793812,71.87589521625455,67.92284591783167,0.2
1,17,6,9.309375436966503,9.371145169834124,3.8625422376905587,71.87589521625455,67.92284591783167,0.2
1,17,7,14.065207556731142,15.610727775370416,6.426479743565092,71.87589521625455,67.92284591783167,0.2
1,17,8,8.578553569262002,11.192904569148949,4.777375788429285,71.87589521625455,67.92284591783167,0.2
1,17,9,9.179696972348285,11.193995555274974,4.6709577035546594,71.87589521625455,67.92284591783167,0.2
1,18,0,8.302698243601917,9.344009752954067,4.55200889758678,61.39276054715918,57.33811874595406,0.2
1,18,1,14.798936003985299,14.056750714450677,6.415564431430576,61.39276054715918,57.33811874595406,0.2
1,18,2,12.948140511433234,12.488889382596915,5.568345791687855,61.39276054715918,57.33811874595406,0.2
1,18,3,11.117496039311973,10.884670650350749,4.815768839935619,61.39276054715918,57.33811874595406,0.2
1,18,4,12.551179929074843,12.09486592687237,5.339667730573329,61.39276054715918,57.33811874595406,0.2
1,18,5,17.469465505977077,16.175836973671682,7.348802650197048,61.39276054715918,57.33811874595406,0.2
1,18,6,7.813824865364331,7.217309581955143,3.2172225919589676,61.39276054715918,57.33811874595406,0.2
1,18,7,13.000605333717527,6.099619852750315,3.3288089937503047,61.39276054715918,57.33811874595406,0.2
1,18,8,9.664509908152587,9.58645478611618,4.286374013778143,61.39276054715918,57.33811874595406,0.2
1,18,9,9.449228824724234,8.918935675660917,3.9841480269843914,61.39276054715918,57.33811874595406,0.2
1,19,0,9.208598410716663,9.803848748156065,4.7076853267125065,53.03209915274491,52.871273801912324,0.2
1,19,1,12.978523934441778,12.929451980108183,6.050921142395331,53.03209915274491,52.871273801912324,0.2
1,19,2,11.264622139653902,11.413763333893666,5.228290711024243,53.03209915274491,52.871273801912324,0.2
1,19,3,9.742178076435657,10.016930706355149,4.543695260342462,53.03209915274491,52.871273801912324,0.2
1,19,4,10.802012228838182,5.3930377700399434,3.0337299252689114,53.03209915274491,52.871273801912324,0.2
1,19,5,14.866441153300674,14.537862091193535,6.819620900728505,53.03209915274491,52.871273801912324,0.2
1,19,6,6.508359608642503,7.059440154924675,3.167798568746613,53.03209915274491,52.871273801912324,0.2
1,19,7,6.734096065954361,8.26803888723901,4.118686109656762,53.03209915274491,52.871273801912324,0.2
1,19,8,8.671225786034862,8.991720195069501,4.098447652035973,53.03209915274491,52.871273801912324,0.2
1,19,9,8.059830289171565,6.395624735658533,3.156708102981574,53.03209915274491,52.871273801912324,0.2
1,20,0,9.523527873748513,9.818544458020748,4.712623903782225,53.66369370078798,52.871273801912324,0.2
1,20,1,12.240859820105666,12.586285317436525,5.938048105381438,53.66369370078798,52.871273801912324,0.2
1,20,2,10.576699346485556,10.867568845860275,5.051870435379904,53.66369370078798,52.871273801912324,0.2
1,20,3,9.191780133679487,9.453905312156731,4.363377634517134,53.66369370078798,52.871273801912324,0.2
1,20,4,6.137158603355364,6.306356266789046,3.384842329826856,53.66369370078798,52.871273801912324,0.2
1,20,5,13.795919911630936,14.18435505711928,6.703113412795913,53.66369370078798,52.871273801912324,0.2
1,20,6,6.408376064707474,6.62754535011766,3.0308557791662083,53.66369370078798,52.871273801912324,0.2
1,20,7,8.331997414094028,8.576942814940262,4.225807385794505,53.66369370078798,52.871273801912324,0.2
1,20,8,8.291055528242055,8.552431738748364,3.957238039454387,53.66369370078798,52.871273801912324,0.2
1,20,9,6.38594033408485,6.62895962428796,3.2368912249182302,53.66369370078798,52.871273801912324,0.2
2,0,0,2.0,2.0,1.426137887343949,17.665687044433238,17.665687044433238,0.0
2,0,1,2.0,2.0,1.5357453146536675,17.665687044433238,17.665687044433238,0.0
2,0,2,2.0,2.0,1.3341222046370014,17.665687044433238,17.665687044433238,0.0
2,0,3,2.0,2.0,1.3850337577936926,17.665687044433238,17.665687044433238,0.0
2,0,4,2.0,2.0,2.14865982748892,17.665687044433238,17.665687044433238,0.0
2,0,5,2.0,2.0,1.8168713915536903,17.665687044433238,17.665687044433238,0.0
2,0,6,2.0,2.0,1.3243135942895117,17.665687044433238,17.665687044433238,0.0
2,0,7,2.0,2.0,1.4023655740531586,17.665687044433238,17.665687044433238,0.0
2,0,8,2.0,2.0,1.6259680328767712,17.665687044433238,17.665687044433238,0.0
2,0,9,2.0,2.0,1.3933161125906723,17.665687044433238,17.665687044433238,0.0
2,1,0,2.885040732196403,3.4284916503821594,2.079757446774662,17.665687044433238,26.96339948820551,0.0
2,1,1,3.1067737743840205,3.714537048633484,2.3688168743003533,17.665687044433238,26.96339948820551,0.0
2,1,2,2.698895342633255,2.679052772970197,1.6370483389967379,17.665687044433238,26.96339948820551,0.0
2,1,3,2.8018881218728495,3.3212211177589133,1.9753670952802695,17.665687044433238,26.96339948820551,0.0
2,1,4,4.346684270119663,5.314076242474515,4.258396673171568,17.665687044433238,26.96339948820551,0.0
2,1,5,3.675484689322035,4.4481991972620705,3.1793046759311823,17.665687044433238,26.96339948820551,0.0
2,1,6,2.679052772970196,2.931950449803084,1.730929894945907,17.665687044433238,26.96339948820551,0.0
2,1,7,2.83694994605917,3.366452416458671,2.0191146559174586,17.665687044433238,26.96339948820551,0.0
2,1,8,3.289292042325075,3.9499936595483582,2.6182341609596453,17.665687044433238,26.96339948820551,0.0
2,1,9,2.818643115313414,3.342835797845021,1.9962236358759944,17.665687044433238,26.96339948820551,0.0
2,2,0,4.207296503571956,5.845399749552924,3.021415635778928,29.23229132031642,39.80877629931635,0.2
2,2,1,4.792056385374231,6.546715683932074,3.5222050739051745,29.23229132031642,39.80877629931635,0.2
2,2,2,3.3117072202437012,4.844144779829405,2.4781443253619,29.23229132031642,39.80877629931635,0.2
2,2,3,3.996117473281607,5.666588491067025,2.8712072000498727,29.23229132031642,39.80877629931635,0.2
2,2,4,8.614628336415997,11.247142071845856,7.197409187271634,29.23229132031642,39.80877629931635,0.2
2,2,5,6.4316526273674315,8.5772026877411,5.034370347087229,29.23229132031642,39.80877629931635,0.2
2,2,6,3.5016272239957695,4.393853774645451,2.297533010759551,29.23229132031642,39.80877629931635,0.2
2,2,7,4.084617677569415,5.744615992521784,2.935100301509717,29.23229132031642,39.80877629931635,0.2
2,2,8,5.296621222836136,7.209181948336555,3.989433191223519,29.23229132031642,39.80877629931635,0.2
2,2,9,4.038309725296901,3.8938494545123445,2.221232770387891,29.23229132031642,39.80877629931635,0.2
2,3,0,6.112247108413716,8.578962427820198,3.9522540828487545,43.4285780847211,52.45855064778113,0.2
2,3,1,7.125331425203572,9.781526020264886,4.665334978527227,43.4285780847211,52.45855064778113,0.2
2,3,2,5.013223042721229,5.351967759930222,2.6572600453886235,43.4285780847211,52.45855064778113,0.2
2,3,3,5.808379257174648,6.004247537179186,2.9899255455867637,43.4285780847211,52.45855064778113,0.2
2,3,4,14.560176022134751,18.73076426261565,10.28573937522596,43.4285780847211,52.45855064778113,0.2
2,3,5,10.184403374458201,13.494299831286858,6.913666694159387,43.4285780847211,52.45855064778113,0.2
2,3,6,4.647850939541387,6.948584990031736,3.166629854494092,43.4285780847211,52.45855064778113,0.2
2,3,7,5.937633378991239,8.438319172641059,3.841664272797172,43.4285780847211,52.45855064778113,0.2
2,3,8,8.070522042221214,10.986787530795317,5.357972918310654,43.4285780847211,52.45855064778113,0.2
2,3,9,4.493497490760507,6.9909442979624306,3.345829081734652,43.4285780847211,52.45855064778113,0.2
2,4,0,7.99530965006767,9.716668646474778,4.312237735859929,53.19884575680352,57.447559122440865,0.2
2,4,1,9.43785419477152,11.295297572291911,5.159725241766027,53.19884575680352,57.447559122440865,0.2
2,4,2,5.375569596052194,7.286429550326014,3.2978808029997264,53.19884575680352,57.447559122440865,0.2
2,4,3,6.04854345558241,8.005761062793544,3.6569683246358853,53.19884575680352,57.447559122440865,0.2
2,4,4,20.807789570438967,23.42183133186554,12.02766328617104,53.19884575680352,57.447559122440865,0.2
2,4,5,13.986172163638031,16.191841656252418,7.85435566430155,53.19884575680352,57.447559122440865,0.2
2,4,6,6.406011785451769,5.534041074454632,2.7002222089809877,53.19884575680352,57.447559122440865,0.2
2,4,7,7.771589272538895,6.233805955240111,3.1079036079822995,53.19884575680352,57.447559122440865,0.2
2,4,8,10.839043158807401,12.814155509247826,5.96724678437331,53.19884575680352,57.447559122440865,0.2
2,4,9,6.768527271755827,8.594795551803289,3.866282179596592,53.19884575680352,57.447559122440865,0.2
2,5,0,8.723547439049161,5.291739413968214,2.8181196974231115,53.09991351311956,53.41915288540845,0.2
2,5,1,10.437993143258234,10.483210515377879,4.897159136960356,53.09991351311956,53.41915288540845,0.2
2,5,2,6.671529121425078,7.09317964288186,3.2364081547889194,53.09991351311956,53.41915288540845,0.2
2,5,3,7.397954059390366,7.643413188088078,3.5403035280458943,53.09991351311956,53.41915288540845,0.2
2,5,4,24.331657409630157,23.144417740364485,11.927764303489074,53.09991351311956,53.41915288540845,0.2
2,5,5,15.889162063333119,15.49410218301063,7.61587277890715,53.09991351311956,53.41915288540845,0.2
2,5,6,5.4624809620619,6.306799565913061,2.958940011733808,53.09991351311956,53.41915288540845,0.2
2,5,7,6.28721007999321,7.064082924447767,3.392183185496651,53.09991351311956,53.41915288540845,0.2
2,5,8,12.071588718568975,11.922072905470952,5.673319567996921,53.09991351311956,53.41915288540845,0.2
2,5,9,7.8213906728719405,4.5852615953920814,2.490482789630416,53.09991351311956,53.41915288540845,0.2
2,6,0,5.700984587410959,6.067396907606403,3.1012887577519836,48.29666064203248,49.17052915075392,0.2
2,6,1,9.90682858057397,9.272206333219208,4.4939306197355755,48.29666064203248,49.17052915075392,0.2
2,6,2,6.5471715150687535,4.60455419559487,2.3916957279247453,48.29666064203248,49.17052915075392,0.2
2,6,3,7.161944138356442,4.0231202441654,2.2590896762013806,48.29666064203248,49.17052915075392,0.2
2,6,4,24.12956430439808,21.588874772993005,11.360767503959934,48.29666064203248,49.17052915075392,0.2
2,6,5,15.406717241972983,14.06197905109974,7.115996113788671,48.29666064203248,49.17052915075392,0.2
2,6,6,5.98586050741313,5.9056296142215485,2.8258960617014863,48.29666064203248,49.17052915075392,0.2
2,6,7,6.862300446597213,6.645689918999762,3.2502614475047937,48.29666064203248,49.17052915075392,0.2
2,6,8,11.476981423529438,10.572894083532667,5.215869574421311,48.29666064203248,49.17052915075392,0.2
2,6,9,5.038183442625978,5.5230038047178,2.8369481743055784,48.29666064203248,49.17052915075392,0.2
2,7,0,6.273828405948085,7.5379365156186875,3.6100835536956923,47.79662836081765,51.59899527367691,0.2
2,7,1,9.091107529404614,4.284866407969985,2.617907530603467,47.79662836081765,51.59899527367691,0.2
2,7,2,4.83833972529395,6.216867972837239,2.951037760145146,47.79662836081765,51.59899527367691,0.2
2,7,3,4.57008104992129,6.197281613518516,3.056892904252221,47.79662836081765,51.59899527367691,0.2
2,7,4,22.98254417669282,23.609829138434886,12.095161121566171,47.79662836081765,51.59899527367691,0.2
2,7,5,14.395479441799809,15.275321141564897,7.5404355835146335,47.79662836081765,51.59899527367691,0.2
2,7,6,5.716715974880997,5.172930099032156,2.5756418148979536,47.79662836081765,51.59899527367691,0.2
2,7,7,6.575196374456491,7.654717183850802,3.5883157365617318,47.79662836081765,51.59899527367691,0.2
2,7,8,10.551571702547582,11.500403992457285,5.532101933196276,47.79662836081765,51.59899527367691,0.2
2,7,9,5.739074118032926,7.027149007118352,3.35794884867521,47.79662836081765,51.59899527367691,0.2
2,8,0,7.303107358322721,9.8707710054511,4.359997842979655,54.98898011389289,60.67844188919224,0.2
2,8,1,5.295960457919708,8.448065432697828,4.210447827690566,54.98898011389289,60.67844188919224,0.2
2,8,2,5.969874453111035,5.93684509832254,2.85735116449095,54.98898011389289,60.67844188919224,0.2
2,8,3,6.184016721661382,8.829614110269997,3.9165039441572365,54.98898011389289,60.67844188919224,0.2
2,8,4,24.46820381666287,29.008588991222446,13.97060746855865,54.98898011389289,60.67844188919224,0.2
2,8,5,15.25410971126962,18.713504787625645,8.691841185822264,54.98898011389289,60.67844188919224,0.2
2,8,6,5.210457988300211,7.693604578127518,3.4006406604010695,54.98898011389289,60.67844188919224,0.2
2,8,7,7.25907161701061,6.683191818529877,3.263089557015755,54.98898011389289,60.67844188919224,0.2
2,8,8,11.191301734265254,14.199138277363751,6.411717778612851,54.98898011389289,60.67844188919224,0.2
2,8,9,6.793045252519496,9.345413030709476,4.099657848313098,54.98898011389289,60.67844188919224,0.2
2,9,0,8.820164922980602,6.975012514938918,3.41918039405033,66.68171357672524,70.33293025386561,0.2
2,9,1,8.517629039572325,12.808865655284217,5.634503739867601,66.68171357672524,70.33293025386561,0.2
2,9,2,5.780348849085075,9.569032768933754,3.9910047509256867,66.68171357672524,70.33293025386561,0.2
2,9,3,7.922988027297525,11.894784764319967,4.824907294726139,66.68171357672524,70.33293025386561,0.2
2,9,4,28.262184153444515,35.51493307667758,16.09660799088324,66.68171357672524,70.33293025386561,0.2
2,9,5,17.583374007110812,22.993558768705192,10.039856949303163,66.68171357672524,70.33293025386561,0.2
2,9,6,6.879409703568303,10.500162619060315,4.227728190463565,66.68171357672524,70.33293025386561,0.2
2,9,7,6.601147314253152,10.681285965309916,4.530819121020002,66.68171357672524,70.33293025386561,0.2
2,9,8,12.970742253469522,17.62910782936619,7.460230392675841,66.68171357672524,70.33293025386561,0.2
2,9,9,8.29350372458018,8.119031822467537,3.7151951660040665,66.68171357672524,70.33293025386561,0.2
2,10,0,6.916915113961546,10.433134088674063,4.532427574424614,73.23148032174933,72.93762269513465,0.2
2,10,1,11.398457988873629,14.59800400603403,6.174526188915252,73.23148032174933,72.93762269513465,0.2
2,10,2,8.073701267592105,10.834671925215874,4.3535711979237455,73.23148032174933,72.93762269513465,0.2
2,10,3,9.760664938424215,7.485917269555522,3.4890796033158824,73.23148032174933,72.93762269513465,0.2
2,10,4,32.56302922460417,37.3122634994609,16.662600587955566,73.23148032174933,72.93762269513465,0.2
2,10,5,20.31037566648632,24.06422342835112,10.364861075851861,73.23148032174933,72.93762269513465,0.2
2,10,6,8.552586774662082,8.534239330484338,3.6566653182978546,73.23148032174933,72.93762269513465,0.2
2,10,7,9.165732030793786,12.131221881248104,4.9530581559118785,73.23148032174933,72.93762269513465,0.2
2,10,8,15.091856646852088,18.393084161149694,7.685094224676457,73.23148032174933,72.93762269513465,0.2
2,10,9,7.515745480924789,10.728828765806242,4.51559810580334,73.23148032174933,72.93762269513465,0.2
2,11,0,9.168985891187877,10.150534293114346,4.44613609969267,68.96966204271098,65.47500126454024,0.2
2,11,1,12.490909690514162,13.086223842927996,5.719634055837223,68.96966204271098,65.47500126454024,0.2
2,11,2,8.80716398322421,7.100317409673956,3.238687537197303,68.96966204271098,65.47500126454024,0.2
2,11,3,7.058319439356068,8.488357558823509,3.8099206218293706,68.96966204271098,65.47500126454024,0.2
2,11,4,33.708017876239,32.718192409676675,15.198445783597238,68.96966204271098,65.47500126454024,0.2
2,11,5,20.96785076166887,20.904193221082433,9.392183679096938,68.96966204271098,65.47500126454024,0.2
2,11,6,7.3973410852627675,8.448168770275931,3.6308110380650103,68.96966204271098,65.47500126454024,0.2
2,11,7,10.019910876469854,6.200660762390069,3.0963270384333583,68.96966204271098,65.47500126454024,0.2
2,11,8,15.54675046902504,15.751521439318052,6.894722035521467,68.96966204271098,65.47500126454024,0.2
2,11,9,9.134940303517514,9.917623611717453,4.273798063606604,68.96966204271098,65.47500126454024,0.2
2,12,0,8.994420429003426,8.573336551012888,3.9504396492515172,58.92756526069672,56.45164640958148,0.2
2,12,1,11.570674456367193,10.781589763303767,4.994317686255884,58.92756526069672,56.45164640958148,0.2
2,12,2,6.551782647800587,6.6751615824638755,3.101686241118379,58.92756526069672,56.45164640958148,0.2
2,12,3,7.707372672697138,7.422575697922021,3.4683874531496635,58.92756526069672,56.45164640958148,0.2
2,12,4,30.746069886285575,27.08966613571432,13.317086601423282,58.92756526069672,56.45164640958148,0.2
2,12,5,19.000149087217864,17.101242131620857,8.160608603578973,58.92756526069672,56.45164640958148,0.2
2,12,6,7.345038532869117,5.662089359039561,2.7438068979869334,58.92756526069672,56.45164640958148,0.2
2,12,7,6.263790973759378,6.702734116732554,3.2697657434289953,58.92756526069672,56.45164640958148,0.2
2,12,8,13.947847600274981,12.679287126047704,5.923213564888444,58.92756526069672,56.45164640958148,0.2
2,12,9,8.645784958178771,4.924327820839074,2.6180113937952165,58.92756526069672,56.45164640958148,0.2
2,13,0,7.991639096974346,5.33782007482232,2.8352755461709367,53.422603945589685,54.77163689291465,0.2
2,13,1,10.103377858653072,10.473689437217093,4.894045318672605,53.422603945589685,54.77163689291465,0.2
2,13,2,6.274632504705012,4.699100218725899,2.4259671215005745,53.422603945589685,54.77163689291465,0.2
2,13,3,7.0164597450053,7.563442788039172,3.5143339663474227,53.422603945589685,54.77163689291465,0.2
2,13,4,26.940128034076352,26.057090634641483,12.959695981639937,53.422603945589685,54.77163689291465,0.2
2,13,5,16.50870398281453,16.420227971438713,7.931742694791834,53.422603945589685,54.77163689291465,0.2
2,13,6,5.550651681175499,6.422579620119532,2.9968602271523492,53.422603945589685,54.77163689291465,0.2
2,13,7,6.614653069838823,7.37890453524468,3.4973135390430317,53.422603945589685,54.77163689291465,0.2
2,13,8,11.982510633686049,12.170322630883204,5.755757259817875,53.422603945589685,54.77163689291465,0.2
2,13,9,5.2961705705192195,6.502205536664168,3.180322398699803,53.422603945589685,54.77163689291465,0.2
2,14,0,5.73569043378957,8.773939114425305,4.014918669371561,57.07296053045872,60.8733380063934,0.2
2,14,1,9.900529405246994,6.231219166478925,3.402509298449761,57.07296053045872,60.8733380063934,0.2
2,14,2,4.907669884244811,7.77104693921499,3.449930038492397,57.07296053045872,60.8733380063934,0.2
2,14,3,7.109408374485169,5.338429864140215,2.753777458980245,57.07296053045872,60.8733380063934,0.2
2,14,4,26.217135885469897,30.315135983006186,14.408153663498128,57.07296053045872,60.8733380063934,0.2
2,14,5,16.045714060927125,19.340718139727027,8.894755336864812,57.07296053045872,60.8733380063934,0.2
2,14,6,6.062572140297313,8.588625966013009,3.6729618964973745,57.07296053045872,60.8733380063934,0.2
2,14,7,7.074976482247871,9.76444116683964,4.254939801474339,57.07296053045872,60.8733380063934,0.2
2,14,8,11.643750780744014,14.593850675947841,6.535968263831569,57.07296053045872,60.8733380063934,0.2
2,14,9,6.433711454685329,9.189374962195304,4.051621279262084,57.07296053045872,60.8733380063934,0.2
2,15,0,8.122078517362295,11.876489430375052,4.962747523486028,66.90349564587675,70.32500496362012,0.2
2,15,1,6.883189910890506,11.150501008177581,5.113335265140213,66.90349564587675,70.32500496362012,0.2
2,15,2,6.979120863842535,10.456598711137586,4.246664235112051,66.90349564587675,70.32500496362012,0.2
2,15,3,5.570821872882645,9.601627481625975,4.153180042968172,66.90349564587675,70.32500496362012,0.2
2,15,4,29.14732899520237,36.31586420337457,16.34986366340838,66.90349564587675,70.32500496362012,0.2
2,15,5,17.993864182073548,23.26886034014795,10.123851559078474,66.90349564587675,70.32500496362012,0.2
2,15,6,7.430308649141602,7.850211603521355,3.4489491756388793,66.90349564587675,70.32500496362012,0.2
2,15,7,8.607635172752799,6.803410749050468,3.3040676382494096,66.90349564587675,70.32500496362012,0.2
2,15,8,13.222097829976068,17.73539556866526,7.491686950699349,66.90349564587675,70.32500496362012,0.2
2,15,9,8.196326965181937,11.907569135415098,4.857410873206857,66.90349564587675,70.32500496362012,0.2
2,16,0,10.039512221030375,13.5093279143629,5.431054253186446,74.89815452230323,75.00136182133367,0.2
2,16,1,10.344147398524273,14.257760446129694,6.073431275620363,74.89815452230323,75.00136182133367,0.2
2,16,2,8.590893912143237,8.739068332818096,3.74541728270951,74.89815452230323,75.00136182133367,0.2
2,16,3,8.40177776527902,12.016026850257525,4.8592806740418455,74.89815452230323,75.00136182133367,0.2
2,16,4,33.075359019204605,39.258014047870496,17.266189194838297,74.89815452230323,75.00136182133367,0.2
2,16,5,20.480294629187764,25.183403490439566,10.699987893248249,74.89815452230323,75.00136182133367,0.2
2,16,6,6.977136603196907,10.400303541376047,4.199543174699435,74.89815452230323,75.00136182133367,0.2
2,16,7,6.684044932032962,10.66580429656101,4.52622117928581,74.89815452230323,75.00136182133367,0.2
2,16,8,15.155492464957685,19.232614317823646,7.9289892998245755,74.89815452230323,75.00136182133367,0.2
2,16,9,9.826418852327773,7.613530736921095,3.5517217614307133,74.89815452230323,75.00136182133367,0.2
2,17,0,10.98688484350776,7.615153116915479,3.6359304628842475,72.84204773905779,69.39000398018297,0.2
2,17,1,12.286397248020391,13.785159728173271,5.931799511240078,72.84204773905779,69.39000398018297,0.2
2,17,2,7.576884055590092,9.300754755528525,3.912346852393344,72.84204773905779,69.39000398018297,0.2
2,17,3,9.830201411937125,11.076783513675311,4.590171680863566,72.84204773905779,69.39000398018297,0.2
2,17,4,34.9290623010453,35.556799491628134,16.109888368327915,72.84204773905779,69.39000398018297,0.2
2,17,5,21.645803803390947,22.694566335454905,9.948291710170707,72.84204773905779,69.39000398018297,0.2
2,17,6,8.495569203472977,6.750421812027323,3.103140776454572,72.84204773905779,69.39000398018297,0.2
2,17,7,9.156430511420986,10.718297919508084,4.5418033046739605,72.84204773905779,69.39000398018297,0.2
2,17,8,16.040144012825284,17.155105849496806,7.319246731134651,72.84204773905779,69.39000398018297,0.2
2,17,9,7.185042934550883,9.390180594475543,4.113395075662259,72.84204773905779,69.39000398018297,0.2
2,18,0,7.355394999280946,7.823764988820584,3.7053699772272295,62.71886640137694,58.89705721589527,0.2
2,18,1,11.999879785132583,11.360390823268759,5.180521646318718,62.71886640137694,58.89705721589527,0.2
2,18,2,7.914578336220146,4.996924520998359,2.532599799201819,62.71886640137694,58.89705721589527,0.2
2,18,3,9.28580075221855,5.676256997260892,2.8746355819679823,62.71886640137694,58.89705721589527,0.2
2,18,4,32.5898950909463,28.968732550512883,13.957168226158913,62.71886640137694,58.89705721589527,0.2
2,18,5,20.125141512836258,18.287546710355137,8.552872609673463,62.71886640137694,58.89705721589527,0.2
2,18,6,6.277574992755135,6.7282749698385675,3.0960106965790666,62.71886640137694,58.89705721589527,0.2
2,18,7,9.187952755404513,8.752315505979015,3.94118045491554,62.71886640137694,58.89705721589527,0.2
2,18,8,14.806650279550503,13.593294698409558,6.218967950065925,62.71886640137694,58.89705721589527,0.2
2,18,9,8.321293786678302,8.20580462695086,3.7429453253365934,62.71886640137694,58.89705721589527,0.2
2,19,0,7.495869373520135,7.898297393212828,3.730044028959716,54.47396333174336,54.18013845423211,0.2
2,19,1,10.480063741585505,10.426923228121435,4.878738327063463,54.47396333174336,54.18013845423211,0.2
2,19,2,5.123385083512263,6.056916129274777,2.89768189639905,54.47396333174336,54.18013845423211,0.2
2,19,3,5.815314786738128,6.561140707106642,3.181448575922833,54.47396333174336,54.18013845423211,0.2
2,19,4,28.23499690733235,26.231028492096485,13.02019206081759,54.47396333174336,54.18013845423211,0.2
2,19,5,17.302244106388994,16.505834694724037,7.960666561612948,54.47396333174336,54.18013845423211,0.2
2,19,6,6.2631510222210105,6.6932711557784685,3.084726992847432,54.47396333174336,54.18013845423211,0.2
2,19,7,7.972907981951264,5.0201070438785855,2.670787465753366,54.47396333174336,54.18013845423211,0.2
2,19,8,12.580814244812922,12.214963404303493,5.7705276338582365,54.47396333174336,54.18013845423211,0.2
2,19,9,7.571883348595063,4.319622862299804,2.3885852394516833,54.47396333174336,54.18013845423211,0.2
2,20,0,7.545784353627087,7.771529987525745,3.688035473692952,54.99217525129937,54.18013845423211,0.2
2,20,1,9.869563749911935,10.146154942457331,4.786402814109004,54.99217525129937,54.18013845423211,0.2
2,20,2,5.861936895617422,6.045470150181448,2.893847709096437,54.99217525129937,54.18013845423211,0.2
2,20,3,6.435989682610516,6.6514406069461085,3.2120357028789464,54.99217525129937,54.18013845423211,0.2
2,20,4,26.339517917470157,27.011710387238733,13.29024926467767,54.99217525129937,54.18013845423211,0.2
2,20,5,16.104226309042875,16.53169027115063,7.969393506207392,54.99217525129937,54.18013845423211,0.2
2,20,6,6.240324376098854,6.438786887925173,3.0021519927405933,54.99217525129937,54.18013845423211,0.2
2,20,7,5.402935223948464,5.576101424274722,2.8745621987534022,54.99217525129937,54.18013845423211,0.2
2,20,8,11.673630872363756,12.005534942240901,5.701092234701177,54.99217525129937,54.18013845423211,0.2
2,20,9,4.832047286097538,4.984207660479043,2.6402554774702405,54.99217525129937,54.18013845423211,0.2
3,0,0,2.0,2.0,1.3342812965640238,17.890682267470943,17.890682267470943,0.0
3,0,1,2.0,2.0,1.2982238792412446,17.890682267470943,17.890682267470943,0.0
3,0,2,2.0,2.0,1.4086557782357776,17.890682267470943,17.890682267470943,0.0
3,0,3,2.0,2.0,1.7400236764282864,17.890682267470943,17.890682267470943,0.0
3,0,4,2.0,2.0,1.705034332169475,17.890682267470943,17.890682267470943,0.0
3,0,5,2.0,2.0,1.3164912828491115,17.890682267470943,17.890682267470943,0.0
3,0,6,2.0,2.0,1.810182835262808,17.890682267470943,17.890682267470943,0.0
3,0,7,2.0,2.0,1.465183488200889,17.890682267470943,17.890682267470943,0.0
3,0,8,2.0,2.0,1.5446708131968991,17.890682267470943,17.890682267470943,0.0
3,0,9,2.0,2.0,1.8556767468354323,17.890682267470943,17.890682267470943,0.0
3,1,0,2.699217181561803,3.1746591792325156,1.8438024033961833,17.890682267470943,27.324955773999637,0.0
3,1,1,2.6262739419233387,2.8646034637361093,1.669451301780363,17.890682267470943,27.324955773999637,0.0
3,1,2,2.849674869393537,3.3674982786511034,2.028612287752969,17.890682267470943,27.324955773999637,0.0
3,1,3,3.5200237130163505,4.22667316803984,2.9378744181578202,17.890682267470943,27.324955773999637,0.0
3,1,4,3.449241158064728,4.1359523524529145,2.8354043423249493,17.890682267470943,27.324955773999637,0.0
3,1,5,2.6632284355581173,2.626273941923339,1.5930705456909307,17.890682267470943,27.324955773999637,0.0
3,1,6,3.6619539097880005,4.408582724940359,3.147826170210226,17.890682267470943,27.324955773999637,0.0
3,1,7,2.9640289912455695,3.5140640420264617,2.173891123477635,17.890682267470943,27.324955773999637,0.0
3,1,8,3.124829831291912,3.7201597864657066,2.3851080561206164,17.890682267470943,27.324955773999637,0.0
3,1,9,3.7539869376731274,4.526539915894814,3.2871367882611318,17.890682267470943,27.324955773999637,0.0
3,2,0,3.729965442420572,3.826531854342806,2.101310034519757,29.62427151849761,40.38675933234121,0.2
3,2,1,3.3772575911469724,4.277979256385188,2.2105262080829227,29.62427151849761,40.38675933234121,0.2
3,2,2,4.103831145599414,5.678330111453671,2.924410468195871,29.62427151849761,40.38675933234121,0.2
3,2,3,5.943245346527244,7.917470509252348,4.558738480107783,29.62427151849761,40.38675933234121,0.2
3,2,4,5.7359509851386195,7.696998079569262,4.379626713133188,29.62427151849761,40.38675933234121,0.2
3,2,5,3.2227412611135744,4.713778178790054,2.3991388857847187,29.62427151849761,40.38675933234121,0.2
3,2,6,6.367972409627214,8.417878874333436,4.950434471211306,29.62427151849761,40.38675933234121,0.2
3,2,7,4.39772654120687,6.230680717022088,3.2459802023833078,29.62427151849761,40.38675933234121,0.2
3,2,8,4.8250130325148595,6.562546500514179,3.5486700338605424,29.62427151849761,40.38675933234121,0.2
3,2,9,6.649794252431524,8.756560269186696,5.2169275746551005,29.62427151849761,40.38675933234121,0.2
3,3,0,4.2508968412957095,6.648366799407853,3.0933344748759017,44.05911696621381,53.077134918890366,0.2
3,3,1,4.471838387089151,6.699843777527459,3.0260344613206813,44.05911696621381,53.077134918890366,0.2
3,3,2,5.9160081176441235,5.1315833283481025,2.724330885340502,44.05911696621381,53.077134918890366,0.2
3,3,3,9.22221218527245,12.323401721469892,6.213632804075427,44.05911696621381,53.077134918890366,0.2
3,3,4,8.859873628865563,11.93750156683417,5.954585566938365,44.05911696621381,53.077134918890366,0.2
3,3,5,4.853397044640668,5.873655331436927,2.7985489758197737,44.05911696621381,53.077134918890366,0.2
3,3,6,10.014603228943786,13.247511520840002,6.799789360285321,44.05911696621381,53.077134918890366,0.2
3,3,7,6.566535524289324,9.41740493093555,4.334339144245523,44.05911696621381,53.077134918890366,0.2
3,3,8,7.178869367168906,9.876382634232517,4.724256601584418,44.05911696621381,53.077134918890366,0.2
3,3,9,10.55371201015475,13.886186736483355,7.2042608555045735,44.05911696621381,53.077134918890366,0.2
3,4,0,6.2577370936727705,8.036852915758756,3.5325361553484167,53.826159489645214,58.04552637198046,0.2
3,4,1,6.121590875198909,6.56614975294076,2.983638101945819,53.826159489645214,58.04552637198046,0.2
3,4,2,5.511252202145898,7.722352346731524,3.626674789565583,53.826159489645214,58.04552637198046,0.2
3,4,3,12.570021379949438,14.742063546105125,7.044090970783332,53.826159489645214,58.04552637198046,0.2
3,4,4,12.04597539720421,14.179517388817086,6.71699687085807,53.826159489645214,58.04552637198046,0.2
3,4,5,5.661393514566481,7.497683982501137,3.3200603864247316,53.826159489645214,58.04552637198046,0.2
3,4,6,13.755801208896417,16.012103525504042,7.764532605824226,53.826159489645214,58.04552637198046,0.2
3,4,7,8.768258026992449,5.671167115701528,3.039077186008614,53.826159489645214,58.04552637198046,0.2
3,4,8,9.557051142020228,11.484194966081413,5.250314674877498,53.826159489645214,58.04552637198046,0.2
3,4,9,14.574036772985664,16.88587550503624,8.261289413755305,53.826159489645214,58.04552637198046,0.2
3,5,0,7.146230940626237,5.585442097148504,2.738209602283781,53.65262645200275,54.27733044485481,0.2
3,5,1,6.035824116753752,6.24772915949289,2.881602898902807,53.65262645200275,54.27733044485481,0.2
3,5,2,7.336671007186478,7.494468879041083,3.5514236827037546,53.65262645200275,54.27733044485481,0.2
3,5,3,14.250017163386346,13.656381607496442,6.676811441491714,53.65262645200275,54.27733044485481,0.2
3,5,4,13.588314105133671,12.982096565992014,6.314711532548195,53.65262645200275,54.27733044485481,0.2
3,5,5,6.7163978554879975,5.015950556108524,2.5057876451453853,53.65262645200275,54.27733044485481,0.2
3,5,6,15.70745229690922,15.024059761377977,7.425959172829499,53.65262645200275,54.27733044485481,0.2
3,5,7,6.147975976048861,6.6597036973932555,3.4008654785032797,53.65262645200275,54.27733044485481,0.2
3,5,8,10.62125326610647,10.294608800214393,4.863420679693237,53.65262645200275,54.27733044485481,0.2
3,5,9,16.712378705214775,15.948624990562118,7.93757060141814,53.65262645200275,54.27733044485481,0.2
3,6,0,5.5393284941000775,5.769153007541254,2.8009466797960965,49.07254547210643,49.57874374567385,0.2
3,6,1,5.829409491976293,4.819440644721142,2.402847681489279,49.07254547210643,49.57874374567385,0.2
3,6,2,7.1844399288553555,7.129414301378101,3.4294271455524084,49.07254547210643,49.57874374567385,0.2
3,6,3,13.507020001953608,12.6236689115014,6.319228763875637,49.07254547210643,49.57874374567385,0.2
3,6,4,12.774501080959038,11.90941482414759,5.944775072046002,49.07254547210643,49.57874374567385,0.2
3,6,5,5.06914477669677,5.482651598886673,2.6667999918924465,49.07254547210643,49.57874374567385,0.2
3,6,6,15.022526839351567,13.990375836032038,7.064509484615621,49.07254547210643,49.57874374567385,0.2
3,6,7,6.8798645048802705,6.8180140404435665,3.45725602915111,49.07254547210643,49.57874374567385,0.2
3,6,8,9.838576538242783,3.9868619544232606,2.5035529578232656,49.07254547210643,49.57874374567385,0.2
3,6,9,16.057503768044185,14.905112812092865,7.570350997759791,49.07254547210643,49.57874374567385,0.2
3,7,0,5.666244008825716,4.56544121982861,2.377739816055733,48.1934368072964,52.08615113146605,0.2
3,7,1,4.860899844173595,5.872066090137459,2.759194087036284,48.1934368072964,52.08615113146605,0.2
3,7,2,6.937644032054627,5.1464058253153695,2.7298369322254743,48.1934368072964,52.08615113146605,0.2
3,7,3,12.78363932522846,13.4651582425099,6.611228746966632,48.1934368072964,52.08615113146605,0.2
3,7,4,12.026129015154725,12.711766236526739,6.222376129668683,48.1934368072964,52.08615113146605,0.2
3,7,5,5.394868665581695,6.300424730204663,2.9393809151941026,48.1934368072964,52.08615113146605,0.2
3,7,6,14.291323298382018,14.943189822723879,7.397956354816758,48.1934368072964,52.08615113146605,0.2
3,7,7,6.993941156916328,7.860518392074363,3.819327066019168,48.1934368072964,52.08615113146605,0.2
3,7,8,5.064624060989506,6.787299487188115,3.633313332382225,48.1934368072964,52.08615113146605,0.2
3,7,9,15.314627834645858,15.941484653194726,7.935082831013501,48.1934368072964,52.08615113146605,0.2
3,8,0,4.810107269965223,7.217826481073377,3.276505546104552,55.508141458687525,61.06293315962779,0.2
3,8,1,5.581779573895648,5.530129785530082,2.645716603992198,55.508141458687525,61.06293315962779,0.2
3,8,2,5.522390795179222,7.9882959463768355,3.7136569766478873,55.508141458687525,61.06293315962779,0.2
3,8,3,13.374347876269857,16.42565543850576,7.598013426237112,55.508141458687525,61.06293315962779,0.2
3,8,4,12.587708905605442,15.603384993941498,7.182329221538103,55.508141458687525,61.06293315962779,0.2
3,8,5,5.946292951777186,6.2170963541871105,2.912113579868862,55.508141458687525,61.06293315962779,0.2
3,8,6,14.965877849586978,18.17224282007745,8.48374131090684,55.508141458687525,61.06293315962779,0.2
3,8,7,7.726401670435386,10.451703896272509,4.662319020923167,55.508141458687525,61.06293315962779,0.2
3,8,8,7.350100610732116,10.023958576574872,4.773560464018227,55.508141458687525,61.06293315962779,0.2
3,8,9,16.05247107168752,19.3763407190744,9.09644216415689,55.508141458687525,61.06293315962779,0.2
3,9,0,6.628287519507754,11.389760685651332,4.509066295626429,67.1042448080768,69.97227439422711,0.2
3,9,1,5.352217507229681,10.10629164916298,4.03499383159908,67.1042448080768,69.97227439422711,0.2
3,9,2,7.51263376291646,12.393576383958408,5.0503507074041165,67.1042448080768,69.97227439422711,0.2
3,9,3,15.3705882250238,21.362213400236403,9.132433851974017,67.1042448080768,69.97227439422711,0.2
3,9,4,14.529669634381186,6.504122975061254,3.8926400988689664,67.1042448080768,69.97227439422711,0.2
3,9,5,5.891131824813306,10.658066846079146,4.24689866689562,67.1042448080768,69.97227439422711,0.2
3,9,6,17.162393244434266,23.427232808811205,10.134588998476396,67.1042448080768,69.97227439422711,0.2
3,9,7,9.431752989122678,8.465320247244215,4.022734715798964,67.1042448080768,69.97227439422711,0.2
3,9,8,9.656791603751499,14.993120616646376,6.327605108038328,67.1042448080768,69.97227439422711,0.2
3,9,9,18.4018715122545,24.875467077232138,10.834807497662776,67.1042448080768,69.97227439422711,0.2
3,10,0,9.121726617391792,9.357999195806672,3.9296557256060813,72.85596116745404,73.5276554945963,0.2
3,10,1,8.16269006078024,10.643084566859017,4.18384758705927,72.85596116745404,73.5276554945963,0.2
3,10,2,10.216731237590185,12.915803422006467,5.198390287878706,72.85596116745404,73.5276554945963,0.2
3,10,3,18.474681782772098,21.89714376019189,9.291918448765312,72.85596116745404,73.5276554945963,0.2
3,10,4,7.874712074253661,12.487663440932288,6.145383090435455,72.85596116745404,73.5276554945963,0.2
3,10,5,8.591368161688477,8.487190970361816,3.62102708109914,72.85596116745404,73.5276554945963,0.2
3,10,6,20.502016196434102,24.083058864911337,10.33236164348772,72.85596116745404,73.5276554945963,0.2
3,10,7,8.137890180812168,11.61013561304655,5.018305814543032,72.85596116745404,73.5276554945963,0.2
3,10,8,12.800584456769187,15.815353739984412,6.568560142460039,72.85596116745404,73.5276554945963,0.2
3,10,9,21.918540439649114,25.615202672988794,11.059354677554825,72.85596116745404,73.5276554945963,0.2
3,11,0,7.949593747205528,8.784592144463621,3.759512413774992,69.52759581227019,65.98359366857278,0.2
3,11,1,8.463817428234771,7.326570316345956,3.2215071655433833,69.52759581227019,65.98359366857278,0.2
3,11,2,10.516211549723181,6.43796783305917,3.1930671056956665,69.52759581227019,65.98359366857278,0.2
3,11,3,18.797315072290644,18.842215376796194,8.364240955123131,69.52759581227019,65.98359366857278,0.2
3,11,4,12.431953942319845,13.776977193014808,6.582939881423226,69.52759581227019,65.98359366857278,0.2
3,11,5,7.325245836371051,8.332308698059101,3.5746435066939313,69.52759581227019,65.98359366857278,0.2
3,11,6,20.902105235253867,20.85588550338371,9.342465209436746,69.52759581227019,65.98359366857278,0.2
3,11,7,10.15190523304775,10.746184733431507,4.753888925786755,69.52759581227019,65.98359366857278,0.2
3,11,8,13.288030372836324,13.678453053460856,5.933908325952992,69.52759581227019,65.98359366857278,0.2
3,11,9,22.372793682647178,22.242224104334134,10.018577851334513,69.52759581227019,65.98359366857278,0.2
3,12,0,7.6053981478180885,5.709690693182972,2.7807068636392884,59.38529892241341,56.8052806292178,0.2
3,12,1,6.517027192205656,6.360598280358861,2.917945482313135,59.38529892241341,56.8052806292178,0.2
3,12,2,6.459493673311787,6.744905280016382,3.2988835303821946,59.38529892241341,56.8052806292178,0.2
3,12,3,16.920647059154767,15.153624072607995,7.181178421341062,59.38529892241341,56.8052806292178,0.2
3,12,4,13.317120219614331,12.318109370855352,6.086855198801868,59.38529892241341,56.8052806292178,0.2
3,12,5,7.231413043166802,5.099358373667087,2.5348826853219832,59.38529892241341,56.8052806292178,0.2
3,12,6,18.89956988559573,16.905352046297104,8.065260494116854,59.38529892241341,56.8052806292178,0.2
3,12,7,9.616996581428339,8.548801681656501,4.050463177550809,59.38529892241341,56.8052806292178,0.2
3,12,8,12.004145863747704,10.905804345622203,5.063785898174911,59.38529892241341,56.8052806292178,0.2
3,12,9,20.26732859163559,18.091894528255388,8.670021247878523,59.38529892241341,56.8052806292178,0.2
3,13,0,5.6252993746898765,6.617751272386664,3.0833562756064876,53.7572631107125,54.741441320626485,0.2
3,13,1,5.90292961536865,5.485830372710389,2.6308631534578195,53.7572631107125,54.741441320626485,0.2
3,13,2,6.673557613457568,7.648630031262707,3.602404215324058,53.7572631107125,54.741441320626485,0.2
3,13,3,14.527341594804826,14.733753236732449,7.041311138213266,53.7572631107125,54.741441320626485,0.2
3,13,4,12.313553503743071,12.827176087422787,6.261867459119598,53.7572631107125,54.741441320626485,0.2
3,13,5,5.128003304164059,6.269838618696672,2.929384940424773,53.7572631107125,54.741441320626485,0.2
3,13,6,16.31581717854594,16.422576155792168,7.903334159015059,53.7572631107125,54.741441320626485,0.2
3,13,7,8.19398415482769,8.702227638921139,4.101213011792254,53.7572631107125,54.741441320626485,0.2
3,13,8,10.243910287359881,4.515372537948776,2.731495282041058,53.7572631107125,54.741441320626485,0.2
3,13,9,17.539232826724017,17.567010545925044,8.49317029552594,53.7572631107125,54.741441320626485,0.2
3,14,0,6.237551449927028,6.530724220766522,3.0549164894379026,57.04149623975719,61.50164356080383,0.2
3,14,1,5.322169353972104,7.299881486927038,3.213288078884614,57.04149623975719,61.50164356080383,0.2
3,14,2,7.287572251798242,9.345347023693702,4.144772397471195,57.04149623975719,61.50164356080383,0.2
3,14,3,14.244393632685355,16.78722083660256,7.714704990196618,57.04149623975719,61.50164356080383,0.2
3,14,4,12.66759886228184,15.198643898532017,7.0514027240270325,57.04149623975719,61.50164356080383,0.2
3,14,5,5.926071348646485,5.808621557699063,2.776822683856561,57.04149623975719,61.50164356080383,0.2
3,14,6,15.98824431442828,18.645183456616152,8.637699837551809,57.04149623975719,61.50164356080383,0.2
3,14,7,8.296649780808266,10.599816862208867,4.708470698426981,57.04149623975719,61.50164356080383,0.2
3,14,8,5.525745594745693,8.251648015734055,4.1657521738704615,57.04149623975719,61.50164356080383,0.2
3,14,9,17.181467840888626,19.924319785694124,9.275765937794233,57.04149623975719,61.50164356080383,0.2
3,15,0,6.180018484679092,9.744119907810076,4.042464689254846,67.59404161066946,71.25196377482577,0.2
3,15,1,6.500400188602124,7.9481302750332405,3.4104687936998235,67.59404161066946,71.25196377482577,0.2
3,15,2,8.384769311933866,6.856414902754789,3.336966503614234,67.59404161066946,71.25196377482577,0.2
3,15,3,15.60665229576655,20.399802158949633,8.842444236592536,67.59404161066946,71.25196377482577,0.2
3,15,4,14.2648086545311,18.975018807499392,8.236442707297211,67.59404161066946,71.25196377482577,0.2
3,15,5,5.6174417776203445,9.111198263192724,3.8053958376761248,67.59404161066946,71.25196377482577,0.2
3,15,6,17.473847434370217,22.530818182832537,9.861553145859764,67.59404161066946,71.25196377482577,0.2
3,15,7,9.52511666078396,13.798753329361919,5.663161079317781,67.59404161066946,71.25196377482577,0.2
3,15,8,8.427210866850398,12.48478299559955,5.5664926791512075,67.59404161066946,71.25196377482577,0.2
3,15,9,18.764638952756645,24.024266636922327,10.573929883922075,67.59404161066946,71.25196377482577,0.2
3,16,0,8.177803416110464,7.653204055130261,3.4136320422226873,75.88539233783423,75.69067236820032,0.2
3,16,1,6.899291767666025,10.458657052118152,4.132965137007323,75.88539233783423,75.69067236820032,0.2
3,16,2,6.750598501265552,11.018747313083013,4.651322374685832,75.88539233783423,75.69067236820032,0.2
3,16,3,17.888040154557807,22.574494327937714,9.492197861793459,75.88539233783423,75.69067236820032,0.2
3,16,4,16.66211444898214,21.30421838894388,8.93178077575291,75.88539233783423,75.69067236820032,0.2
3,16,5,7.698219149252908,11.244818128347804,4.409239564724707,75.88539233783423,75.69067236820032,0.2
3,16,6,19.94967159978643,24.856881786670687,10.563652306398254,75.88539233783423,75.69067236820032,0.2
3,16,7,11.456431058885903,8.71170457168538,4.104338924244208,75.88539233783423,75.69067236820032,0.2
3,16,8,11.260873340048327,15.455226146405003,6.463499187258084,75.88539233783423,75.69067236820032,0.2
3,16,9,21.39079165151345,26.463531641021092,11.314484971534235,75.88539233783423,75.69067236820032,0.2
3,17,0,6.90569093910345,8.52268592195543,3.680695923737808,73.51151280665896,69.72465631566281,0.2
3,17,1,8.36088352383706,6.452700943521556,2.9474583214812515,73.51151280665896,69.72465631566281,0.2
3,17,2,9.40950705302224,10.68146092439572,4.551193948930865,73.51151280665896,69.72465631566281,0.2
3,17,3,19.20247523915411,20.021941689338068,8.727472626693014,73.51151280665896,69.72465631566281,0.2
3,17,4,18.068765704757695,18.8933974863634,8.21162625028401,73.51151280665896,69.72465631566281,0.2
3,17,5,8.91977967567646,7.216871555731728,3.232520396970179,73.51151280665896,69.72465631566281,0.2
3,17,6,21.37000037316115,22.16024184232297,9.747732271696638,73.51151280665896,69.72465631566281,0.2
3,17,7,8.302973422322317,10.045640532035042,4.534771016979936,73.51151280665896,69.72465631566281,0.2
3,17,8,13.075494728274208,14.136871399568074,6.072426386269023,73.51151280665896,69.72465631566281,0.2
3,17,9,22.888915788847356,23.644413921528276,10.456619770142373,73.51151280665896,69.72465631566281,0.2
3,18,0,7.445954389858948,7.728454081957807,3.437092680761995,63.02134534525858,58.661016849304346,0.2
3,18,1,5.962633339586617,6.875426496471279,3.0813309535070132,63.02134534525858,58.661016849304346,0.2
3,18,2,9.206949790279728,5.824197971785374,2.9767966908728396,63.02134534525858,58.661016849304346,0.2
3,18,3,17.655455507203637,16.55758139844472,7.64067962302232,63.02134534525858,58.661016849304346,0.2
3,18,4,16.611911386608394,15.561974967117505,7.168981009788798,63.02134534525858,58.661016849304346,0.2
3,18,5,6.539306679723226,7.209925516037633,3.2303422342536874,63.02134534525858,58.661016849304346,0.2
3,18,6,19.71941486160637,18.409994259099417,8.561285945321254,63.02134534525858,58.661016849304346,0.2
3,18,7,9.173726615970288,9.121024161259612,4.238396117342198,63.02134534525858,58.661016849304346,0.2
3,18,8,12.284364382379772,4.715621444266402,2.8157377111854025,63.02134534525858,58.661016849304346,0.2
3,18,9,21.15347627019127,19.670048816915152,9.192743346801002,63.02134534525858,58.661016849304346,0.2
3,19,0,6.953151215132787,5.424175150174156,2.682625167323424,54.25564929565576,54.53883690805946,0.2
3,19,1,6.233454274748768,6.334520888956108,2.909566160599246,54.25564929565576,54.53883690805946,0.2
3,19,2,6.021984115876975,6.562468895471644,3.2361672958976913,54.25564929565576,54.53883690805946,0.2
3,19,3,15.456900857698109,14.562965393102814,6.984077227719706,54.25564929565576,54.53883690805946,0.2
3,19,4,14.502666540963304,13.65128764151834,6.540842077684848,54.25564929565576,54.53883690805946,0.2
3,19,5,6.53490031185782,4.865104021522593,2.4527962983792118,54.25564929565576,54.53883690805946,0.2
3,19,6,17.319264070764753,16.265764170450215,7.850432349683759,54.25564929565576,54.53883690805946,0.2
3,19,7,8.57416771984703,8.203060494252686,3.935085371671151,54.25564929565576,54.53883690805946,0.2
3,19,8,5.696165889737819,6.821106426611983,3.6459719370072685,54.25564929565576,54.53883690805946,0.2
3,19,9,18.59668635936889,17.417841815400852,8.442622448701318,54.25564929565576,54.53883690805946,0.2
3,20,0,5.426882593630093,5.612201969916736,2.7473861567756988,55.356249777463745,54.53883690805946,0.2
3,20,1,5.885978460317458,6.077882348841256,2.82654040859144,55.356249777463745,54.53883690805946,0.2
3,20,2,6.546684263647926,6.748431263348543,3.3000906084916632,55.356249777463745,54.53883690805946,0.2
3,20,3,14.128610885096812,14.512986420508701,6.967290408055232,55.356249777463745,54.53883690805946,0.2
3,20,4,13.231957431640563,13.60623521153352,6.525724174768267,55.356249777463745,54.53883690805946,0.2
3,20,5,4.961944627797364,5.127525158531764,2.5446757478470836,55.356249777463745,54.53883690805946,0.2
3,20,6,15.881225297486003,16.300356240808597,7.862115373563165,55.356249777463745,54.53883690805946,0.2
3,20,7,7.9605777833202325,8.25086081576848,3.9511225621964146,55.356249777463745,54.53883690805946,0.2
3,20,8,7.3757086464488,7.590470684784369,3.929190078187937,55.356249777463745,54.53883690805946,0.2
3,20,9,17.079210830323213,17.524621463609414,8.478819322329143,55.356249777463745,54.53883690805946,0.2
4,0,0,2.0,2.0,1.4495492313051692,17.887094072132474,17.887094072132474,0.0
4,0,1,2.0,2.0,1.590912941327085,17.887094072132474,17.887094072132474,0.0
4,0,2,2.0,2.0,1.8341698925578669,17.887094072132474,17.887094072132474,0.0
4,0,3,2.0,2.0,1.8071224758331543,17.887094072132474,17.887094072132474,0.0
4,0,4,2.0,2.0,1.6671793823596888,17.887094072132474,17.887094072132474,0.0
4,0,5,2.0,2.0,1.6727916448334532,17.887094072132474,17.887094072132474,0.0
4,0,6,2.0,2.0,1.356248616757638,17.887094072132474,17.887094072132474,0.0
4,0,7,2.0,2.0,1.785446536493902,17.887094072132474,17.887094072132474,0.0
4,0,8,2.0,2.0,1.6146403693149298,17.887094072132474,17.887094072132474,0.0
4,0,9,2.0,2.0,1.384911464567236,17.887094072132474,17.887094072132474,0.0
4,1,0,2.932401286546006,3.465773682619927,2.1299632619639555,17.887094072132474,28.097965911290537,0.0
4,1,1,3.2183764822735332,3.8311490587827275,2.507585513793905,17.887094072132474,28.097965911290537,0.0
4,1,2,3.7104791175928775,4.4598825579699195,3.215473680969232,17.887094072132474,28.097965911290537,0.0
4,1,3,3.655762880373478,4.389974516800856,3.13321350576762,17.887094072132474,28.097965911290537,0.0
4,1,4,3.3726615558497683,4.028270933813919,2.7217260169947894,17.887094072132474,28.097965911290537,0.0
4,1,5,3.384015020322087,4.042776654639711,2.73776822112645,17.887094072132474,28.097965911290537,0.0
4,1,6,2.7436565124976147,2.996686210367353,1.7999780117574533,17.887094072132474,28.097965911290537,0.0
4,1,7,3.611913005507009,4.333949851853016,3.0679238135324796,17.887094072132474,28.097965911290537,0.0
4,1,8,3.26637646658268,3.892476098976356,2.573433663585839,17.887094072132474,28.097965911290537,0.0
4,1,9,2.801640725781118,2.743656512497614,1.7279526247282757,17.887094072132474,28.097965911290537,0.0
4,2,0,4.3088615928243,4.226770947111471,2.447473919017767,30.462328215937774,42.23845302686257,0.2
4,2,1,5.072781819319469,6.884488321724216,3.77951075027179,30.462328215937774,42.23845302686257,0.2
4,2,2,6.504821606120341,8.670944069536578,5.12112094671266,30.462328215937774,42.23845302686257,0.2
4,2,3,6.338411360519016,8.461703149593198,4.960061259470251,30.462328215937774,42.23845302686257,0.2
4,2,4,5.50598261962791,7.471777446352794,4.194286408929817,30.462328215937774,42.23845302686257,0.2
4,2,5,5.538435591226782,7.478509653967327,4.211059663713137,30.462328215937774,42.23845302686257,0.2
4,2,6,3.6413098109676154,4.745117737933662,2.483082826441047,30.462328215937774,42.23845302686257,0.2
4,2,7,6.2063319710276135,8.278080351920707,4.825880899777226,30.462328215937774,42.23845302686257,0.2
4,2,8,5.205990954267359,7.0672502360134954,3.906880592150603,30.462328215937774,42.23845302686257,0.2
4,2,9,3.495604281947284,5.253599168709088,2.722832135970273,30.462328215937774,42.23845302686257,0.2
4,3,0,4.9511775895002685,7.408818413105505,3.625235618741718,46.07918469190492,56.17972197222313,0.2
4,3,1,7.645854274733618,10.319555781160405,5.017508532650513,46.07918469190492,56.17972197222313,0.2
4,3,2,10.359897634643623,13.619982205605453,7.024932271430016,46.07918469190492,56.17972197222313,0.2
4,3,3,10.034077977138727,13.22168657719636,6.779027426596027,46.07918469190492,56.17972197222313,0.2
4,3,4,8.484934899806024,11.411076571802385,5.641439923033997,46.07918469190492,56.17972197222313,0.2
4,3,5,8.51886676830964,11.40188225944383,5.657237871790557,46.07918469190492,56.17972197222313,0.2
4,3,6,5.023213505001052,6.576922325761937,3.120572020749935,46.07918469190492,56.17972197222313,0.2
4,3,7,9.762634516719825,12.86310757836492,6.570039558610937,46.07918469190492,56.17972197222313,0.2
4,3,8,7.903520230553756,10.657779996478293,5.2086063409263605,46.07918469190492,56.17972197222313,0.2
4,3,9,5.508220270227647,5.84122451705875,2.9326061638936705,46.07918469190492,56.17972197222313,0.2
4,4,0,7.333759601154645,9.421966791016496,4.289543451444534,56.97253025397526,62.07339305166495,0.2
4,4,1,10.150292352024554,6.140695306730191,3.488813079440839,56.97253025397526,62.07339305166495,0.2
4,4,2,14.211259601091186,16.651884949358895,8.086171433500427,56.97253025397526,62.07339305166495,0.2
4,4,3,13.713800344250483,16.11807952874592,7.787281899999017,56.97253025397526,62.07339305166495,0.2
4,4,4,11.412489711288844,13.63681932821216,6.390877520935318,56.97253025397526,62.07339305166495,0.2
4,4,5,11.444448560466261,13.671769358334721,6.423890950881657,56.97253025397526,62.07339305166495,0.2
4,4,6,6.312837957333299,7.260302719154048,3.3441567174362885,56.97253025397526,62.07339305166495,0.2
4,4,7,13.291023194142795,15.66337521361714,7.541289260134337,56.97253025397526,62.07339305166495,0.2
4,4,8,10.536878365622488,12.68667586546523,5.884347342774709,56.97253025397526,62.07339305166495,0.2
4,4,9,5.932587801927579,8.139371086769724,3.6992578822843685,56.97253025397526,62.07339305166495,0.2
4,5,0,8.677637477952484,5.62328748529653,2.9888572539103673,57.37566317629196,58.49766864895767,0.2
4,5,1,7.057780268324693,8.220983140323119,4.2792932427183015,57.37566317629196,58.49766864895767,0.2
4,5,2,16.358119477927698,15.761066876570498,7.780875953534721,57.37566317629196,58.49766864895767,0.2
4,5,3,15.753473541352298,15.220708581516549,7.481195433841949,57.37566317629196,58.49766864895767,0.2
4,5,4,12.92858294138426,12.559327056317507,6.033062061326876,57.37566317629196,58.49766864895767,0.2
4,5,5,12.995368271856115,12.691026377400489,6.097735419154776,57.37566317629196,58.49766864895767,0.2
4,5,6,6.765144121246563,7.0215176521005045,3.2667808847381985,57.37566317629196,58.49766864895767,0.2
4,5,7,15.255836677393882,14.813237191713316,7.252384767058422,57.37566317629196,58.49766864895767,0.2
4,5,8,11.903885253279425,11.686488134426927,5.555633976931721,57.37566317629196,58.49766864895767,0.2
4,5,9,7.483504760655072,6.38785077692825,3.122118244034354,57.37566317629196,58.49766864895767,0.2
4,6,0,6.046382328648177,6.801283741193182,3.4144880602370975,52.88818520108902,54.18919438327806,0.2
4,6,1,8.656901565982727,8.992324242436037,4.556546308348527,52.88818520108902,54.18919438327806,0.2
4,6,2,15.740514474321138,14.743057752298359,7.425571087888929,52.88818520108902,54.18919438327806,0.2
4,6,3,15.134268392766113,14.224910391651955,7.135119776135533,52.88818520108902,54.18919438327806,0.2
4,6,4,12.20473135259959,11.577092972772824,5.698768283569497,52.88818520108902,54.18919438327806,0.2
4,6,5,12.335563913235713,11.764561247743899,5.78260953787776,52.88818520108902,54.18919438327806,0.2
4,6,6,6.608614776501818,5.763674545764848,2.8451680697298154,52.88818520108902,54.18919438327806,0.2
4,6,7,14.671390224049256,13.8698642408381,6.925902929261821,52.88818520108902,54.18919438327806,0.2
4,6,8,11.238906461193187,4.81047179881008,2.9846003160577395,52.88818520108902,54.18919438327806,0.2
4,6,9,6.315965927774451,6.398563635010833,3.1257825252049862,52.88818520108902,54.18919438327806,0.2
4,7,0,6.907422641809748,7.792518752717492,3.755661760449027,52.67506430871786,57.11643288073334,0.2
4,7,1,9.217777477469266,10.043844663837755,4.923289895198079,52.67506430871786,57.11643288073334,0.2
4,7,2,15.02174175337143,15.560007986601976,7.711261559266778,52.67506430871786,57.11643288073334,0.2
4,7,3,14.434166125120608,14.99090835934684,7.401950133488726,52.67506430871786,57.11643288073334,0.2
4,7,4,11.528463528913864,12.141976923871336,5.89201598036819,52.67506430871786,57.11643288073334,0.2
4,7,5,11.698072257399623,12.321490546825084,5.972898399954045,52.67506430871786,57.11643288073334,0.2
4,7,6,5.755702757748463,5.397027994287181,2.717231126028506,52.67506430871786,57.11643288073334,0.2
4,7,7,14.010925756535697,14.589112572428242,7.17539916948016,52.67506430871786,57.11643288073334,0.2
4,7,8,6.037770651468676,7.593483321422735,4.10831315290604,52.67506430871786,57.11643288073334,0.2
4,7,9,6.323378675535598,5.995025864325839,2.9864466181757825,52.67506430871786,57.11643288073334,0.2
4,8,0,7.59760837391925,7.806343842024969,3.7603246926362015,60.86890597765965,66.37007102881172,0.2
4,8,1,9.959690440950885,13.607791165097613,6.08943168472367,60.86890597765965,66.37007102881172,0.2
4,8,2,15.599686322434478,19.91635078641918,9.165694973360432,60.86890597765965,66.37007102881172,0.2
4,8,3,14.973957162426402,19.199915003204925,8.801893404499165,60.86890597765965,66.37007102881172,0.2
4,8,4,11.919398712401426,15.811747982972651,7.088384258382067,60.86890597765965,66.37007102881172,0.2
4,8,5,12.083021793377403,6.302315290976604,3.7356909645606655,60.86890597765965,66.37007102881172,0.2
4,8,6,5.496889569341824,8.967277477749825,3.8768655262357097,60.86890597765965,66.37007102881172,0.2
4,8,7,14.515650315042688,18.63752721154026,8.517215908593762,60.86890597765965,66.37007102881172,0.2
4,8,8,8.311013185987669,12.292058493800095,5.755619063162533,60.86890597765965,66.37007102881172,0.2
4,8,9,6.041505673770352,9.685847690204278,4.178278251340287,60.86890597765965,66.37007102881172,0.2
4,9,0,7.6070413673281285,11.55933117108965,4.94954033090765,72.93644873894517,77.44295210109709,0.2
4,9,1,12.318765669338205,16.61593760005562,7.003140097348528,72.93644873894517,77.44295210109709,0.2
4,9,2,18.5419681867376,23.98486230395186,10.439378018882419,72.93644873894517,77.44295210109709,0.2
4,9,3,17.80600685093966,23.10262735565458,10.01911938481569,72.93644873894517,77.44295210109709,0.2
4,9,4,14.339621359459727,19.111713753017778,8.094146792704166,72.93644873894517,77.44295210109709,0.2
4,9,5,7.557207960955249,12.472690969379418,6.024111022261962,72.93644873894517,77.44295210109709,0.2
4,9,6,7.842800514380095,10.017840329610346,4.189480612973045,72.93644873894517,77.44295210109709,0.2
4,9,7,17.230111505534893,22.35722545332602,9.674274091287668,72.93644873894517,77.44295210109709,0.2
4,9,8,11.643471212419485,16.063057469125976,6.9412000105789655,72.93644873894517,77.44295210109709,0.2
4,9,9,8.452550803497335,8.919547489824188,3.9440370768854898,72.93644873894517,77.44295210109709,0.2
4,10,0,10.012794405814384,13.59672650752508,5.5451848290206325,80.63451931235251,80.33601558386253,0.2
4,10,1,14.167174586292724,9.893875374813332,4.871715548175221,80.63451931235251,80.33601558386253,0.2
4,10,2,21.11859664521194,25.510247560869026,10.899807665731347,80.63451931235251,80.33601558386253,0.2
4,10,3,20.26842410011686,24.574393869654806,10.461755373807364,80.63451931235251,80.33601558386253,0.2
4,10,4,16.374253427078678,20.330744668424558,8.45217799199978,80.63451931235251,80.33601558386253,0.2
4,10,5,12.186623627864881,16.68772089188993,7.385820911658852,80.63451931235251,80.33601558386253,0.2
4,10,6,8.475212896618986,8.79603765239871,3.8248927945973947,80.63451931235251,80.33601558386253,0.2
4,10,7,19.57081082796162,23.785134351849496,10.102754030655602,80.63451931235251,80.33601558386253,0.2
4,10,8,14.041871363601699,17.921939172913394,7.494183258281028,80.63451931235251,80.33601558386253,0.2
4,10,9,7.978686855658308,11.850070480518653,4.811778938391203,80.63451931235251,80.33601558386253,0.2
4,11,0,11.217768100304129,6.798851611309915,3.4136333029591954,75.96556673962665,71.7331604121293,0.2
4,11,1,9.855356846550352,11.723715004225665,5.486193160777644,75.96556673962665,71.7331604121293,0.2
4,11,2,22.050034129103427,22.017796387756373,9.832416325381372,75.96556673962665,71.7331604121293,0.2
4,11,3,21.163865465997233,21.198477851989914,9.43365229154129,75.96556673962665,71.7331604121293,0.2
4,11,4,17.098541451772224,17.294925710986732,7.547522640766706,75.96556673962665,71.7331604121293,0.2
4,11,5,14.94132815623368,15.726822315990697,7.085484294445965,75.96556673962665,71.7331604121293,0.2
4,11,6,7.737660998018669,8.939199737417034,3.868364242204351,75.96556673962665,71.7331604121293,0.2
4,11,7,20.43761486491755,20.56428633062205,9.124422836169119,75.96556673962665,71.7331604121293,0.2
4,11,8,15.160542431806716,15.618351689632995,6.806117589068148,75.96556673962665,71.7331604121293,0.2
4,11,9,9.734106606926817,7.811751043481521,3.5943874510835103,75.96556673962665,71.7331604121293,0.2
4,12,0,6.905693489541393,7.964902889051865,3.8136278683393643,64.55991462242329,61.81731746843974,0.2
4,12,1,11.09842945342321,11.205286755819499,5.315223124631539,64.55991462242329,61.81731746843974,0.2
4,12,2,19.890728551829536,18.302233616207833,8.639158253316333,64.55991462242329,61.81731746843974,0.2
4,12,3,19.08403903718086,17.623226974926542,8.28946294850255,64.55991462242329,61.81731746843974,0.2
4,12,4,15.268446648129016,14.222275129933115,6.581724309590425,64.55991462242329,61.81731746843974,0.2
4,12,5,14.333754806055735,13.689587236511553,6.42975020861319,64.55991462242329,61.81731746843974,0.2
4,12,6,7.82560263265765,6.640967367959977,3.141812430569206,64.55991462242329,61.81731746843974,0.2
4,12,7,18.458475701222405,17.15011706507593,8.03549833445749,64.55991462242329,61.81731746843974,0.2
4,12,8,13.768603055031447,5.463905580072081,3.2629246110887604,64.55991462242329,61.81731746843974,0.2
4,12,9,7.271354541309201,7.473512943210919,3.4847238455235434,64.55991462242329,61.81731746843974,0.2
4,13,0,7.714872338248796,8.909073932615083,4.124722797779333,58.50036762673973,59.89257505833592,0.2
4,13,1,10.752561411739494,11.68869803967105,5.474717514244116,58.50036762673973,59.89257505833592,0.2
4,13,2,17.476797772428316,17.787318282671357,8.468293404410163,58.50036762673973,59.89257505833592,0.2
4,13,3,16.769373050598258,17.132224611794992,8.127111575732947,58.50036762673973,59.89257505833592,0.2
4,13,4,13.314661148663575,5.595215375062356,3.4255719968145555,58.50036762673973,59.89257505833592,0.2
4,13,5,13.007221401462953,13.682306367786161,6.427356233440315,58.50036762673973,59.89257505833592,0.2
4,13,6,6.3558067670402405,7.53671624445495,3.4327788553387526,58.50036762673973,59.89257505833592,0.2
4,13,7,16.255609085305167,16.67787712906404,7.879966880899053,58.50036762673973,59.89257505833592,0.2
4,13,8,6.6008136328313105,9.008126809230685,4.630191500474172,58.50036762673973,59.89257505833592,0.2
4,13,9,7.049507851947865,6.850159303891074,3.278623016921678,58.50036762673973,59.89257505833592,0.2
4,14,0,8.344209480876446,7.3252929293601845,3.5965778921989275,62.40906363735375,67.49075025996021,0.2
4,14,1,11.075214511886823,13.662256526303855,6.1064825800338305,62.40906363735375,67.49075025996021,0.2
4,14,2,17.13114252185997,20.202046430195864,9.257534065068226,62.40906363735375,67.49075025996021,0.2
4,14,3,16.440940346071603,19.447250853207073,8.881111894445175,62.40906363735375,67.49075025996021,0.2
4,14,4,6.929845164051692,10.361986537824533,5.2731660882826015,62.40906363735375,67.49075025996021,0.2
4,14,5,13.002378450478405,15.747602704164516,7.092036601166028,62.40906363735375,67.49075025996021,0.2
4,14,6,6.944424455842479,8.265310353268333,3.661843058723908,62.40906363735375,67.49075025996021,0.2
4,14,7,15.940972904164582,18.87428246012044,8.592809195091847,62.40906363735375,67.49075025996021,0.2
4,14,8,9.366759831068062,12.195056821550779,5.723787334466422,62.40906363735375,67.49075025996021,0.2
4,14,9,6.6325711092018915,9.201017559890747,4.030752343617772,62.40906363735375,67.49075025996021,0.2
4,15,0,7.275785748063849,12.84615344891035,5.329091128036642,74.17643362484841,78.17299811813342,0.2
4,15,1,12.353259197577502,10.574166173840954,5.103847734978321,74.17643362484841,78.17299811813342,0.2
4,15,2,18.727756337193632,25.533188711976678,10.906668214283673,74.17643362484841,78.17299811813342,0.2
4,15,3,17.966263844506376,24.613067847834614,10.473277594013618,74.17643362484841,78.17299811813342,0.2
4,15,4,10.667481095159358,17.06025534271489,7.475688604082388,74.17643362484841,78.17299811813342,0.2
4,15,5,14.347009956167788,8.700670994067199,4.681745225829798,74.17643362484841,78.17299811813342,0.2
4,15,6,7.407815522666379,12.486561667880483,4.887967591449044,74.17643362484841,78.17299811813342,0.2
4,15,7,17.383034804581204,23.845838457420935,10.120796009399012,74.17643362484841,78.17299811813342,0.2
4,15,8,11.579076433569915,17.427875537816455,7.34896069108217,74.17643362484841,78.17299811813342,0.2
4,15,9,8.1541096382981,13.617589061490126,5.303604989521853,74.17643362484841,78.17299811813342,0.2
4,16,0,10.78061603047799,14.574067481895169,5.821280364324486,83.25649312861817,83.93121126026347,0.2
4,16,1,10.324954365923492,14.887586153128593,6.484887092960454,83.25649312861817,83.93121126026347,0.2
4,16,2,22.063912844614965,27.149812065335954,11.385584812454868,83.25649312861817,83.93121126026347,0.2
4,16,3,21.187174624890904,26.149496896156986,10.926747990228817,83.25649312861817,83.93121126026347,0.2
4,16,4,15.123128215997376,19.69861529654982,8.267349981278747,83.25649312861817,83.93121126026347,0.2
4,16,5,9.471051708359429,14.715970739138388,6.763524921313834,83.25649312861817,83.93121126026347,0.2
4,16,6,9.888234317405377,11.741910451862248,4.6820435187130185,83.25649312861817,83.93121126026347,0.2
4,16,7,20.47411332977574,25.296722062393624,10.548017159249781,83.25649312861817,83.93121126026347,0.2
4,16,8,14.866760865998144,19.132220090551503,7.844956997299507,83.25649312861817,83.93121126026347,0.2
4,16,9,10.729058219431748,10.593262000356159,4.448584180032462,83.25649312861817,83.93121126026347,0.2
4,17,0,11.776302357333567,8.355331281907223,3.9435426739871766,81.51480385090886,77.49000673146283,0.2
4,17,1,13.118761918407298,14.93201559041594,6.498428156631325,81.51480385090886,77.49000673146283,0.2
4,17,2,23.032748961592482,24.14443035130799,10.487945882379822,81.51480385090886,77.49000673146283,0.2
4,17,3,22.10453372146651,23.243053289897972,10.061710443043928,81.51480385090886,77.49000673146283,0.2
4,17,4,16.724639079418786,18.101374299205535,7.792187926659773,81.51480385090886,77.49000673146283,0.2
4,17,5,13.682439169719515,15.789216724181973,7.105150210630626,81.51480385090886,77.49000673146283,0.2
4,17,6,9.471655147287636,9.496350467746876,4.035599180431668,81.51480385090886,77.49000673146283,0.2
4,17,7,21.338370867502874,22.5227675622962,9.724361195714168,81.51480385090886,77.49000673146283,0.2
4,17,8,15.87014879864821,17.183338150455217,7.276626525374187,81.51480385090886,77.49000673146283,0.2
4,17,9,8.999372833366753,10.608081694759969,4.452939682842154,81.51480385090886,77.49000673146283,0.2
4,18,0,7.977686691149388,8.2790203189971,3.9182959648667577,70.04013691972702,66.09796285851849,0.2
4,18,1,13.14615514636542,12.384654202913282,5.700909373575589,70.04013691972702,66.09796285851849,0.2
4,18,2,21.21684819978408,19.142222468980943,8.914833057826023,70.04013691972702,66.09796285851849,0.2
4,18,3,20.35458472939841,18.414238167524076,8.548191043013567,70.04013691972702,66.09796285851849,0.2
4,18,4,15.76339830870834,14.408127669505063,6.641812596765254,70.04013691972702,66.09796285851849,0.2
4,18,5,14.373538455120958,13.51466234749807,6.372128034368118,70.04013691972702,66.09796285851849,0.2
4,18,6,8.16391466609695,6.413449740434741,3.0660730532333864,70.04013691972702,66.09796285851849,0.2
4,18,7,19.672135768355258,17.8935329275679,8.277765535190404,70.04013691972702,66.09796285851849,0.2
4,18,8,14.720430685551403,13.555458001342663,6.163604259328613,70.04013691972702,66.09796285851849,0.2
4,18,9,9.008183904951535,7.128463270375595,3.371305855327132,70.04013691972702,66.09796285851849,0.2
4,19,0,7.9266132396881295,9.417201870883599,4.288024806954185,61.13409014408495,60.27929672647712,0.2
4,19,1,11.532794899627518,12.491454526738949,5.735278683496271,61.13409014408495,60.27929672647712,0.2
4,19,2,18.034480901744775,18.24294812621114,8.619559653179524,61.13409014408495,60.27929672647712,0.2
4,19,3,17.292773415914986,17.581692411981194,8.275782437897899,61.13409014408495,60.27929672647712,0.2
4,19,4,13.436218227797177,5.163726880405503,3.2384382344355354,61.13409014408495,60.27929672647712,0.2
4,19,5,12.890653206164277,13.795520802667625,6.464538465617473,61.13409014408495,60.27929672647712,0.2
4,19,6,6.202587929938879,7.8521691472595165,3.532735021920715,61.13409014408495,60.27929672647712,0.2
4,19,7,16.74570948050005,17.127312280424903,8.028017390408236,61.13409014408495,60.27929672647712,0.2
4,19,8,12.468814904300805,6.5024441156581085,3.685602123347933,61.13409014408495,60.27929672647712,0.2
4,19,9,6.8200661378020415,8.14779071312716,3.701936108492131,61.13409014408495,60.27929672647712,0.2
4,20,0,8.674565298711425,8.931594081116085,4.132018497875077,61.182746005858064,60.27929672647712,0.2
4,20,1,11.602323140857628,11.919254664198792,5.550086948636639,61.182746005858064,60.27929672647712,0.2
4,20,2,17.437150302018544,17.900159074677653,8.505863063565402,61.182746005858064,60.27929672647712,0.2
4,20,3,16.741697725034072,17.186328970235692,8.14506913292698,61.182746005858064,60.27929672647712,0.2
4,20,4,6.551278314644073,6.736317813017311,3.90083096913159,61.182746005858064,60.27929672647712,0.2
4,20,5,13.077597162004869,13.434733434042567,6.345724179302101,61.182746005858064,60.27929672647712,0.2
4,20,6,7.1466332426521815,7.385518344669968,3.3844258081929164,61.182746005858064,60.27929672647712,0.2
4,20,7,16.240475325457037,16.665037244269403,7.875719776310005,61.182746005858064,60.27929672647712,0.2
4,20,8,7.45587950708717,7.662191995099386,4.134299459312334,61.182746005858064,60.27929672647712,0.2
4,20,9,7.4889227442652135,7.767926419711479,3.580260158710997,61.182746005858064,60.27929672647712,0.2
5,0,0,2.0,2.0,1.4248263150200258,17.76890648996534,17.76890648996534,0.0
5,0,1,2.0,2.0,1.3598318572738475,17.76890648996534,17.76890648996534,0.0
5,0,2,2.0,2.0,2.275092901397727,17.76890648996534,17.76890648996534,0.0
5,0,3,2.0,2.0,1.4513510963687404,17.76890648996534,17.76890648996534,0.0
5,0,4,2.0,2.0,1.495293535026219,17.76890648996534,17.76890648996534,0.0
5,0,5,2.0,2.0,1.3687052040739764,17.76890648996534,17.76890648996534,0.0
5,0,6,2.0,2.0,1.8627226829866652,17.76890648996534,17.76890648996534,0.0
5,0,7,2.0,2.0,1.6595656143775646,17.76890648996534,17.76890648996534,0.0
5,0,8,2.0,2.0,1.8046553004079071,17.76890648996534,17.76890648996534,0.0
5,0,9,2.0,2.0,1.4403032781488456,17.76890648996534,17.76890648996534,0.0
5,1,0,2.882387454689845,3.399987233441239,2.065737012310992,17.76890648996534,27.942381131875422,0.0
5,1,1,2.750905317072728,3.0020949490289914,1.8070131417376774,17.76890648996534,27.942381131875422,0.0
5,1,2,4.602455168123815,5.595892521536359,4.675054667141397,17.76890648996534,27.942381131875422,0.0
5,1,3,2.9360464138148745,3.468490345950161,2.133780939616872,17.76890648996534,27.942381131875422,0.0
5,1,4,3.0249408513891947,3.581976439565616,2.2484921005011826,17.76890648996534,27.942381131875422,0.0
5,1,5,2.768855872328611,2.7509053170727285,1.7108891474307675,17.76890648996534,27.942381131875422,0.0
5,1,6,3.768240687589709,4.530901896514266,3.3018433675732957,17.76890648996534,27.942381131875422,0.0
5,1,7,3.35725909655824,4.006226825871826,2.698909395104539,17.76890648996534,27.942381131875422,0.0
5,1,8,3.650771847137155,4.3809366097284395,3.124425278544467,17.76890648996534,27.942381131875422,0.0
5,1,9,2.913696958093129,3.4399581622331303,2.10532993014893,17.76890648996534,27.942381131875422,0.0
5,2,0,4.178933520672657,4.546663542017847,2.531779636911588,30.293651428767102,42.05267009895337,0.2
5,2,1,3.655541700274647,4.084007564254055,2.2414279895395155,30.293651428767102,42.05267009895337,0.2
5,2,2,9.457516878026063,12.271536273167888,8.10041731338366,30.293651428767102,42.05267009895337,0.2
5,2,3,4.316584657773912,5.953676395612478,3.1145918739169,30.293651428767102,42.05267009895337,0.2
5,2,4,4.548642423383891,6.298130884923644,3.337748703285181,30.293651428767102,42.05267009895337,0.2
5,2,5,3.4610853006670768,5.061321414447912,2.6216436773992497,30.293651428767102,42.05267009895337,0.2
5,2,6,6.67954528893606,8.859882297015107,5.279913077062392,30.293651428767102,42.05267009895337,0.2
5,2,7,5.4598251729261085,7.372005518764202,4.136027208079131,30.293651428767102,42.05267009895337,0.2
5,2,8,6.320633000005913,8.46040561088706,4.952757834727813,30.293651428767102,42.05267009895337,0.2
5,2,9,4.259028988076371,5.9008721302008285,3.0716681516909845,30.293651428767102,42.05267009895337,0.2
5,3,0,5.121725916025495,7.751707151561353,3.6780622956651357,45.87650857016613,56.027994547113266,0.2
5,3,1,4.534351906287313,7.165589049407155,3.322312977493697,45.87650857016613,56.027994547113266,0.2
5,3,2,16.386938531186047,21.07662973581297,11.828752767290842,45.87650857016613,56.027994547113266,0.2
5,3,3,6.300740272143859,5.4765919345751435,2.937708880547283,45.87650857016613,56.027994547113266,0.2
5,3,4,6.752180871337493,9.528233493283356,4.4597871563965406,45.87650857016613,56.027994547113266,0.2
5,3,5,5.30351858801565,7.8331230369275575,3.559126181422232,45.87650857016613,56.027994547113266,0.2
5,3,6,10.681130082134677,14.205962939098429,7.347789063560322,45.87650857016613,56.027994547113266,0.2
5,3,7,8.367078015860198,11.423461390283713,5.619942000972515,45.87650857016613,56.027994547113266,0.2
5,3,8,10.019303334340542,13.4714234593579,6.85903005697167,45.87650857016613,56.027994547113266,0.2
5,3,9,6.213906672042339,6.257986119064092,3.200642509403943,45.87650857016613,56.027994547113266,0.2
5,4,0,7.440626627143613,9.138363918144876,4.127136613677319,56.81866165131994,62.30616080834105,0.2
5,4,1,6.720954790020499,6.1034430767574435,2.969385909282665,56.81866165131994,62.30616080834105,0.2
5,4,2,23.92926648086768,26.547063534699188,13.902396830568899,56.81866165131994,62.30616080834105,0.2
5,4,3,5.942910468144621,7.995674965537048,3.828688908772059,56.81866165131994,62.30616080834105,0.2
5,4,4,9.022036170074257,10.720756257620202,4.843544054227419,56.81866165131994,62.30616080834105,0.2
5,4,5,7.200021888173387,6.792437648929387,3.221119848239922,56.81866165131994,62.30616080834105,0.2
5,4,6,14.864390693272567,16.986830994853687,8.327331665722513,56.81866165131994,62.30616080834105,0.2
5,4,7,11.368999960854914,13.255753453747893,6.236723974446859,56.81866165131994,62.30616080834105,0.2
5,4,8,13.875643633994677,15.938580892840271,7.715925400156365,56.81866165131994,62.30616080834105,0.2
5,4,9,6.474818522651504,8.383117754907333,3.927505924235181,56.81866165131994,62.30616080834105,0.2
5,5,0,8.349092569144075,5.839487790494531,3.0164995080861017,57.59081501106009,58.5597462981811,0.2
5,5,1,6.006992292901931,6.760371252187294,3.189654158358529,57.59081501106009,58.5597462981811,0.2
5,5,2,28.12419576486307,26.677071342356072,13.950020427849582,57.59081501106009,58.5597462981811,0.2
5,5,3,7.745340440599338,8.392772836414904,3.960821914985295,57.59081501106009,58.5597462981811,0.2
5,5,4,9.79836662965232,4.968077343053473,2.827074820076806,57.59081501106009,58.5597462981811,0.2
5,5,5,6.516243659135896,7.1761239458351245,3.347432847384595,57.59081501106009,58.5597462981811,0.2
5,5,6,16.845980503934413,16.52342184970628,8.167651515529121,57.59081501106009,58.5597462981811,0.2
5,5,7,12.616734231257063,12.605426239210521,6.0209317690626865,57.59081501106009,58.5597462981811,0.2
5,5,8,15.609121154125264,15.297822653487069,7.497457278174652,57.59081501106009,58.5597462981811,0.2
5,5,9,7.945244753622074,8.451042632416481,3.9497549949434423,57.59081501106009,58.5597462981811,0.2
5,6,0,6.102301906926294,6.387706345348144,3.212050689979415,52.94431007383703,54.675595644061524,0.2
5,6,1,6.452589367513684,6.25574662051467,3.0210618687845163,52.94431007383703,54.675595644061524,0.2
5,6,2,28.220537092856517,25.196348688529387,13.403384161687665,52.94431007383703,54.675595644061524,0.2
5,6,3,8.012642156917044,7.780213281793973,3.756172598907872,52.94431007383703,54.675595644061524,0.2
5,6,4,5.719100573142074,6.361278639226445,3.3611396110019007,52.94431007383703,54.675595644061524,0.2
5,6,5,6.771771648941263,5.295698593333436,2.7060461747811115,52.94431007383703,54.675595644061524,0.2
5,6,6,16.52295161484911,15.164419757613848,7.69139763434702,52.94431007383703,54.675595644061524,0.2
5,6,7,12.180192079373484,11.343181082671828,5.592266202963388,52.94431007383703,54.675595644061524,0.2
5,6,8,15.167165690914373,13.886419702317596,7.00626347950592,52.94431007383703,54.675595644061524,0.2
5,6,9,7.990254058694529,4.618445790711128,2.5874981472105474,52.94431007383703,54.675595644061524,0.2
5,7,0,6.497896982267906,7.564167203869402,3.615544529169176,53.14787476444067,57.67744885601815,0.2
5,7,1,6.1115314467672235,5.701608409128379,2.8311467732589897,53.14787476444067,57.67744885601815,0.2
5,7,2,27.1147058071384,27.45051750174059,14.231920654018365,53.14787476444067,57.67744885601815,0.2
5,7,3,7.598641787149779,4.947109735910225,2.7358833040226194,53.14787476444067,57.67744885601815,0.2
5,7,4,6.799500083683408,7.995562423165761,3.9445709448202573,53.14787476444067,57.67744885601815,0.2
5,7,5,5.474262696987663,6.620949785347266,3.1639756131456696,53.14787476444067,57.67744885601815,0.2
5,7,6,15.559502106726189,16.278663602196527,8.082772034628158,53.14787476444067,57.67744885601815,0.2
5,7,7,11.31301252425362,12.125737556818475,5.85961586110792,53.14787476444067,57.67744885601815,0.2
5,7,8,14.173493109085125,14.90933869415624,7.363666835981562,53.14787476444067,57.67744885601815,0.2
5,7,9,5.234443047500899,6.7067729687559785,3.359637930877623,53.14787476444067,57.67744885601815,0.2
5,8,0,7.3141547730351,7.66448946098574,3.6490447762622633,61.46677995068739,67.38196779960684,0.2
5,8,1,5.727338031030578,9.091311512893412,3.9246668018989235,61.46677995068739,67.38196779960684,0.2
5,8,2,28.790814092107272,34.58652278674546,16.730655994522273,61.46677995068739,67.38196779960684,0.2
5,8,3,5.534622451789407,9.220136766623702,4.230265667308801,61.46677995068739,67.38196779960684,0.2
5,8,4,7.979766856933844,11.455686494707997,5.0736469388371335,61.46677995068739,67.38196779960684,0.2
5,8,5,6.400642322603026,9.593855908603336,4.101891377318139,61.46677995068739,67.38196779960684,0.2
5,8,6,16.351242580329995,20.609684974821675,9.534044038505643,61.46677995068739,67.38196779960684,0.2
5,8,7,11.853854093873695,6.230639687288597,3.676599102271492,61.46677995068739,67.38196779960684,0.2
5,8,8,14.896511023696672,19.05694032082555,8.744006790133845,61.46677995068739,67.38196779960684,0.2
5,8,9,6.796462222924137,10.1642995756281,4.494559890788574,61.46677995068739,67.38196779960684,0.2
5,9,0,7.381924922233087,11.237531771851122,4.769914378186931,74.04845835123204,78.73439118143048,0.2
5,9,1,7.939501281229621,8.769041829814553,3.8267554869896445,74.04845835123204,78.73439118143048,0.2
5,9,2,33.84569223559341,41.85796333857633,19.12153724351925,74.04845835123204,78.73439118143048,0.2
5,9,3,8.557720025885878,12.359229081028372,5.193324450753189,74.04845835123204,78.73439118143048,0.2
5,9,4,10.263858922218285,14.343160976310203,5.938228014343287,74.04845835123204,78.73439118143048,0.2
5,9,5,8.298022097041406,9.757377938405075,4.150707316262488,74.04845835123204,78.73439118143048,0.2
5,9,6,19.287128992043453,24.75052588578256,10.837679607590804,74.04845835123204,78.73439118143048,0.2
5,9,7,7.437666624063124,12.23916566123988,5.897931171535133,74.04845835123204,78.73439118143048,0.2
5,9,8,17.688903699992643,23.00166732988048,9.97481356111737,74.04845835123204,78.73439118143048,0.2
5,9,9,9.092380528765757,12.884107338926686,5.306045700567972,74.04845835123204,78.73439118143048,0.2
5,10,0,9.649415664699795,13.139966520142007,5.321779933098423,81.97918098444279,81.41618900951333,0.2
5,10,1,7.741429177428866,11.376279079350926,4.591603524890836,81.97918098444279,81.41618900951333,0.2
5,10,2,38.682384290698536,44.50083456106264,19.958865312188962,81.97918098444279,81.41618900951333,0.2
5,10,3,10.505963489854997,13.945230496746403,5.65131449309776,81.97918098444279,81.41618900951333,0.2
5,10,4,12.012884483671483,8.470523313897733,4.107169517925627,81.97918098444279,81.41618900951333,0.2
5,10,5,8.396775501943335,11.854579408014246,4.756737949758257,81.97918098444279,81.41618900951333,0.2
5,10,6,21.924350645102066,26.336164017217925,11.31915400804253,81.97918098444279,81.41618900951333,0.2
5,10,7,11.931364993927778,16.351638914889307,7.223810298560356,81.97918098444279,81.41618900951333,0.2
5,10,8,20.17879454383235,24.47998801689912,10.419361473882919,81.97918098444279,81.41618900951333,0.2
5,10,9,10.733995715901104,9.838974530875243,4.393370581683481,81.97918098444279,81.41618900951333,0.2
5,11,0,10.765825668771047,11.227345608452811,4.766887413197692,76.98697645057989,73.65287485432299,0.2
5,11,1,9.288697336326923,7.401531289230577,3.398516008320541,76.98697645057989,73.65287485432299,0.2
5,11,2,40.376277711356856,38.803656978987156,18.133807376035836,76.98697645057989,73.65287485432299,0.2
5,11,3,11.432465715783009,11.894242908917994,5.0557693286433665,76.98697645057989,73.65287485432299,0.2
5,11,4,8.308699641462601,9.87633539088995,4.573224689686382,76.98697645057989,73.65287485432299,0.2
5,11,5,9.622760084577461,8.219694692032308,3.6811871911331764,76.98697645057989,73.65287485432299,0.2
5,11,6,22.89836113114286,22.675138618355568,10.193238165866802,76.98697645057989,73.65287485432299,0.2
5,11,7,14.613584799868768,15.218890416886591,6.869759349358983,76.98697645057989,73.65287485432299,0.2
5,11,8,21.07810368295782,20.883051674621548,9.322428016742924,76.98697645057989,73.65287485432299,0.2
5,11,9,8.887677125944933,10.017393631251808,4.448988364313194,76.98697645057989,73.65287485432299,0.2
5,12,0,9.643292191390247,6.182071085804829,3.139313782525284,66.28765950046022,63.44776827413493,0.2
5,12,1,6.8751115863606564,7.210758830696515,3.336959177061021,66.28765950046022,63.44776827413493,0.2
5,12,2,36.68423185019098,32.53732223395727,16.03043857324888,66.28765950046022,63.44776827413493,0.2
5,12,3,10.227692970762211,5.303968047464977,2.8725799028406436,66.28765950046022,63.44776827413493,0.2
5,12,4,9.251517419401834,9.35399729498329,4.402542191002175,66.28765950046022,63.44776827413493,0.2
5,12,5,7.446948211325031,7.673838879132556,3.508308656796063,66.28765950046022,63.44776827413493,0.2
5,12,6,20.620661972787367,18.932400625995708,8.984029852314315,66.28765950046022,63.44776827413493,0.2
5,12,7,13.897348720045434,13.258278661551826,6.237555613469276,66.28765950046022,63.44776827413493,0.2
5,12,8,18.859035153580294,17.287828779984764,8.167545852328734,66.28765950046022,63.44776827413493,0.2
5,12,9,9.000190487903227,9.030926252345504,4.137571952447912,66.28765950046022,63.44776827413493,0.2
5,13,0,6.350752065495523,7.419333832559259,3.5669446425376576,60.04333285778813,61.50549264569419,0.2
5,13,1,6.750583679834445,7.359343619071168,3.3849446475502,60.04333285778813,61.50549264569419,0.2
5,13,2,32.429170172969,31.178942204612415,15.558979274643395,60.04333285778813,61.50549264569419,0.2
5,13,3,5.811156200063355,7.207857098327898,3.5605394812879494,60.04333285778813,61.50549264569419,0.2
5,13,4,8.906231058702101,9.4537887310741,4.435367230858936,60.04333285778813,61.50549264569419,0.2
5,13,5,7.097219326263374,6.008019928201797,2.9559758168634067,60.04333285778813,61.50549264569419,0.2
5,13,6,18.174464259881308,18.0456176336679,8.687352258350515,60.04333285778813,61.50549264569419,0.2
5,13,7,12.618416615881612,12.912131858912712,6.123109098559492,60.04333285778813,61.50549264569419,0.2
5,13,8,16.522737860877832,16.455589969223603,7.890284894634393,60.04333285778813,61.50549264569419,0.2
5,13,9,8.370202994492567,5.214304024741523,2.816893300080796,60.04333285778813,61.50549264569419,0.2
5,14,0,7.2158384364758135,9.764844675967545,4.3232133479966075,64.08975070504461,68.29463331313345,0.2
5,14,1,6.84765706813964,7.211499575586925,3.337199132133922,64.08975070504461,68.29463331313345,0.2
5,14,2,31.475419983649804,35.760772003351576,17.126276781096138,64.08975070504461,68.29463331313345,0.2
5,14,3,7.2028809579138295,9.81994277400201,4.421073735584557,64.08975070504461,68.29463331313345,0.2
5,14,4,8.972635280806527,6.1688824973345096,3.2896523733981424,64.08975070504461,68.29463331313345,0.2
5,14,5,5.979864016460068,8.559258096464678,3.78699042615396,64.08975070504461,68.29463331313345,0.2
5,14,6,17.57429302082274,20.764423264248354,9.584095162800685,64.08975070504461,68.29463331313345,0.2
5,14,7,12.38689422235795,15.19350870339834,6.861737283515574,64.08975070504461,68.29463331313345,0.2
5,14,8,15.96184598394599,19.080094310609546,8.751442151397514,64.08975070504461,68.29463331313345,0.2
5,14,9,5.698503616729346,8.595430166794547,3.996872399289846,64.08975070504461,68.29463331313345,0.2
5,15,0,8.745750823698089,9.014147263582291,4.087786308416882,75.05994992458082,78.95663873935405,0.2
5,15,1,6.751069102853748,10.641813188476435,4.3820280776406655,75.05994992458082,78.95663873935405,0.2
5,15,2,34.64602304083896,42.80081601885264,19.422027862261494,75.05994992458082,78.95663873935405,0.2
5,15,3,8.943719902820991,12.77846698026499,5.316020131475805,75.05994992458082,78.95663873935405,0.2
5,15,4,6.654883217285478,11.002372034140038,4.932259147344486,75.05994992458082,78.95663873935405,0.2
5,15,5,7.660985469111936,7.977947865944902,3.6050621594426353,75.05994992458082,78.95663873935405,0.2
5,15,6,19.388381145544784,24.9091216815616,10.886244799956472,75.05994992458082,78.95663873935405,0.2
5,15,7,13.881120284548429,18.497455274707946,7.875022820747402,75.05994992458082,78.95663873935405,0.2
5,15,8,17.703945247023015,23.067732262562995,9.994859554946183,75.05994992458082,78.95663873935405,0.2
5,15,9,8.085571371235682,11.963186813371992,5.03762425585995,75.05994992458082,78.95663873935405,0.2
5,16,0,8.26948790082399,12.199486051750073,5.0521938387420855,84.09109294654208,83.7830172978916,0.2
5,16,1,8.864731528286374,8.307307130292479,3.684566518276675,84.09109294654208,83.7830172978916,0.2
5,16,2,39.29026918205981,46.37383687550303,20.543255114398338,84.09109294654208,83.7830172978916,0.2
5,16,3,10.75417373634706,9.428651505113441,4.297008345343092,84.09109294654208,83.7830172978916,0.2
5,16,4,9.97783501028697,14.051603631877057,5.853472497253682,84.09109294654208,83.7830172978916,0.2
5,16,5,7.292949205256984,11.15529402849935,4.558538602386935,84.09109294654208,83.7830172978916,0.2
5,16,6,22.022596796042528,27.055032141314452,11.534554997595812,84.09109294654208,83.7830172978916,0.2
5,16,7,15.930971196022247,20.231585629722566,8.384832202131086,84.09109294654208,83.7830172978916,0.2
5,16,8,20.219347080320382,25.119440887835797,10.609141514048979,84.09109294654208,83.7830172978916,0.2
5,16,9,10.190985949278952,13.884067774914799,5.591066524639442,84.09109294654208,83.7830172978916,0.2
5,17,0,10.220459845484285,11.72332953465786,4.913337663279958,81.37087644186465,77.14648143256144,0.2
5,17,1,7.453784504325121,9.416846271714524,4.022518506608482,81.37087644186465,77.14648143256144,0.2
5,17,2,41.558483441823945,42.029513901109006,19.17636093836444,81.37087644186465,77.14648143256144,0.2
5,17,3,8.692738768753312,10.847064314469629,4.739909383356194,81.37087644186465,77.14648143256144,0.2
5,17,4,11.84142622479493,13.285406253238278,5.628178283438932,81.37087644186465,77.14648143256144,0.2
5,17,5,9.22180783771867,6.963369367414844,3.277649610099091,81.37087644186465,77.14648143256144,0.2
5,17,6,23.334111863334684,24.445225722701444,10.743926841870728,81.37087644186465,77.14648143256144,0.2
5,17,7,16.9623026289786,18.190673823561188,7.783368304156777,81.37087644186465,77.14648143256144,0.2
5,17,8,21.46202388513172,22.560551407462597,9.840520298781824,81.37087644186465,77.14648143256144,0.2
5,17,9,11.310585605467692,7.895767305259461,3.7662486652620193,81.37087644186465,77.14648143256144,0.2
5,18,0,9.939557328497418,6.241598783721711,3.160443453491388,69.7296380569017,65.51022969581489,0.2
5,18,1,8.137452795110022,8.169485962373262,3.641669476122067,69.7296380569017,65.51022969581489,0.2
5,18,2,38.793291233233006,34.66108408086383,16.755895289322865,69.7296380569017,65.51022969581489,0.2
5,18,3,9.588716322073651,9.758336115923365,4.4016400977908825,69.7296380569017,65.51022969581489,0.2
5,18,4,11.385661751140667,5.2671546660380075,2.9451587462567006,69.7296380569017,65.51022969581489,0.2
5,18,5,6.6306019319175045,7.506266030967493,3.4545039065573335,69.7296380569017,65.51022969581489,0.2
5,18,6,21.73469118071308,20.108436432648787,9.371131194379391,69.7296380569017,65.51022969581489,0.2
5,18,7,15.745556436341333,14.859946178393844,6.755935526863769,69.7296380569017,65.51022969581489,0.2
5,18,8,19.90712268423456,18.389488062001117,8.528487395070037,69.7296380569017,65.51022969581489,0.2
5,18,9,7.6190254135228,8.498544221237552,3.965282461897166,69.7296380569017,65.51022969581489,0.2
5,19,0,6.393496853314496,7.193691180735486,3.490657059229076,60.590494992350884,60.891110622221454,0.2
5,19,1,7.36700487733037,5.8339392865765785,2.8769846713315137,60.590494992350884,60.891110622221454,0.2
5,19,2,33.89675068807393,31.255190597865315,15.585604254661744,60.590494992350884,60.891110622221454,0.2
5,19,3,8.904406147042494,5.059992846377997,2.7794343491472366,60.590494992350884,60.891110622221454,0.2
5,19,4,5.957981357300434,7.1853019070618425,3.6603024553905903,60.590494992350884,60.891110622221454,0.2
5,19,5,6.988373682793732,7.316284056160074,3.393066041215939,60.590494992350884,60.891110622221454,0.2
5,19,6,18.957560445219727,18.024430099701085,8.680211067312142,60.590494992350884,60.891110622221454,0.2
5,19,7,13.667086017464426,13.246493090911935,6.233673807086231,60.590494992350884,60.891110622221454,0.2
5,19,8,17.252913436459693,16.414316924711184,7.876426679106701,60.590494992350884,60.891110622221454,0.2
5,19,9,8.02166573005315,8.34391895072252,3.914641591593233,60.590494992350884,60.891110622221454,0.2
5,20,0,7.061510592612141,7.275054447254906,3.518246822462166,61.80372959755512,60.891110622221454,0.2
5,20,1,5.820066934870158,6.019411290869711,2.9407088419152663,61.80372959755512,60.891110622221454,0.2
5,20,2,31.52928164213916,32.325081964800226,15.957170401556933,61.80372959755512,60.891110622221454,0.2
5,20,3,5.622725110185399,5.784033863081163,3.0522005565205363,61.80372959755512,60.891110622221454,0.2
5,20,4,7.4046989212435985,7.627430646966371,3.8165437563029556,61.80372959755512,60.891110622221454,0.2
5,20,5,6.864086441298987,7.084125991159589,3.3173348800810976,61.80372959755512,60.891110622221454,0.2
5,20,6,17.55984657268828,18.0136176438037,8.676565792962903,61.80372959755512,60.891110622221454,0.2
5,20,7,12.610563820139372,12.952527736227408,6.136512207663908,61.80372959755512,60.891110622221454,0.2
5,20,8,15.933811165834951,16.364725261761883,7.859761493241394,61.80372959755512,60.891110622221454,0.2
5,20,9,7.919220535351241,8.152396103994466,3.8515243076972667,61.80372959755512,60.891110622221454,0.2
6,0,0,2.0,2.0,1.6089450202485291,17.710670791999362,17.710670791999362,0.0
6,0,1,2.0,2.0,1.3625230958714931,17.710670791999362,17.710670791999362,0.0
6,0,2,2.0,2.0,1.516473410389629,17.710670791999362,17.710670791999362,0.0
6,0,3,2.0,2.0,1.4172650104822584,17.710670791999362,17.710670791999362,0.0
6,0,4,2.0,2.0,1.3187588063850904,17.710670791999362,17.710670791999362,0.0
6,0,5,2.0,2.0,1.61066243936482,17.710670791999362,17.710670791999362,0.0
6,0,6,2.0,2.0,1.616559663899031,17.710670791999362,17.710670791999362,0.0
6,0,7,2.0,2.0,1.499582821255724,17.710670791999362,17.710670791999362,0.0
6,0,8,2.0,2.0,1.5881406951377794,17.710670791999362,17.710670791999362,0.0
6,0,9,2.0,2.0,1.801116654932336,17.710670791999362,17.710670791999362,0.0
6,1,0,3.2548549200432744,3.9163678676780838,2.575364127439316,17.710670791999362,26.885638439273656,0.0
6,1,1,2.7563496244171786,2.667815578092206,1.666985946843756,17.710670791999362,26.885638439273656,0.0
6,1,2,3.0677872014290792,3.6741417697147765,2.321255468214826,17.710670791999362,26.885638439273656,0.0
6,1,3,2.867091127614047,3.4142688894717055,2.0608124670325845,17.710670791999362,26.885638439273656,0.0
6,1,4,2.667815578092207,2.9268188627718867,1.7215572416105618,17.710670791999362,26.885638439273656,0.0
6,1,5,3.25832921530513,3.9208665860603147,2.5801857928480953,17.710670791999362,26.885638439273656,0.0
6,1,6,3.2702591507896948,3.936314156292034,2.5967704930847146,17.710670791999362,26.885638439273656,0.0
6,1,7,3.033617968513694,3.629897471335521,2.2760170467431724,17.710670791999362,26.885638439273656,0.0
6,1,8,3.212768298628179,3.861871676900976,2.5172506672952917,17.710670791999362,26.885638439273656,0.0
6,1,9,3.643613257196852,4.4197546398962455,3.137614313150681,17.710670791999362,26.885638439273656,0.0
6,2,0,5.2098962336227,7.121683910538861,3.914065533230537,29.14798690474212,39.57165414219092,0.2
6,2,1,3.3722702407129415,5.04796444901393,2.6049793027077137,29.14798690474212,39.57165414219092,0.2
6,2,2,4.695840868589362,6.55883502471305,3.482511008316496,29.14798690474212,39.57165414219092,0.2
6,2,3,4.168971290623352,4.031328471842866,2.314961637500575,29.14798690474212,39.57165414219092,0.2
6,2,4,3.482666584298027,4.539918898622149,2.3408740221344604,29.14798690474212,39.57165414219092,0.2
6,2,5,5.219650340308176,7.056510903978259,3.8931088441601056,29.14798690474212,39.57165414219092,0.2
6,2,6,5.2532007677517845,7.118549463446952,3.9313779378929308,29.14798690474212,39.57165414219092,0.2
6,2,7,4.604324690690841,6.389794307552599,3.381351151435507,29.14798690474212,39.57165414219092,0.2
6,2,8,5.09233417942566,6.9970040259833945,3.8159832885553637,29.14798690474212,39.57165414219092,0.2
6,2,9,6.347314082105305,8.453331331933745,4.940152656831251,29.14798690474212,39.57165414219092,0.2
6,3,0,7.918055183911349,10.707773637810908,5.207264453805116,43.16989447086394,51.917618765130754,0.2
6,3,1,5.269806981172918,5.536314299358909,2.7789286213567213,43.16989447086394,51.917618765130754,0.2
6,3,2,7.045031338468556,9.758161786004552,4.5990847523811285,43.16989447086394,51.917618765130754,0.2
6,3,3,4.6831086088735905,7.064237046769109,3.4282758010341468,43.16989447086394,51.917618765130754,0.2
6,3,4,4.735528704995104,6.238229259106232,2.9240669207157914,43.16989447086394,51.917618765130754,0.2
6,3,5,7.875660334074792,10.542740354606448,5.156452146550275,43.16989447086394,51.917618765130754,0.2
6,3,6,7.953077738929711,10.666329725371705,5.217725704650259,43.16989447086394,51.917618765130754,0.2
6,3,7,6.840387516749215,9.428350967773191,4.439708722338995,43.16989447086394,51.917618765130754,0.2
6,3,8,7.719637293534609,10.49849665753679,5.069404633763303,43.16989447086394,51.917618765130754,0.2
6,3,9,9.993803379538912,13.098236625634694,6.712276335653464,43.16989447086394,51.917618765130754,0.2
6,4,0,10.534163762050731,12.58308745560514,5.830036282262642,52.65028024298919,56.52981256796382,0.2
6,4,1,5.621702035707125,7.696240383559019,3.499596007973149,52.65028024298919,56.52981256796382,0.2
6,4,2,9.303831669569076,11.240460840736157,5.07764909878162,52.65028024298919,56.52981256796382,0.2
6,4,3,6.935314891330259,8.888705073920491,4.0264009144984865,52.65028024298919,56.52981256796382,0.2
6,4,4,5.915313129815619,6.818036553729238,3.1117586360428566,52.65028024298919,56.52981256796382,0.2
6,4,5,10.43137175475043,12.47276771359472,5.800394313830538,52.65028024298919,56.52981256796382,0.2
6,4,6,10.555326606868052,12.606776804464623,5.865345317976379,52.65028024298919,56.52981256796382,0.2
6,4,7,8.981418007827251,5.805956784066046,3.161994563451297,52.65028024298919,56.52981256796382,0.2
6,4,8,10.255276846778722,12.279872729028408,5.657228016238689,52.65028024298919,56.52981256796382,0.2
6,4,9,13.578764582283242,15.861561152509976,7.674728062853272,52.65028024298919,56.52981256796382,0.2
6,5,0,11.794015356983552,11.716838617390511,5.54609776217842,52.25162224689138,52.548895338869514,0.2
6,5,1,7.079593858934795,5.293660638156648,2.693097912095016,52.25162224689138,52.548895338869514,0.2
6,5,2,10.271955190159186,5.967614062108199,3.2596750846166316,52.25162224689138,52.548895338869514,0.2
6,5,3,8.145306807685568,8.467906743654698,3.8920043318606963,52.25162224689138,52.548895338869514,0.2
6,5,4,6.295008703869041,6.869355180927864,3.1281354958955325,52.25162224689138,52.548895338869514,0.2
6,5,5,11.734050407543513,11.822300966816336,5.586952023065396,52.25162224689138,52.548895338869514,0.2
6,5,6,11.865444639630566,11.9016391638057,5.6337229594146425,52.25162224689138,52.548895338869514,0.2
6,5,7,6.396634709376079,7.646594778142931,3.834220746747965,52.25162224689138,52.548895338869514,0.2
6,5,8,11.444428622935096,11.34925044126784,5.353588707031826,52.25162224689138,52.548895338869514,0.2
6,5,9,15.525779986884544,15.311358153569643,7.487389842815754,52.25162224689138,52.548895338869514,0.2
6,6,0,11.219614940900234,10.397098181300091,5.101039758805044,47.50985420415204,48.139752178268495,0.2
6,6,1,5.448068690368753,5.6410105662648045,2.815611400046117,47.50985420415204,48.139752178268495,0.2
6,6,2,6.594239923293377,6.857775951886613,3.592874996914119,47.50985420415204,48.139752178268495,0.2
6,6,3,7.873425933739954,4.2347101250357255,2.396109436469152,47.50985420415204,48.139752178268495,0.2
6,6,4,6.328138675493619,4.894061589084264,2.467248974295016,47.50985420415204,48.139752178268495,0.2
6,6,5,11.302262073262881,10.630179981689137,5.18635172890048,47.50985420415204,48.139752178268495,0.2
6,6,6,11.396878489843644,10.670510814054099,5.21915732586924,47.50985420415204,48.139752178268495,0.2
6,6,7,7.756531208354707,7.6338513720716215,3.8297466926627917,47.50985420415204,48.139752178268495,0.2
6,6,8,10.830174010718551,10.013622552113606,4.904354217197312,47.50985420415204,48.139752178268495,0.2
6,6,9,15.146799524825576,13.986326117612265,7.027703018457882,47.50985420415204,48.139752178268495,0.2
6,7,0,10.319273901427852,11.885854765576067,5.601979309632195,46.79465289446211,50.30125275398683,0.2
6,7,1,5.6959103655104615,7.499772148211887,3.4368179199180937,46.79465289446211,50.30125275398683,0.2
6,7,2,7.268294884930253,9.23545038068408,4.425215841489829,46.79465289446211,50.30125275398683,0.2
6,7,3,4.847268545602043,7.353293798801922,3.52587905740144,46.79465289446211,50.30125275398683,0.2
6,7,4,4.9911820241784275,6.9280059158387095,3.1468073125309997,46.79465289446211,50.30125275398683,0.2
6,7,5,10.491857850605196,5.651477406650002,3.332705445449972,46.79465289446211,50.30125275398683,0.2
6,7,6,10.558222740240913,12.13768818344662,5.711707049548297,46.79465289446211,50.30125275398683,0.2
6,7,7,7.747480310549998,9.519976693484935,4.469866776725965,46.79465289446211,50.30125275398683,0.2
6,7,8,9.921384045188754,4.5758989899638705,2.834663279422549,46.79465289446211,50.30125275398683,0.2
6,7,9,14.216864751971018,15.768580105283784,7.643207626452909,46.79465289446211,50.30125275398683,0.2
6,8,0,11.332661892399829,14.320922167685449,6.382633334460086,53.60597764980042,59.24539440739815,0.2
6,8,1,6.952595380922573,6.479266749423941,3.102351324401106,53.60597764980042,59.24539440739815,0.2
6,8,2,8.952099277886918,11.841967765785416,5.2663596560980785,53.60597764980042,59.24539440739815,0.2
6,8,3,7.132763800523103,9.69231497639414,4.277887229569465,53.60597764980042,59.24539440739815,0.2
6,8,4,6.365911286413978,7.2745808315303435,3.256191644462272,53.60597764980042,59.24539440739815,0.2
6,8,5,6.741978488800242,9.878988839207171,4.926996802670422,53.60597764980042,59.24539440739815,0.2
6,8,6,11.554638323935063,14.469366655694317,6.459299268658757,53.60597764980042,59.24539440739815,0.2
6,8,7,9.042426986049016,11.804786802232398,5.1962515047301885,53.60597764980042,59.24539440739815,0.2
6,8,8,5.734451833704864,9.066898140108124,4.574978876637656,53.60597764980042,59.24539440739815,0.2
6,8,9,15.462014944444633,18.840856346463774,8.657475914395281,53.60597764980042,59.24539440739815,0.2
6,9,0,12.911905161489381,17.840843842731946,7.444079135806835,65.10688636053956,68.8291388236866,0.2
6,9,1,6.275977951297519,10.716606959951397,4.412279218525267,65.10688636053956,68.8291388236866,0.2
6,9,2,10.65371185568571,15.421682136626037,6.335866620147938,65.10688636053956,68.8291388236866,0.2
6,9,3,8.654057237085503,7.718084205097531,3.6474279951497297,65.10688636053956,68.8291388236866,0.2
6,9,4,6.587193012316056,10.499933025863177,4.209930691420451,65.10688636053956,68.8291388236866,0.2
6,9,5,9.967189420637983,14.787707254150389,6.5345265251527715,65.10688636053956,68.8291388236866,0.2
6,9,6,13.066998399596248,17.860475432607085,7.485069753720399,65.10688636053956,68.8291388236866,0.2
6,9,7,10.511884845723822,8.8848265562848,4.2589616319080985,65.10688636053956,68.8291388236866,0.2
6,9,8,9.255066095060213,14.26957629514202,6.284282964841821,65.10688636053956,68.8291388236866,0.2
6,9,9,17.513853935650907,23.08754853202449,9.981258886949837,65.10688636053956,68.8291388236866,0.2
6,10,0,15.05918306433474,18.666237968643017,7.683515393677261,71.66571486693785,71.11767807784781,0.2
6,10,1,8.925928818129105,12.158188432009226,4.819822943066749,71.66571486693785,71.11767807784781,0.2
6,10,2,12.817297285982463,7.987928438457768,3.9977692093280996,71.66571486693785,71.11767807784781,0.2
6,10,3,7.378654215097333,11.201317757028898,4.733893144109064,71.66571486693785,71.11767807784781,0.2
6,10,4,8.516582886029518,9.345083205925262,3.880186466732551,71.66571486693785,71.11767807784781,0.2
6,10,5,13.219181229238913,16.933235742601433,7.184581941001624,71.66571486693785,71.11767807784781,0.2
6,10,6,15.142106043499666,18.700191954660653,7.729706187933349,71.66571486693785,71.11767807784781,0.2
6,10,7,8.615771233594009,12.652199081482323,5.454634706891336,71.66571486693785,71.11767807784781,0.2
6,10,8,12.71294486116126,16.498000674668766,6.956165392011893,71.66571486693785,71.11767807784781,0.2
6,10,9,20.191833274325354,24.232641966222737,10.325269148163484,71.66571486693785,71.11767807784781,0.2
6,11,0,15.5435565340049,6.951955666938793,3.8485320063707364,67.24872625466949,63.807431537385796,0.2
6,11,1,9.750379424124144,8.29187515517636,3.687056594956287,67.24872625466949,63.807431537385796,0.2
6,11,2,8.087385595170385,10.734678410621193,4.916614184472101,67.24872625466949,63.807431537385796,0.2
6,11,3,9.57654562284699,11.03307183945548,4.684007487239403,67.24872625466949,63.807431537385796,0.2
6,11,4,7.849518692676608,9.337849467601353,3.8780837503493557,67.24872625466949,63.807431537385796,0.2
6,11,5,14.534226828652612,15.676317301936336,6.806978295975946,67.24872625466949,63.807431537385796,0.2
6,11,6,15.636999337862742,16.48003714464457,7.0752448117692905,67.24872625466949,63.807431537385796,0.2
6,11,7,11.034587502574608,12.432575556632578,5.388181727257718,67.24872625466949,63.807431537385796,0.2
6,11,8,14.072145950224778,15.047705568101854,6.52224602773677,67.24872625466949,63.807431537385796,0.2
6,11,9,20.887757297312575,21.50466419199942,9.497159040871251,67.24872625466949,63.807431537385796,0.2
6,12,0,7.785482523165948,8.668534594669312,4.491404685132196,57.426750873131766,55.217366283865665,0.2
6,12,1,7.458821866217492,7.268947373444387,3.3624276082395093,57.426750873131766,55.217366283865665,0.2
6,12,2,9.946185647668468,9.469249270918567,4.503339482548222,57.426750873131766,55.217366283865665,0.2
6,12,3,9.475628205745487,5.726501325472452,2.9597336103143697,57.426750873131766,55.217366283865665,0.2
6,12,4,7.845264950827653,6.487654421026377,3.005424147858327,57.426750873131766,55.217366283865665,0.2
6,12,5,13.770344243250001,12.813829287321944,5.910970443301959,57.426750873131766,55.217366283865665,0.2
6,12,6,14.313040592611872,13.16820404767819,6.046991031126841,57.426750873131766,55.217366283865665,0.2
6,12,7,10.900154812215428,10.155275255151432,4.676636869181153,57.426750873131766,55.217366283865665,0.2
6,12,8,13.194338094804852,12.05980408051077,5.586067177514691,57.426750873131766,55.217366283865665,0.2
6,12,9,19.212511578449327,17.446791772789634,8.20392628930686,57.426750873131766,55.217366283865665,0.2
6,13,0,9.085997627843,10.11872866907778,5.005049446628432,52.254551948742396,53.543302632636916,0.2
6,13,1,6.802105669388992,6.27274784690419,3.03279710401802,52.254551948742396,53.543302632636916,0.2
6,13,2,9.11014141995547,9.712130466565057,4.5838875837704185,52.254551948742396,53.543302632636916,0.2
6,13,3,5.987465937189768,7.2984578673852685,3.5074528539377665,52.254551948742396,53.543302632636916,0.2
6,13,4,6.079896734421982,6.953904277046818,3.1550371077221273,52.254551948742396,53.543302632636916,0.2
6,13,5,11.957743109606012,12.384782273499988,5.77172190102297,52.254551948742396,53.543302632636916,0.2
6,13,6,12.232909304806773,12.59199935596304,5.860531791005907,52.254551948742396,53.543302632636916,0.2
6,13,7,9.460717632575653,5.343763199561358,2.983613084389998,52.254551948742396,53.543302632636916,0.2
6,13,8,11.300472053182677,11.669472849839302,5.458883726620078,52.254551948742396,53.543302632636916,0.2
6,13,9,16.596334561076628,16.6954986064466,7.955004337234443,52.254551948742396,53.543302632636916,0.2
6,14,0,10.125087937375287,13.30555882066849,6.062383283920583,55.79301571354363,60.319465493371816,0.2
6,14,1,6.13527152965193,9.029801434881465,3.913790870900506,55.79301571354363,60.319465493371816,0.2
6,14,2,9.27308818337111,12.27044307727232,5.3990329065100235,55.79301571354363,60.319465493371816,0.2
6,14,3,7.095488058812431,9.927598739257007,4.350318148678599,55.79301571354363,60.319465493371816,0.2
6,14,4,6.38255995310655,7.862938235382995,3.4383792777452484,55.79301571354363,60.319465493371816,0.2
6,14,5,11.676046844512001,14.621706579051114,6.483091919331685,55.79301571354363,60.319465493371816,0.2
6,14,6,11.855706996799128,6.5513059274034395,3.7093708722337104,55.79301571354363,60.319465493371816,0.2
6,14,7,6.035773506873597,9.537281763571158,4.475552840901325,55.79301571354363,60.319465493371816,0.2
6,14,8,11.043183161590553,14.06983382237823,6.222576651704859,55.79301571354363,60.319465493371816,0.2
6,14,9,16.092771772905945,19.428507114174547,8.845623425232755,55.79301571354363,60.319465493371816,0.2
6,15,0,12.264047441353242,17.526927238413975,7.3521482488489704,66.29475611430352,70.42885967604562,0.2
6,15,1,7.917499548992193,12.479418688183795,4.908614485403964,66.29475611430352,70.42885967604562,0.2
6,15,2,10.922106472298992,16.00766460280105,6.503443720191606,66.29475611430352,70.42885967604562,0.2
6,15,3,8.800583147205916,10.055859838056474,4.389585538135687,66.29475611430352,70.42885967604562,0.2
6,15,4,6.955753968159368,11.130301096361283,4.385299050334561,66.29475611430352,70.42885967604562,0.2
6,15,5,13.115130327741117,8.404031968282263,4.399718809018664,66.29475611430352,70.42885967604562,0.2
6,15,6,7.503963082523573,13.246298010095686,6.072071910376573,66.29475611430352,70.42885967604562,0.2
6,15,7,9.053929749489617,14.025530563660205,5.862636518576193,66.29475611430352,70.42885967604562,0.2
6,15,8,12.588114556592776,17.80999450918671,7.338928006231731,66.29475611430352,70.42885967604562,0.2
6,15,9,17.894471572447877,23.81212174781559,10.199514771361875,66.29475611430352,70.42885967604562,0.2
6,16,0,14.87320921441877,19.0444171224544,7.792155066118831,75.00876278039208,75.60197049094735,0.2
6,16,1,9.930002459589877,9.929524379109784,4.182854791078679,75.00876278039208,75.60197049094735,0.2
6,16,2,13.156301504087729,17.15180819880378,6.825441377893128,75.00876278039208,75.60197049094735,0.2
6,16,3,8.880020078961307,12.588447162926737,5.1370120135520985,75.00876278039208,75.60197049094735,0.2
6,16,4,8.871348622986357,11.029120874236373,4.35735559527657,75.00876278039208,75.60197049094735,0.2
6,16,5,8.900519428643555,13.589182887943503,6.159122962958277,75.00876278039208,75.60197049094735,0.2
6,16,6,12.283647286650545,16.53864377855637,7.092848218812793,75.00876278039208,75.60197049094735,0.2
6,16,7,11.859964807228495,15.736154049094583,6.354457488384541,75.00876278039208,75.60197049094735,0.2
6,16,8,14.84646499930554,18.974436567273212,7.671604399468949,75.00876278039208,75.60197049094735,0.2
6,16,9,20.633359386322137,25.342550395417295,10.654082817193409,75.00876278039208,75.60197049094735,0.2
6,17,0,15.763331832668438,17.239399647099017,7.267511093182192,73.42536468587154,69.2276264632373,0.2
6,17,1,8.46180902717609,10.398025892633363,4.320047299686072,73.42536468587154,69.2276264632373,0.2
6,17,2,13.807694589135671,7.895997018562542,3.9655066806895625,73.42536468587154,69.2276264632373,0.2
6,17,3,10.392044859338158,12.121649218184626,5.002916642637994,73.42536468587154,69.2276264632373,0.2
6,17,4,8.814819722971825,9.229031217154281,3.846393006043121,73.42536468587154,69.2276264632373,0.2
6,17,5,12.459749355537113,14.832189272129702,6.548279607921437,73.42536468587154,69.2276264632373,0.2
6,17,6,14.348651838057796,16.246634304947396,7.004951371252102,73.42536468587154,69.2276264632373,0.2
6,17,7,12.854906140347438,14.36740392875318,5.96230613202697,73.42536468587154,69.2276264632373,0.2
6,17,8,15.519460895177204,16.911539356035433,7.077765603729331,73.42536468587154,69.2276264632373,0.2
6,17,9,21.55293900019899,23.00959401101819,9.957655894340064,73.42536468587154,69.2276264632373,0.2
6,18,0,14.701990397695043,13.636116928416893,6.16742261025237,62.572099818184185,58.79247226347352,0.2
6,18,1,8.7393459883613,6.208790823750841,3.011118143263713,62.572099818184185,58.79247226347352,0.2
6,18,2,8.022119318976586,8.731581446295179,4.254796951965749,62.572099818184185,58.79247226347352,0.2
6,18,3,10.120773329060896,6.967028008643737,3.395184331083058,62.572099818184185,58.79247226347352,0.2
6,18,4,7.781155379818789,7.812753708038357,3.423002918185377,62.572099818184185,58.79247226347352,0.2
6,18,5,13.247003366448073,12.830694574684959,5.91641529353437,62.572099818184185,58.79247226347352,0.2
6,18,6,14.170838747406,13.449166235427494,6.13701937423078,62.572099818184185,58.79247226347352,0.2
6,18,7,12.061593904330248,11.295029924896772,5.038144620170178,62.572099818184185,58.79247226347352,0.2
6,18,8,14.318140090736597,13.221576209280634,5.957530031790804,62.572099818184185,58.79247226347352,0.2
6,18,9,20.144085019626264,18.571200406822427,8.57055268240141,62.572099818184185,58.79247226347352,0.2
6,19,0,12.47653933126023,12.255795652028146,5.723468075616521,54.37723257586891,53.80661714574215,0.2
6,19,1,6.091415542539528,6.823445959803016,3.216810703532483,54.37723257586891,53.80661714574215,0.2
6,19,2,8.6073461918243,9.054974639856637,4.364503737439319,54.37723257586891,53.80661714574215,0.2
6,19,3,6.868371687910463,7.676136080434036,3.633539904016744,54.37723257586891,53.80661714574215,0.2
6,19,4,6.924647983221442,5.927294034071824,2.8212651616897007,54.37723257586891,53.80661714574215,0.2
6,19,5,11.96875790336517,12.033697662232308,5.65669680219156,54.37723257586891,53.80661714574215,0.2
6,19,6,12.415034356817522,12.346401742742502,5.7802819689557055,54.37723257586891,53.80661714574215,0.2
6,19,7,10.19203863306494,5.028954384348348,2.85945882388816,54.37723257586891,53.80661714574215,0.2
6,19,8,12.051931974831938,11.828711168236577,5.510920888865754,54.37723257586891,53.80661714574215,0.2
6,19,9,17.33801044456778,16.75980137974775,7.9764390769203075,54.37723257586891,53.80661714574215,0.2
6,20,0,11.5784305810235,11.912490976663348,5.610764186893663,54.61305570966281,53.80661714574215,0.2
6,20,1,6.507526368814803,6.734050153219685,3.1872513833053167,54.61305570966281,53.80661714574215,0.2
6,20,2,8.829280233054389,9.111915278124467,4.38369746272376,54.61305570966281,53.80661714574215,0.2
6,20,3,7.350558959395417,7.571293102948396,3.598728719555573,54.61305570966281,53.80661714574215,0.2
6,20,4,5.7073477817495375,5.887142160493134,2.807873525094571,54.61305570966281,53.80661714574215,0.2
6,20,5,11.44335399040686,11.748273638694291,5.562440410984357,54.61305570966281,53.80661714574215,0.2
6,20,6,11.693363644574234,12.011314643548152,5.67001387699268,54.61305570966281,53.80661714574215,0.2
6,20,7,5.784612590525864,5.960855213360177,3.22081263212506,54.61305570966281,53.80661714574215,0.2
6,20,8,11.148453019434587,11.478784643241132,5.396287915025093,54.61305570966281,53.80661714574215,0.2
6,20,9,16.13613370699839,16.553815528679902,7.9076879506308915,54.61305570966281,53.80661714574215,0.2
7,0,0,2.0,2.0,1.529943486358424,17.88283748586611,17.88283748586611,0.0
7,0,1,2.0,2.0,1.4187820160647528,17.88283748586611,17.88283748586611,0.0
7,0,2,2.0,2.0,1.4757177688879388,17.88283748586611,17.88283748586611,0.0
7,0,3,2.0,2.0,1.363677352914385,17.88283748586611,17.88283748586611,0.0
7,0,4,2.0,2.0,1.4837826314474964,17.88283748586611,17.88283748586611,0.0
7,0,5,2.0,2.0,1.335450786697096,17.88283748586611,17.88283748586611,0.0
7,0,6,2.0,2.0,1.5425784219688936,17.88283748586611,17.88283748586611,0.0
7,0,7,2.0,2.0,1.4963574680532032,17.88283748586611,17.88283748586611,0.0
7,0,8,2.0,2.0,1.4062360567926069,17.88283748586611,17.88283748586611,0.0
7,0,9,2.0,2.0,1.611718155582585,17.88283748586611,17.88283748586611,0.0
7,1,0,3.095036823068492,3.7639767767087253,2.3818107258891854,17.88283748586611,26.50495161133252,0.0
7,1,1,2.8701599913861315,3.466905990642311,2.0852307645992947,17.88283748586611,26.50495161133252,0.0
7,1,2,2.9853395735786226,3.61906256793283,2.2351134585507753,17.88283748586611,26.50495161133252,0.0
7,1,3,2.7586846571049155,2.701583030404161,1.6831524550385493,17.88283748586611,26.50495161133252,0.0
7,1,4,3.00165458574566,3.640615315065052,2.2566886276985767,17.88283748586611,26.50495161133252,0.0
7,1,5,2.70158303040416,2.988561216426824,1.7690104590178681,17.88283748586611,26.50495161133252,0.0
7,1,6,3.1205969769697197,3.797742705171033,2.4165407988991507,17.88283748586611,26.50495161133252,0.0
7,1,7,3.0270931608863454,3.674220633393832,2.2904985474686774,17.88283748586611,26.50495161133252,0.0
7,1,8,2.8447798343579573,3.4333778448460412,2.0527797393370473,17.88283748586611,26.50495161133252,0.0
7,1,9,3.260464902405881,3.9825135161254015,2.6102264254794503,17.88283748586611,26.50495161133252,0.0
7,2,0,4.818342617185738,6.731427128527316,3.5779098690882596,28.735266384799882,38.69189637503047,0.2
7,2,1,4.218368886547301,6.674182560198469,3.298172264248618,28.735266384799882,38.69189637503047,0.2
7,2,2,4.521577770441893,6.410881319109927,3.335221836830912,28.735266384799882,38.69189637503047,0.2
7,2,3,3.4049746762750805,5.04444846722894,2.605914809133001,28.735266384799882,38.69189637503047,0.2
7,2,4,4.565223789769912,6.407460283305395,3.3521962210165075,28.735266384799882,38.69189637503047,0.2
7,2,5,3.5786632381340895,4.537545274804885,2.3696356297902867,28.735266384799882,38.69189637503047,0.2
7,2,6,4.888600672984616,6.775665743682049,3.6240371115327457,28.735266384799882,38.69189637503047,0.2
7,2,7,4.633620398929983,6.505332163728707,3.4166696677972217,28.735266384799882,38.69189637503047,0.2
7,2,8,4.1527212864702285,3.999106286499296,2.2840799163029213,28.735266384799882,38.69189637503047,0.2
7,2,9,5.280421777300023,7.1760689219662845,3.9417467846171736,28.735266384799882,38.69189637503047,0.2
7,3,0,7.238020811347831,10.255666061567794,4.804288751348346,42.210140556312574,50.398462442906634,0.2
7,3,1,6.672118740130515,10.622749085877775,4.566258822008608,42.210140556312574,50.398462442906634,0.2
7,3,2,6.747069084665192,9.722051099490315,4.463883371520233,42.210140556312574,50.398462442906634,0.2
7,3,3,5.2716994869159715,6.380071573348745,3.0716272844395003,42.210140556312574,50.398462442906634,0.2
7,3,4,6.78140783284234,5.466114570507811,2.9993310076856883,42.210140556312574,50.398462442906634,0.2
7,3,5,4.793712706939719,7.37418266145894,3.3289449626700387,42.210140556312574,50.398462442906634,0.2
7,3,6,7.331335051504572,10.306843804511145,4.860872628945114,42.210140556312574,50.398462442906634,0.2
7,3,7,6.911835978506347,9.859257296109291,4.570937666099404,42.210140556312574,50.398462442906634,0.2
7,3,8,4.620635671069874,7.335129190854777,3.492389465070481,42.210140556312574,50.398462442906634,0.2
7,3,9,7.974053652556868,10.967370648882394,5.304443963578314,42.210140556312574,50.398462442906634,0.2
7,4,0,9.71895414873734,11.88528149633914,5.326734153395682,51.10968558552142,54.626656015502014,0.2
7,4,1,9.237425645973879,6.96277868359227,3.397367216477844,51.10968558552142,54.626656015502014,0.2
7,4,2,9.030322709254351,11.119578484150633,4.903928582488745,51.10968558552142,54.626656015502014,0.2
7,4,3,6.213823998630328,8.389250437762824,3.7204617385030847,51.10968558552142,54.626656015502014,0.2
7,4,4,6.067570466575761,8.819573878057897,4.192398991893023,51.10968558552142,54.626656015502014,0.2
7,4,5,6.734371127626327,6.246763277617141,2.963912820508556,51.10968558552142,54.626656015502014,0.2
7,4,6,9.83342189628195,12.014325344559555,5.411477124244384,51.10968558552142,54.626656015502014,0.2
7,4,7,9.246890828759733,11.363375142651853,5.048582988646232,51.10968558552142,54.626656015502014,0.2
7,4,8,7.065015205638347,9.21169366685213,4.096140769698457,51.10968558552142,54.626656015502014,0.2
7,4,9,10.730755442643913,13.003421987391835,5.975970717437589,51.10968558552142,54.626656015502014,0.2
7,5,0,10.775847930629954,10.727676424242649,4.958020954068755,50.49249705721603,49.29667444904636,0.2
7,5,1,6.872787609634137,6.792340336221775,3.3389374622278742,50.49249705721603,49.29667444904636,0.2
7,5,2,9.92052299698146,5.666768376354359,3.0592652440522152,50.49249705721603,49.29667444904636,0.2
7,5,3,7.526399623356297,4.931590052858226,2.5649653856447077,50.49249705721603,49.29667444904636,0.2
7,5,4,8.481116703067743,8.996238829000992,4.251008463545299,50.49249705721603,49.29667444904636,0.2
7,5,5,5.9959203732899775,6.836921896466072,3.1572525621236998,50.49249705721603,49.29667444904636,0.2
7,5,6,10.947280808779748,10.97682653732436,5.0799567637386565,50.49249705721603,49.29667444904636,0.2
7,5,7,10.213155187430642,10.192604551749472,4.678579149085302,50.49249705721603,49.29667444904636,0.2
7,5,8,8.286388763851894,8.643940093199044,3.917738605862592,50.49249705721603,49.29667444904636,0.2
7,5,9,12.089237013631296,12.225468734200726,5.723398227938882,50.49249705721603,49.29667444904636,0.2
7,6,0,10.029950491120948,9.529764652681369,4.563645640476001,44.56949667011068,44.06591150643983,0.2
7,6,1,6.75458570049242,6.004382101726709,3.062827255339319,44.56949667011068,44.06591150643983,0.2
7,6,2,6.1888159048359785,6.859818263864487,3.4970443226509644,44.56949667011068,44.06591150643983,0.2
7,6,3,5.188859843027321,6.034792188767228,2.9542976892465016,44.56949667011068,44.06591150643983,0.2
7,6,4,8.599682175950765,8.43545361240036,4.063733276044839,44.56949667011068,44.06591150643983,0.2
7,6,5,6.3870417611039265,6.521083967095404,3.0544340040037645,44.56949667011068,44.06591150643983,0.2
7,6,6,10.276623537768764,9.832237287917401,4.7030857897410945,44.56949667011068,44.06591150643983,0.2
7,6,7,9.464646815501458,4.157082753327121,2.4972753331273903,44.56949667011068,44.06591150643983,0.2
7,6,8,7.9254857165757135,4.966017716011654,2.6579268083187793,44.56949667011068,44.06591150643983,0.2
7,6,9,11.578289280945281,11.164634962750775,5.371050933515205,44.56949667011068,44.06591150643983,0.2
7,7,0,9.2321392460899,4.754247382271086,2.804862881779917,42.83464164472366,46.247937705605935,0.2
7,7,1,6.196021763219684,7.1839532020206835,3.472554928759693,42.83464164472366,46.247937705605935,0.2
7,7,2,7.074431864322928,8.331170937794305,4.006605117195183,42.83464164472366,46.247937705605935,0.2
7,7,3,5.976469206903743,7.20076761893495,3.3431494243477404,42.83464164472366,46.247937705605935,0.2
7,7,4,8.220829227113677,9.258921225901414,4.337520681674951,42.83464164472366,46.247937705605935,0.2
7,7,5,6.179042428897576,5.634115445038891,2.757305647965792,42.83464164472366,46.247937705605935,0.2
7,7,6,9.514223127251327,10.48937587445638,4.920973301010897,42.83464164472366,46.247937705605935,0.2
7,7,7,5.05192458563739,7.049726437422521,3.6143894319671053,42.83464164472366,46.247937705605935,0.2
7,7,8,5.376918440528798,6.946994309132781,3.3619797444892363,42.83464164472366,46.247937705605935,0.2
7,7,9,10.865499651476341,11.853680243983014,5.60099708558841,42.83464164472366,46.247937705605935,0.2
7,8,0,5.674166385994922,9.439252733892923,4.533260979512058,49.28636523470237,55.313527754187305,0.2
7,8,1,7.024890442339738,11.071712705103888,4.700510676806889,49.28636523470237,55.313527754187305,0.2
7,8,2,8.105260412415404,11.355154388444534,4.976424734466554,49.28636523470237,55.313527754187305,0.2
7,8,3,6.763106392906611,7.544332204133715,3.4540227497509437,49.28636523470237,55.313527754187305,0.2
7,8,4,8.774694196423447,11.919614296527794,5.17645958744365,49.28636523470237,55.313527754187305,0.2
7,8,5,5.577959309609151,8.52326444559693,3.684097077820122,49.28636523470237,55.313527754187305,0.2
7,8,6,9.955004029735463,6.385761511955658,3.4767634350944285,49.28636523470237,55.313527754187305,0.2
7,8,7,7.3118180407266795,10.650849754052267,4.824844703692026,49.28636523470237,55.313527754187305,0.2
7,8,8,6.801199652394788,9.761642432060903,4.2658272009750595,49.28636523470237,55.313527754187305,0.2
7,8,9,11.330674878100853,14.581410516254339,6.474821156237698,49.28636523470237,55.313527754187305,0.2
7,9,0,9.170671848517136,13.832866780401865,5.923698255719949,60.78601723753096,65.74111054438664,0.2
7,9,1,9.509013739175238,15.589965911455694,5.9729144421176095,60.78601723753096,65.74111054438664,0.2
7,9,2,10.067180871538744,14.61096027797819,5.9368686658535035,60.78601723753096,65.74111054438664,0.2
7,9,3,6.9874003147924135,10.93984910282073,4.480211982727394,60.78601723753096,65.74111054438664,0.2
7,9,4,10.471846299629048,9.420871322314156,4.390490446287411,60.78601723753096,65.74111054438664,0.2
7,9,5,7.452834838202008,8.409919180168373,3.649733609311115,60.78601723753096,65.74111054438664,0.2
7,9,6,7.033404143788363,11.905266218351379,5.377044528284581,60.78601723753096,65.74111054438664,0.2
7,9,7,9.760538318351578,14.269165902948917,5.920976940022002,60.78601723753096,65.74111054438664,0.2
7,9,8,8.629660105479168,12.607905677486828,5.102550341536447,60.78601723753096,65.74111054438664,0.2
7,9,9,13.098398784021361,17.679936268408625,7.409767614042847,60.78601723753096,65.74111054438664,0.2
7,10,0,11.983491150930439,15.99588124864827,6.557829362313743,68.45042323395299,68.05599513623237,0.2
7,10,1,12.083054246266936,9.21132741130884,4.132570121760312,68.45042323395299,68.05599513623237,0.2
7,10,2,12.010134556194567,15.754381784741382,6.258399256609,68.45042323395299,68.05599513623237,0.2
7,10,3,9.063355075094229,12.51600527727123,4.922850504061459,68.45042323395299,68.05599513623237,0.2
7,10,4,8.881850685173927,13.266036050003645,5.579150891656378,68.45042323395299,68.05599513623237,0.2
7,10,5,7.383318413999386,11.156256939724319,4.448051909229586,68.45042323395299,68.05599513623237,0.2
7,10,6,10.877624541499516,15.12628915557305,6.358269527975877,68.45042323395299,68.05599513623237,0.2
7,10,7,11.977985998375821,15.791518322906834,6.356397973050944,68.45042323395299,68.05599513623237,0.2
7,10,8,10.322329771935276,8.054047088439223,3.7286116093212684,68.45042323395299,68.05599513623237,0.2
7,10,9,14.989771727078208,18.88422214852973,7.759566719193446,68.45042323395299,68.05599513623237,0.2
7,11,0,13.266322277086926,13.976319226183023,5.966633472097865,64.3536053285629,59.82394694465702,0.2
7,11,1,8.360084418022975,9.250464916985834,4.144853358682152,64.3536053285629,59.82394694465702,0.2
7,11,2,12.660582776670923,6.662698192849517,3.426394847697094,64.3536053285629,59.82394694465702,0.2
7,11,3,9.958801563838955,7.80450737749062,3.536978972712526,64.3536053285629,59.82394694465702,0.2
7,11,4,11.286480582516466,12.34960642173077,5.3064792216728955,64.3536053285629,59.82394694465702,0.2
7,11,5,8.998296063048482,9.964339247598586,4.109801486855792,64.3536053285629,59.82394694465702,0.2
7,11,6,12.862617799641642,13.834178276946076,5.97301510012513,64.3536053285629,59.82394694465702,0.2
7,11,7,12.85883169155287,13.486924120357427,5.691849370573622,64.3536053285629,59.82394694465702,0.2
7,11,8,7.5428866050719225,9.64780904345802,4.230944433934464,64.3536053285629,59.82394694465702,0.2
7,11,9,15.697406434353846,16.426615183800834,7.038040465596821,64.3536053285629,59.82394694465702,0.2
7,12,0,12.070348003409583,11.220568730772882,5.116403663576111,53.84161083847043,50.27962293217188,0.2
7,12,1,8.384933094407785,7.1697274816439585,3.4677400314613065,53.84161083847043,50.27962293217188,0.2
7,12,2,6.931509770492426,7.77617672318183,3.817847658200417,53.84161083847043,50.27962293217188,0.2
7,12,3,7.155218647337428,7.550956729567515,3.456145505462397,53.84161083847043,50.27962293217188,0.2
7,12,4,10.734872718087969,10.164745984487451,4.630382384515983,53.84161083847043,50.27962293217188,0.2
7,12,5,8.314024047774772,6.173647969173963,2.9395861634957803,53.84161083847043,50.27962293217188,0.2
7,12,6,12.083257874860143,11.392955754703255,5.21400859338088,53.84161083847043,50.27962293217188,0.2
7,12,7,11.514466743615072,5.255615759133239,2.9427331582928273,53.84161083847043,50.27962293217188,0.2
7,12,8,8.559093153533684,8.593612193241892,3.901757359679741,53.84161083847043,50.27962293217188,0.2
7,12,9,14.237777145034434,13.393744997982546,6.100978851119215,53.84161083847043,50.27962293217188,0.2
7,13,0,10.350354690644295,10.832463182093637,4.991872073125526,47.58175453290417,48.77723173009959,0.2
7,13,1,7.015150027369726,7.350991316688675,3.528879385434097,47.58175453290417,48.77723173009959,0.2
7,13,2,7.723408865984637,8.696603242286425,4.128830645762152,47.58175453290417,48.77723173009959,0.2
7,13,3,6.991694595693576,7.861077589899826,3.5549057351128273,47.58175453290417,48.77723173009959,0.2
7,13,4,9.367145984637528,5.243346724438239,2.9132334644913818,47.58175453290417,48.77723173009959,0.2
7,13,5,5.946708163879611,7.024592782459152,3.217671460490805,47.58175453290417,48.77723173009959,0.2
7,13,6,10.547806985158656,11.08185251687964,5.1139315570970725,47.58175453290417,48.77723173009959,0.2
7,13,7,5.95307445444244,7.72111367494486,3.852035855913896,47.58175453290417,48.77723173009959,0.2
7,13,8,7.893156061359377,6.155270483446314,3.088945399989231,47.58175453290417,48.77723173009959,0.2
7,13,9,12.34212529373935,12.817711715678827,5.916099245744108,47.58175453290417,48.77723173009959,0.2
7,14,0,10.09843044539178,13.1173150729356,5.707499172454958,50.82669022216383,55.98262759071816,0.2
7,14,1,7.138833387945879,10.774501875047154,4.611823932155134,50.82669022216383,55.98262759071816,0.2
7,14,2,8.352519553035162,11.427375078377214,4.998559283736484,50.82669022216383,55.98262759071816,0.2
7,14,3,7.191484032459199,7.717392313367911,3.509296278344789,50.82669022216383,55.98262759071816,0.2
7,14,4,5.893397322967449,9.505502790704504,4.418062463395808,50.82669022216383,55.98262759071816,0.2
7,14,5,6.509267658284298,9.236106967411962,3.8971682805498635,50.82669022216383,55.98262759071816,0.2
7,14,6,10.345353682011364,13.341232213195816,5.823222916272184,50.82669022216383,55.98262759071816,0.2
7,14,7,7.792570721818555,11.008526804047602,4.937701153825616,50.82669022216383,55.98262759071816,0.2
7,14,8,6.248858106628757,9.321236499472187,4.130177356114314,50.82669022216383,55.98262759071816,0.2
7,14,9,11.968118546710869,6.411606214500258,3.6428802064650854,50.82669022216383,55.98262759071816,0.2
7,15,0,11.546125895425806,16.342690924723595,6.657035748818803,61.52830785896735,66.22556791834319,0.2
7,15,1,9.329602706766066,15.593544832062111,5.973874232246123,61.52830785896735,66.22556791834319,0.2
7,15,2,10.111958502649498,14.834311481785019,6.000251929866679,61.52830785896735,66.22556791834319,0.2
7,15,3,7.099217259577786,11.228257705976995,4.562567382135519,61.52830785896735,66.22556791834319,0.2
7,15,4,8.937628175648348,13.593402472423582,5.675171747348749,61.52830785896735,66.22556791834319,0.2
7,15,5,7.883872470810059,9.959590374537989,4.1084303146770305,61.52830785896735,66.22556791834319,0.2
7,15,6,11.780232090596565,8.557499689394723,4.267456270457714,61.52830785896735,66.22556791834319,0.2
7,15,7,9.988844051209492,14.678769503661204,6.039446162110173,61.52830785896735,66.22556791834319,0.2
7,15,8,8.355243913880587,12.528228630854239,5.0799565958486275,61.52830785896735,66.22556791834319,0.2
7,15,9,7.369454154070237,12.638460175596117,5.858062706553951,61.52830785896735,66.22556791834319,0.2
7,16,0,13.46701427784021,18.101873445924493,7.150902539641648,70.532136070823,71.39453751153904,0.2
7,16,1,12.084995877324982,10.781683827150616,4.613975587216053,70.532136070823,71.39453751153904,0.2
7,16,2,12.138357289802842,16.694446891479735,6.5175254251198185,70.532136070823,71.39453751153904,0.2
7,16,3,9.229957956847302,13.275964607049506,5.130230653190765,70.532136070823,71.39453751153904,0.2
7,16,4,11.48072833532582,16.04345960748033,6.37320522875402,70.532136070823,71.39453751153904,0.2
7,16,5,8.311250201275294,12.44088637677906,4.8006806610641926,70.532136070823,71.39453751153904,0.2
7,16,6,8.632955671675639,14.127111179388248,6.061269707715086,70.532136070823,71.39453751153904,0.2
7,16,7,12.21764622637281,16.791218944251785,6.6354734478763255,70.532136070823,71.39453751153904,0.2
7,16,8,10.276623198131501,9.502616113600416,4.186272182939692,70.532136070823,71.39453751153904,0.2
7,16,9,11.850712101650249,16.93755169714699,7.190573747709109,70.532136070823,71.39453751153904,0.2
7,17,0,14.466094254921975,15.603042845829563,6.4446732437975704,69.339065097405,65.1891290824844,0.2
7,17,1,9.333955450317356,10.688192719970592,4.58593263766164,69.339065097405,65.1891290824844,0.2
7,17,2,13.184788435580957,14.27079012469492,5.839772424807298,69.339065097405,65.1891290824844,0.2
7,17,3,10.378326339526174,7.978086058592772,3.5918627455257086,69.339065097405,65.1891290824844,0.2
7,17,4,12.892832343053774,14.146048737312327,5.83571254287027,69.339065097405,65.1891290824844,0.2
7,17,5,9.711655073712684,8.985433596985859,3.8228232497743053,69.339065097405,65.1891290824844,0.2
7,17,6,12.261794704966547,14.037359777074265,6.034288316189967,69.339065097405,65.1891290824844,0.2
7,17,7,13.423394290564797,14.609213232050221,6.019399087202376,69.339065097405,65.1891290824844,0.2
7,17,8,8.468722324133134,10.607797709842496,4.521420434666659,69.339065097405,65.1891290824844,0.2
7,17,9,14.54634810147199,16.227336195323442,6.978163886663024,69.339065097405,65.1891290824844,0.2
7,18,0,13.037410322700522,12.49780403288342,5.517444705077779,58.92186256271308,53.65822335325794,0.2
7,18,1,9.277225275463023,8.303723628027685,3.843135511427916,58.92186256271308,53.65822335325794,0.2
7,18,2,11.813711326121652,6.893037146519009,3.5088899119321657,58.92186256271308,53.65822335325794,0.2
7,18,3,7.266247126075584,8.31040845084486,3.6959517233648467,58.92186256271308,53.65822335325794,0.2
7,18,4,11.80549828805557,11.483258172530759,5.043068606739671,58.92186256271308,53.65822335325794,0.2
7,18,5,7.733474361393482,8.291822400029636,3.6137814590306174,58.92186256271308,53.65822335325794,0.2
7,18,6,12.207212035049347,12.148506607639666,5.453713018118497,58.92186256271308,53.65822335325794,0.2
7,18,7,12.177091502889443,5.817666153057016,3.1596466367507063,58.92186256271308,53.65822335325794,0.2
7,18,8,9.14671872696169,9.594677656453216,4.2146207836786,58.92186256271308,53.65822335325794,0.2
7,18,9,14.116648346296538,13.990316978606149,6.289952840254744,58.92186256271308,53.65822335325794,0.2
7,19,0,11.161650533972335,10.956465417589017,5.031804076297638,49.62855921098566,49.15667683465943,0.2
7,19,1,7.774565550929747,7.22424876184068,3.4861780366131643,49.62855921098566,49.15667683465943,0.2
7,19,2,7.098395190643907,7.950979965475433,3.877722896585935,49.62855921098566,49.15667683465943,0.2
7,19,3,7.47681648511413,7.87077352532472,3.5579744281412213,49.62855921098566,49.15667683465943,0.2
7,19,4,10.201999732860298,5.37960705966472,2.966024093306434,49.62855921098566,49.15667683465943,0.2
7,19,5,7.310588126914414,6.27127745026685,2.9720499339502973,49.62855921098566,49.15667683465943,0.2
7,19,6,11.032722949591587,10.991422403180895,5.084684187537345,49.62855921098566,49.15667683465943,0.2
7,19,7,6.391884913281656,7.691807388143698,3.841795458565969,49.62855921098566,49.15667683465943,0.2
7,19,8,8.526070823572304,8.757827833005205,3.9538001602552666,49.62855921098566,49.15667683465943,0.2
7,19,9,12.724414875146534,12.647104344970124,5.860867084963265,49.62855921098566,49.15667683465943,0.2
7,20,0,10.179211873816136,10.495593606222284,4.882691623887346,49.893423390687644,49.15667683465943,0.2
7,20,1,7.0524496435959145,7.446934058962513,3.56105706932456,49.893423390687644,49.15667683465943,0.2
7,20,2,7.844534952827408,8.105916380970545,3.930463731401922,49.893423390687644,49.15667683465943,0.2
7,20,3,7.197691920532359,7.42138805546311,3.4145244726709394,49.893423390687644,49.15667683465943,0.2
7,20,4,6.0001914245485635,6.188390664853084,3.2715509765521436,49.893423390687644,49.15667683465943,0.2
7,20,5,6.012381547157007,6.211016335718655,2.952029963700153,49.893423390687644,49.15667683465943,0.2
7,20,6,10.286186996070102,10.59115327659005,4.954348269220642,49.893423390687644,49.15667683465943,0.2
7,20,7,7.771854658017972,8.01749432281579,3.954953860331125,49.893423390687644,49.15667683465943,0.2
7,20,8,7.998437325401523,8.239669832208323,3.788559384895198,49.893423390687644,49.15667683465943,0.2
7,20,9,11.856385287960748,12.171902181015962,5.705832503346121,49.893423390687644,49.15667683465943,0.2
8,0,0,2.0,2.0,1.5604641576137286,17.733410515822456,17.733410515822456,0.0
8,0,1,2.0,2.0,1.5527790862301767,17.733410515822456,17.733410515822456,0.0
8,0,2,2.0,2.0,1.4960786706087439,17.733410515822456,17.733410515822456,0.0
8,0,3,2.0,2.0,1.4376212343149244,17.733410515822456,17.733410515822456,0.0
8,0,4,2.0,2.0,1.6626968378620746,17.733410515822456,17.733410515822456,0.0
8,0,5,2.0,2.0,1.531815956531727,17.733410515822456,17.733410515822456,0.0
8,0,6,2.0,2.0,1.6290998011083704,17.733410515822456,17.733410515822456,0.0
8,0,7,2.0,2.0,1.3805496001200457,17.733410515822456,17.733410515822456,0.0
8,0,8,2.0,2.0,1.472905740347132,17.733410515822456,17.733410515822456,0.0
8,0,9,2.0,2.0,1.3996695886148611,17.733410515822456,17.733410515822456,0.0
8,1,0,3.156779366006973,3.8339812230758064,2.4608649911065226,17.733410515822456,26.804205119956126,0.0
8,1,1,3.1412326617449633,3.8135272071353246,2.4395935166286304,17.733410515822456,26.804205119956126,0.0
8,1,2,3.0265291607357043,3.6626175867725497,2.285007015734629,17.733410515822456,26.804205119956126,0.0
8,1,3,2.9082712515222098,3.507031610518314,2.130008115744725,17.733410515822456,26.804205119956126,0.0
8,1,4,3.3635934821562867,4.106076141532013,2.7510024225145826,17.733410515822456,26.804205119956126,0.0
8,1,5,3.0988247826814734,3.7577332961077508,2.3819561338500597,17.733410515822456,26.804205119956126,0.0
8,1,6,3.295627529932651,4.016656760628935,2.6541899382458087,17.733410515822456,26.804205119956126,0.0
8,1,7,2.7928167847652183,3.089072691281006,1.8715899619100533,17.733410515822456,26.804205119956126,0.0
8,1,8,2.979650911246373,3.6009422344819884,2.2230297051537886,17.733410515822456,26.804205119956126,0.0
8,1,9,2.8314960359766164,2.7928167847652183,1.7682116259813512,17.733410515822456,26.804205119956126,0.0
8,2,0,4.978267388296505,6.900740179201506,3.7132977466015293,29.05970120788436,39.301926316125936,0.2
8,2,1,4.935235735573999,6.843840465593641,3.673656875904128,29.05970120788436,39.301926316125936,0.2
8,2,2,4.622511169678394,6.4317353144899805,3.3889342954880792,29.05970120788436,39.301926316125936,0.2
8,2,3,4.308952330883825,4.26467755760843,2.442552023370967,29.05970120788436,39.301926316125936,0.2
8,2,4,5.565208044579075,7.5996524769587595,4.232994331992088,29.05970120788436,39.301926316125936,0.2
8,2,5,4.818636773798244,6.778392764602728,3.5997662681307014,29.05970120788436,39.301926316125936,0.2
8,2,6,5.369358847261471,7.356819802306812,4.054243010855313,29.05970120788436,39.301926316125936,0.2
8,2,7,3.786178967685028,4.850958468566639,2.566908020972014,29.05970120788436,39.301926316125936,0.2
8,2,8,4.497132644162377,6.310297899636103,3.2922200937497306,29.05970120788436,39.301926316125936,0.2
8,2,9,3.577047219185973,5.4065159227554105,2.807674580188318,29.05970120788436,39.301926316125936,0.2
8,3,0,7.511907049654601,10.628143058488824,5.02403868602624,42.87564036298052,51.59473814536183,0.2
8,3,1,7.431714574833862,10.524409659106777,4.96508968106156,42.87564036298052,51.59473814536183,0.2
8,3,2,6.855728024608893,5.961395382828789,3.213490224775423,42.87564036298052,51.59473814536183,0.2
8,3,3,4.941220719588423,8.072415999210683,3.8179123695535324,42.87564036298052,51.59473814536183,0.2
8,3,4,8.56324004525122,11.873717026505146,5.784991965584889,42.87564036298052,51.59473814536183,0.2
8,3,5,7.282235751611441,10.45782058410216,4.876344984891218,42.87564036298052,51.59473814536183,0.2
8,3,6,8.201630661621445,11.43111440319498,5.519359640554191,42.87564036298052,51.59473814536183,0.2
8,3,7,5.1927897449651494,8.058496026512614,3.6619196841635815,42.87564036298052,51.59473814536183,0.2
8,3,8,6.66007765035465,6.881251897060096,3.498011049670614,42.87564036298052,51.59473814536183,0.2
8,3,9,5.679854380477695,8.632245207082363,3.8957507904949167,42.87564036298052,51.59473814536183,0.2
8,4,0,10.16350268648355,12.186654637519135,5.529068282356631,52.322843131653855,56.43204755734101,0.2
8,4,1,10.044250346331301,12.056510095791625,5.460643268927942,52.322843131653855,56.43204755734101,0.2
8,4,2,6.500809124606143,8.94571171565504,4.269370680515424,52.322843131653855,56.43204755734101,0.2
8,4,3,7.723539775408775,9.734578593844068,4.352567260130133,52.322843131653855,56.43204755734101,0.2
8,4,4,11.70289184815419,13.860192701161747,6.446597593916027,52.322843131653855,56.43204755734101,0.2
8,4,5,9.864722079471589,11.857592207920856,5.324552941650445,52.322843131653855,56.43204755734101,0.2
8,4,6,11.165524399815185,13.277799713562084,6.129357787009142,52.322843131653855,56.43204755734101,0.2
8,4,7,7.4079705339850905,6.673375941301498,3.2090237509476465,52.322843131653855,56.43204755734101,0.2
8,4,8,7.076387528535592,9.307146440433922,4.321410679306505,52.322843131653855,56.43204755734101,0.2
8,4,9,7.881004924423208,7.484657930245197,3.5255339343467824,52.322843131653855,56.43204755734101,0.2
8,5,0,11.185164735650108,11.407503553748864,5.279177078828148,52.161256116667865,51.886530752383464,0.2
8,5,1,11.046742670999327,11.283854517559998,5.213254308612939,52.161256116667865,51.886530752383464,0.2
8,5,2,8.636828474609796,9.437819131638244,4.432447389241881,52.161256116667865,51.886530752383464,0.2
8,5,3,8.805133042560712,6.40482889799097,3.2469735771789554,52.161256116667865,51.886530752383464,0.2
8,5,4,13.041303234125163,13.215104375126863,6.235072277217485,52.161256116667865,51.886530752383464,0.2
8,5,5,10.771435394656821,5.406203225453636,3.07262987807169,52.161256116667865,51.886530752383464,0.2
8,5,6,12.399535160418731,12.61352147540162,5.913058005890202,52.161256116667865,51.886530752383464,0.2
8,5,7,6.491773561469663,7.43318375883551,3.460616116863177,52.161256116667865,51.886530752383464,0.2
8,5,8,8.742104070713154,9.346595522250315,4.334224192862076,52.161256116667865,51.886530752383464,0.2
8,5,9,7.132065625347236,7.836084293292633,3.6406078311532535,52.161256116667865,51.886530752383464,0.2
8,6,0,10.679641176395995,10.280793277908197,4.908529884553862,46.91100536573187,47.72421361374568,0.2
8,6,1,10.546281086226655,4.985931789350927,2.9431412730262925,46.91100536573187,47.72421361374568,0.2
8,6,2,8.966728515358723,8.936727853650316,4.266368923579905,46.91100536573187,47.72421361374568,0.2
8,6,3,6.568545096276167,6.943438774600521,3.435782862852845,46.91100536573187,47.72421361374568,0.2
8,6,4,12.613392889703563,12.066290213575584,5.850509790933285,46.91100536573187,47.72421361374568,0.2
8,6,5,6.215852220089402,7.22482386541441,3.76413054464544,46.91100536573187,47.72421361374568,0.2
8,6,6,11.961966195712579,11.486449058319646,5.5380484042052105,46.91100536573187,47.72421361374568,0.2
8,6,7,7.000738529035179,7.053526194324922,3.3359183783680275,46.91100536573187,47.72421361374568,0.2
8,6,8,8.768025483262697,8.650054155488817,4.1055102080453745,46.91100536573187,47.72421361374568,0.2
8,6,9,7.364857196516796,5.925803498684108,2.99383321141661,46.91100536573187,47.72421361374568,0.2
8,7,0,9.929831314218388,10.901777788710985,5.114237927988436,46.39072512144202,50.354277497948445,0.2
8,7,1,5.9539000601849885,7.877645033611016,4.053835872496992,46.39072512144202,50.354277497948445,0.2
8,7,2,8.630755996552814,9.674261612201482,4.509889629762827,46.39072512144202,50.354277497948445,0.2
8,7,3,6.950501486762765,8.104610691834717,3.828564716547214,46.39072512144202,50.354277497948445,0.2
8,7,4,11.835432745140725,12.795547640105342,6.095836198631623,46.39072512144202,50.354277497948445,0.2
8,7,5,7.614740509300868,8.950574854331267,4.373017773210355,46.39072512144202,50.354277497948445,0.2
8,7,6,11.20333129411767,12.171627374251319,5.7672761578278,46.39072512144202,50.354277497948445,0.2
8,7,7,6.748478170507507,6.472949013735989,3.1412503345878044,46.39072512144202,50.354277497948445,0.2
8,7,8,8.305342899709682,5.639382926311822,3.043098902197464,46.39072512144202,50.354277497948445,0.2
8,7,9,6.056448564328884,7.331824375930424,3.4749852620177997,46.39072512144202,50.354277497948445,0.2
8,8,0,10.345973462544919,6.953443046861806,3.7331267193796145,53.662486048380366,59.23480019890557,0.2
8,8,1,8.200807031061021,12.021219881603013,5.449449781706318,53.662486048380366,59.23480019890557,0.2
8,8,2,9.123392201442812,8.222622505856696,4.02476642271232,53.662486048380366,59.23480019890557,0.2
8,8,3,7.745089202882088,11.327099394567028,4.839567815826314,53.662486048380366,59.23480019890557,0.2
8,8,4,12.331721838344258,16.161891751264616,7.178548012236468,53.662486048380366,59.23480019890557,0.2
8,8,5,8.846503911222396,12.607099864587317,5.557970371392217,53.662486048380366,59.23480019890557,0.2
8,8,6,11.66705321891887,15.406794369191893,6.801822493755321,53.662486048380366,59.23480019890557,0.2
8,8,7,6.354669661143163,9.830347139715846,4.208518257668689,53.662486048380366,59.23480019890557,0.2
8,8,8,6.156111805775519,10.03368019131342,4.554871568337111,53.662486048380366,59.23480019890557,0.2
8,8,9,7.0298069448074685,10.53072774722955,4.477394888244347,53.662486048380366,59.23480019890557,0.2
8,9,0,7.552020558067826,12.379371921036412,5.590128980718061,65.09524400529313,69.14948703501891,0.2
8,9,1,11.024098530586054,15.528472887500671,6.51896725843957,65.09524400529313,69.14948703501891,0.2
8,9,2,8.142000272306781,12.516615924083865,5.401001308905423,65.09524400529313,69.14948703501891,0.2
8,9,3,9.790322800335453,14.224633446104068,5.676128786114549,65.09524400529313,69.14948703501891,0.2
8,9,4,14.522020343980175,19.394024863014227,8.155669863732726,65.09524400529313,69.14948703501891,0.2
8,9,5,11.243632927858735,15.881846129790917,6.533054497857865,65.09524400529313,69.14948703501891,0.2
8,9,6,13.759914186278895,18.491038498606144,7.72857820099004,65.09524400529313,69.14948703501891,0.2
8,9,7,8.513725568415616,8.965970253394847,3.9459276959716565,65.09524400529313,69.14948703501891,0.2
8,9,8,9.214389520952821,13.483423998589366,5.601625776085924,65.09524400529313,69.14948703501891,0.2
8,9,9,9.057656164489467,10.09113202637173,4.3457271105804205,65.09524400529313,69.14948703501891,0.2
8,10,0,11.30868897792178,15.760312634089562,6.61954563595301,71.99926522023057,71.02544444689197,0.2
8,10,1,13.18770522777436,17.22689482789268,7.010251156529317,71.99926522023057,71.02544444689197,0.2
8,10,2,10.926088500361267,14.988791337351868,6.127312973064874,71.99926522023057,71.02544444689197,0.2
8,10,3,11.48266440044696,10.20844275376431,4.499819882521079,71.99926522023057,71.02544444689197,0.2
8,10,4,16.498713037514925,20.72130411383992,8.542481228231471,71.99926522023057,71.02544444689197,0.2
8,10,5,13.216203355400488,8.709409906112153,4.2902016332302715,71.99926522023057,71.02544444689197,0.2
8,10,6,15.634717448919385,19.760853083634213,8.096376137657336,71.99926522023057,71.02544444689197,0.2
8,10,7,7.98251153006116,12.127170582063222,4.874865727357598,71.99926522023057,71.02544444689197,0.2
8,10,8,11.331946703012992,15.198875372662613,6.0914681180434025,71.99926522023057,71.02544444689197,0.2
8,10,9,8.791295593713471,12.88011215916527,5.155232788701193,71.99926522023057,71.02544444689197,0.2
8,11,0,13.391172731498646,14.081350665600244,6.117638642901168,67.16151032795104,63.74905767938907,0.2
8,11,1,14.181560078444427,14.635205764730985,6.25414374859153,67.16151032795104,63.74905767938907,0.2
8,11,2,12.39539855373341,13.062149805220944,5.564724864813148,67.16151032795104,63.74905767938907,0.2
8,11,3,9.103021358473715,10.260719886493474,4.515937930392471,67.16151032795104,63.74905767938907,0.2
8,11,4,17.281222605600057,17.58824850650613,7.616367463732057,67.16151032795104,63.74905767938907,0.2
8,11,5,8.678968962991828,10.620298282218279,4.929255076211083,67.16151032795104,63.74905767938907,0.2
8,11,6,16.378763335309213,16.728050351599677,7.205073618604561,67.16151032795104,63.74905767938907,0.2
8,11,7,9.861729579043844,7.70470663337511,3.548626508808654,67.16151032795104,63.74905767938907,0.2
8,11,8,12.322885322232898,12.83414004265836,5.411413235150755,67.16151032795104,63.74905767938907,0.2
8,11,9,10.428905024784877,8.629675621730058,3.894938992674872,67.16151032795104,63.74905767938907,0.2
8,12,0,12.375827629472369,12.072988433634254,5.492918432880878,57.374214343766575,54.44239286481734,0.2
8,12,1,12.651973992011639,12.22551782260533,5.514114250505839,57.374214343766575,54.44239286481734,0.2
8,12,2,11.257297096532518,5.592579219594711,3.072995579988139,57.374214343766575,54.44239286481734,0.2
8,12,3,9.135627760032165,9.135044945400315,4.163139502001246,57.374214343766575,54.44239286481734,0.2
8,12,4,15.407717976812243,14.692168002587366,6.715095507385419,57.374214343766575,54.44239286481734,0.2
8,12,5,9.971757850666432,10.242937543858984,4.8059888557457455,57.374214343766575,54.44239286481734,0.2
8,12,6,14.575680972098459,13.960773461828573,6.348386064782699,57.374214343766575,54.44239286481734,0.2
8,12,7,7.178781317094167,7.87299324849973,3.602706912693793,57.374214343766575,54.44239286481734,0.2
8,12,8,10.947151562765669,6.60824936182568,3.4002782201345054,57.374214343766575,54.44239286481734,0.2
8,12,9,7.8793626780472295,8.263347036254011,3.7784503875794466,57.374214343766575,54.44239286481734,0.2
8,13,0,11.112034508113307,11.865230521940532,5.426578964538209,51.521161504577236,52.60194645429596,0.2
8,13,1,11.154913108943488,6.431435086122832,3.5172577845578203,51.521161504577236,52.60194645429596,0.2
8,13,2,6.216592025780114,8.32911880786501,4.061185007242658,51.521161504577236,52.60194645429596,0.2
8,13,3,8.421925498002517,5.589137296852832,2.9516497830742057,51.521161504577236,52.60194645429596,0.2
8,13,4,13.584467695109794,14.19337810751613,6.554689362076182,51.521161504577236,52.60194645429596,0.2
8,13,5,9.72239341676255,10.64133214779248,4.936086839072729,51.521161504577236,52.60194645429596,0.2
8,13,6,12.842623804572492,13.489633825205642,6.19764657052538,51.521161504577236,52.60194645429596,0.2
8,13,7,7.288184600890827,8.303849821820952,3.739612974442254,51.521161504577236,52.60194645429596,0.2
8,13,8,6.878676496112485,8.563798244911702,4.076809861077174,51.521161504577236,52.60194645429596,0.2
8,13,9,7.643709187932783,8.57766348664042,3.878491398080301,51.521161504577236,52.60194645429596,0.2
8,14,0,10.977831448213324,13.60582142582551,5.972279680625075,54.81210685159748,58.82040168931289,0.2
8,14,1,7.115323184480327,10.186869252775452,4.853077073584073,54.81210685159748,58.82040168931289,0.2
8,14,2,8.215674144035024,10.872856230796945,4.894112928397168,54.81210685159748,58.82040168931289,0.2
8,14,3,5.971112559955435,8.929396657234212,4.09731131175929,54.81210685159748,58.82040168931289,0.2
8,14,4,13.259970136340323,16.037773550878036,7.139913129820114,54.81210685159748,58.82040168931289,0.2
8,14,5,9.985578333456678,12.675326933081712,5.579008345696312,54.81210685159748,58.82040168931289,0.2
8,14,6,12.537681635415908,15.25070052465706,6.753510023697719,54.81210685159748,58.82040168931289,0.2
8,14,7,7.565142087354159,7.457848454717212,3.468650202519371,54.81210685159748,58.82040168931289,0.2
8,14,8,8.247282826580543,10.849364007168422,4.811017693438982,54.81210685159748,58.82040168931289,0.2
8,14,9,7.846089611835962,6.540767087319955,3.2080757077669904,54.81210685159748,58.82040168931289,0.2
8,15,0,12.081770139886027,9.720124430892017,4.719577021494736,64.6471939471489,68.37574000265371,0.2
8,15,1,9.817651685738996,15.467592278965258,6.501066029824264,64.6471939471489,68.37574000265371,0.2
8,15,2,9.900666178002973,15.124056167865707,6.165967502248447,64.6471939471489,68.37574000265371,0.2
8,15,3,8.2887567407174,13.8283946016062,5.564981393890694,64.6471939471489,68.37574000265371,0.2
8,15,4,14.443862957906946,20.25940751333717,8.408737441266947,64.6471939471489,68.37574000265371,0.2
8,15,5,11.28619221565892,16.875792302781818,6.816642412530518,64.6471939471489,68.37574000265371,0.2
8,15,6,13.662179286150275,7.958537786848073,4.283610668621085,64.6471939471489,68.37574000265371,0.2
8,15,7,7.016991280308229,12.308347869690309,4.925732817492957,64.6471939471489,68.37574000265371,0.2
8,15,8,9.732566627718759,14.936051635841183,6.017540504587845,64.6471939471489,68.37574000265371,0.2
8,15,9,6.489855694188843,12.172714436162861,4.9553659611497505,64.6471939471489,68.37574000265371,0.2
8,16,0,9.547584470327314,14.495235707709341,6.242959220566338,72.82213123120074,73.23322965920721,0.2
8,16,1,13.151491496851255,17.51132107531009,7.091072306539511,72.82213123120074,73.23322965920721,0.2
8,16,2,12.47359568471783,16.541587962695257,6.56504146474884,72.82213123120074,73.23322965920721,0.2
8,16,3,11.257816048342354,15.454988168988663,6.015497571024175,72.82213123120074,73.23322965920721,0.2
8,16,4,17.010662320725025,21.62325849857351,8.801098306590179,72.82213123120074,73.23322965920721,0.2
8,16,5,13.789894505639118,18.15844904088272,7.1753108152026925,72.82213123120074,73.23322965920721,0.2
8,16,6,8.66563560895172,14.254580369230448,6.441615519693091,72.82213123120074,73.23322965920721,0.2
8,16,7,9.964632410720332,9.679678726232565,4.163261378601876,72.82213123120074,73.23322965920721,0.2
8,16,8,12.173331637455211,10.872514003965254,4.8182013035442015,72.82213123120074,73.23322965920721,0.2
8,16,9,10.024579507864003,14.126640521752558,5.499608256647531,72.82213123120074,73.23322965920721,0.2
8,17,0,12.629347975825246,14.695964383326166,6.303350608190226,71.12482068830919,67.10772645902654,0.2
8,17,1,14.345059212624664,15.927658083142926,6.635826508875692,71.12482068830919,67.10772645902654,0.2
8,17,2,13.280912177176306,14.803064252057613,6.0740669044918105,71.12482068830919,67.10772645902654,0.2
8,17,3,12.169198834732095,8.94194382420638,4.101340606836924,71.12482068830919,67.10772645902654,0.2
8,17,4,17.80439838805969,19.29137165294768,8.125428057230263,71.12482068830919,67.10772645902654,0.2
8,17,5,14.515471576582948,15.858049197289128,6.526200689157717,71.12482068830919,67.10772645902654,0.2
8,17,6,13.031224624481906,15.44091247918535,6.812362766922155,71.12482068830919,67.10772645902654,0.2
8,17,7,8.422172051270781,10.6095507220816,4.439345161091939,71.12482068830919,67.10772645902654,0.2
8,17,8,9.747098888548301,12.131871559321839,5.202396159777954,71.12482068830919,67.10772645902654,0.2
8,17,9,11.125567851718642,7.88639658080778,3.6569545125597442,71.12482068830919,67.10772645902654,0.2
8,18,0,12.75151821947067,12.808580859405271,5.725105720426318,60.65600646868179,56.45267429038325,0.2
8,18,1,13.424108524001241,13.207349141067661,5.820491203490679,60.65600646868179,56.45267429038325,0.2
8,18,2,12.287683109086814,6.920849583434903,3.567344255983995,60.65600646868179,56.45267429038325,0.2
8,18,3,8.296907902343618,9.192744304850777,4.1815289531539435,60.65600646868179,56.45267429038325,0.2
8,18,4,16.437534630890234,15.907725046363913,7.099335932995491,60.65600646868179,56.45267429038325,0.2
8,18,5,13.20233827443876,5.773110123276868,3.2171586749392858,60.65600646868179,56.45267429038325,0.2
8,18,6,13.781236891246385,13.938721106251116,6.3413648891665835,60.65600646868179,56.45267429038325,0.2
8,18,7,8.980682532656363,9.300307870191574,4.048360187701102,60.65600646868179,56.45267429038325,0.2
8,18,8,10.524315326854309,10.898453080510633,4.826244936243519,60.65600646868179,56.45267429038325,0.2
8,18,9,7.397926117911064,8.539128351983697,3.8662862829190936,60.65600646868179,56.45267429038325,0.2
8,19,0,11.581743494889025,11.720294892055364,5.38009294063461,52.213150446559936,52.20385583259755,0.2
8,19,1,11.774705905005927,5.499703381194775,3.152289991143152,52.213150446559936,52.20385583259755,0.2
8,19,2,7.216646844330376,8.585917237410346,4.148433405974059,52.213150446559936,52.20385583259755,0.2
8,19,3,8.459126890721334,8.838264213865802,4.067994603800921,52.213150446559936,52.20385583259755,0.2
8,19,4,14.361776319106953,14.225502021009625,6.56507051308032,52.213150446559936,52.20385583259755,0.2
8,19,5,6.508230306134731,8.2258119058816,4.122026071931015,52.213150446559936,52.20385583259755,0.2
8,19,6,12.82842014458971,12.95846403126478,6.025792367859667,52.213150446559936,52.20385583259755,0.2
8,19,7,8.189729859762929,6.516409774677772,3.1559992262111143,52.213150446559936,52.20385583259755,0.2
8,19,8,9.763370953247163,10.059426780748879,4.563049935830356,52.213150446559936,52.20385583259755,0.2
8,19,9,7.821398973789168,8.282185246079063,3.78447802349265,52.213150446559936,52.20385583259755,0.2
8,20,0,10.88379140227533,11.192488840612306,5.209325200971058,52.98627265718122,52.20385583259755,0.2
8,20,1,6.377002606024778,6.557696913594454,3.56545216638159,52.98627265718122,52.20385583259755,0.2
8,20,2,8.392175439171218,8.62877363791105,4.162917341116094,52.98627265718122,52.20385583259755,0.2
8,20,3,8.229449784956394,8.509503098781261,3.961470465774512,52.98627265718122,52.20385583259755,0.2
8,20,4,13.280970941213264,13.636143745625164,6.373473337879014,52.98627265718122,52.20385583259755,0.2
8,20,5,8.338754072963221,8.596640679378138,4.251241086618651,52.98627265718122,52.20385583259755,0.2
8,20,6,12.190024947314654,12.518793718953555,5.881937859186541,52.98627265718122,52.20385583259755,0.2
8,20,7,6.38450629437871,6.59594036334347,3.182912661183157,52.98627265718122,52.20385583259755,0.2
8,20,8,9.230934150718479,9.503679292333798,4.3850868409146475,52.98627265718122,52.20385583259755,0.2
8,20,9,7.655902942325516,7.918036866569032,3.6672185540530493,52.98627265718122,52.20385583259755,0.2
9,0,0,2.0,2.0,1.5182529927822463,18.02414393203101,18.02414393203101,0.0
9,0,1,2.0,2.0,1.4445379157452793,18.02414393203101,18.02414393203101,0.0
9,0,2,2.0,2.0,1.4126640773024972,18.02414393203101,18.02414393203101,0.0
9,0,3,2.0,2.0,1.4809441760038224,18.02414393203101,18.02414393203101,0.0
9,0,4,2.0,2.0,1.4197815543980945,18.02414393203101,18.02414393203101,0.0
9,0,5,2.0,2.0,1.5629156177992904,18.02414393203101,18.02414393203101,0.0
9,0,6,2.0,2.0,1.501310456236676,18.02414393203101,18.02414393203101,0.0
9,0,7,2.0,2.0,1.3647341834212754,18.02414393203101,18.02414393203101,0.0
9,0,8,2.0,2.0,1.4167282938473114,18.02414393203101,18.02414393203101,0.0
9,0,9,2.0,2.0,1.5349514368189414,18.02414393203101,18.02414393203101,0.0
9,1,0,3.0713872514204326,3.757289891472893,2.360670874246824,18.02414393203101,26.733461156106042,0.0
9,1,1,2.922263522420618,3.5585142937207306,2.162200925067013,18.02414393203101,26.733461156106042,0.0
9,1,2,2.857783556622826,2.7608225983842725,1.770291790827302,18.02414393203101,26.733461156106042,0.0
9,1,3,2.9959124624599682,3.6566852030610764,2.259326484370937,18.02414393203101,26.733461156106042,0.0
9,1,4,2.872182032053218,3.4917577939277864,2.09715925064567,18.02414393203101,26.733461156106042,0.0
9,1,5,3.1617386077124685,3.87772441235783,2.4843821061719864,18.02414393203101,26.733461156106042,0.0
9,1,6,3.0371129302103475,3.7116036768658733,2.3144224311001813,18.02414393203101,26.733461156106042,0.0
9,1,7,2.760822598384272,3.0717809733391492,1.842893528680403,18.02414393203101,26.733461156106042,0.0
9,1,8,2.866005363490388,3.4835245570450484,2.0891940674869782,18.02414393203101,26.733461156106042,0.0
9,1,9,3.1051677796832986,3.802317901051725,2.4066201004588,18.02414393203101,26.733461156106042,0.0
9,2,0,4.775577234117213,6.835868046579944,3.589043470524106,28.98300434474126,39.29912128238074,0.2
9,2,1,4.374077566671235,4.371678436311157,2.4972481219241454,28.98300434474126,39.29912128238074,0.2
9,2,2,3.5812553398477327,5.658412173759481,2.9255269975360982,28.98300434474126,39.29912128238074,0.2
9,2,3,4.570560106835037,6.471382617693629,3.3691135304207918,28.98300434474126,39.29912128238074,0.2
9,2,4,4.242499910919232,4.960389279472598,2.681399751344153,28.98300434474126,39.29912128238074,0.2
9,2,5,5.025841914904149,7.084470502291346,3.788172189936409,28.98300434474126,39.29912128238074,0.2
9,2,6,4.6820178080176555,6.644707593588617,3.479225873384739,28.98300434474126,39.29912128238074,0.2
9,2,7,3.728126811949592,5.605771261884697,2.807836619509176,28.98300434474126,39.29912128238074,0.2
9,2,8,4.226386547648988,6.595578402924244,3.2661986239807828,28.98300434474126,39.29912128238074,0.2
9,2,9,4.8685313519559505,6.7950324611737205,3.613330756725136,28.98300434474126,39.29912128238074,0.2
9,3,0,7.260543804337155,10.389657068728479,4.811095725217164,42.87258026823866,51.51977984247538,0.2
9,3,1,5.051869538064199,7.972696973737941,3.803046442384184,42.87258026823866,51.51977984247538,0.2
9,3,2,5.918266828147389,9.068923059664407,4.070117123059396,42.87258026823866,51.51977984247538,0.2
9,3,3,6.815631120186194,5.998382518844834,3.194784740262659,42.87258026823866,51.51977984247538,0.2
9,3,4,5.424403608221,8.267835462109346,3.8342004182751754,42.87258026823866,51.51977984247538,0.2
9,3,5,7.6633761472353195,10.789486776803969,5.085282510914814,42.87258026823866,51.51977984247538,0.2
9,3,6,7.038385593920998,10.008178785488914,4.634448397716894,42.87258026823866,51.51977984247538,0.2
9,3,7,5.680182181909129,6.894231098526886,3.2453919812533174,42.87258026823866,51.51977984247538,0.2
9,3,8,6.607436877774906,10.258902903113832,4.449756170906778,42.87258026823866,51.51977984247538,0.2
9,3,9,7.309676367595102,10.221015803552868,4.808609217643651,42.87258026823866,51.51977984247538,0.2
9,4,0,9.732724484024564,12.037355566636874,5.333286463881587,52.24682701713667,55.70692325524973,0.2
9,4,1,7.693466382235474,10.05517402689344,4.473842208710181,52.24682701713667,55.70692325524973,0.2
9,4,2,8.233743587519186,6.641898895129659,3.2728227615522147,52.24682701713667,55.70692325524973,0.2
9,4,3,6.462968404424942,9.298814360161675,4.34227171346491,52.24682701713667,55.70692325524973,0.2
9,4,4,7.756490084370454,10.00321035325579,4.381250790442791,52.24682701713667,55.70692325524973,0.2
9,4,5,10.287397389069504,12.657888902246334,5.686793125128971,52.24682701713667,55.70692325524973,0.2
9,4,6,9.375371426094752,11.647447140457391,5.1536038997862565,52.24682701713667,55.70692325524973,0.2
9,4,7,6.565345567880045,8.87493271930931,3.8729565196808915,52.24682701713667,55.70692325524973,0.2
9,4,8,9.001743741145148,7.529171744402481,3.5833449136997175,52.24682701713667,55.70692325524973,0.2
9,4,9,9.727694342343199,12.047418958310052,5.395099420240383,52.24682701713667,55.70692325524973,0.2
9,5,0,10.789103088360209,10.559073994896952,4.865878183329808,51.49100940269969,50.353142546290016,0.2
9,5,1,9.050469184004994,9.183511073080973,4.198692567945001,51.49100940269969,50.353142546290016,0.2
9,5,2,6.620837339875276,7.1654305683289055,3.4513381270209114,51.49100940269969,50.353142546290016,0.2
9,5,3,8.784305413091646,9.201294125516386,4.310343988816056,51.49100940269969,50.353142546290016,0.2
9,5,4,8.863159096022715,5.3065792367858675,2.8110643665222548,51.49100940269969,50.353142546290016,0.2
9,5,5,11.504238087473716,11.358252845779083,5.271480527626452,51.49100940269969,50.353142546290016,0.2
9,5,6,10.42560982387231,10.364793192917995,4.749435139995129,51.49100940269969,50.353142546290016,0.2
9,5,7,7.83489269338105,6.122061868417756,2.9864515448556976,51.49100940269969,50.353142546290016,0.2
9,5,8,7.249015768584794,7.174077262001847,3.464190809000366,51.49100940269969,50.353142546290016,0.2
9,5,9,10.914149129458472,10.991243112868903,5.059486163724743,51.49100940269969,50.353142546290016,0.2
9,6,0,9.84354800569621,9.400527837195261,4.48569475120096,45.52465747696893,45.09521477462184,0.2
9,6,1,8.493848447608203,5.399182132625082,2.8949264422849517,45.52465747696893,45.09521477462184,0.2
9,6,2,6.981969391180148,6.928728871161702,3.3711292337482743,45.52465747696893,45.09521477462184,0.2
9,6,3,8.719716436867301,8.731907800987376,4.1552206461011645,45.52465747696893,45.09521477462184,0.2
9,6,4,5.68671183215445,6.6047947873011825,3.2764388174911465,45.52465747696893,45.09521477462184,0.2
9,6,5,10.664071248753386,10.252853232202966,4.906884690906594,45.52465747696893,45.09521477462184,0.2
9,6,6,9.607986685866804,4.532423209473159,2.6618331583806403,45.52465747696893,45.09521477462184,0.2
9,6,7,6.0415156403187185,6.419138745861434,3.0871718587474124,45.52465747696893,45.09521477462184,0.2
9,6,8,7.007970040456603,6.5323546094441225,3.244250626149672,45.52465747696893,45.09521477462184,0.2
9,6,9,10.235212033750292,10.04938488879928,4.751943613630232,45.52465747696893,45.09521477462184,0.2
9,7,0,9.074446576492386,10.340280819208958,4.795079172533957,43.83518458435799,47.59177457020502,0.2
9,7,1,5.8563626819138115,7.804062969645253,3.7465582055267004,43.83518458435799,47.59177457020502,0.2
9,7,2,6.819708836832963,8.181843611840486,3.7871606360231973,43.83518458435799,47.59177457020502,0.2
9,7,3,8.405905853600055,5.081706160899026,2.8446207631940146,43.83518458435799,47.59177457020502,0.2
9,7,4,6.628152529217274,8.198506320882851,3.811666082838959,43.83518458435799,47.59177457020502,0.2
9,7,5,9.926503129246345,11.205304199138705,5.22169005614505,43.83518458435799,47.59177457020502,0.2
9,7,6,5.384820887510047,7.777159701608639,3.8844024949655096,43.83518458435799,47.59177457020502,0.2
9,7,7,6.245270277732066,7.659164962464525,3.493446278783002,43.83518458435799,47.59177457020502,0.2
9,7,8,6.563036635487786,7.878269085583684,3.698853559507125,43.83518458435799,47.59177457020502,0.2
9,7,9,9.61306126433298,5.964909847745803,3.298347139648501,43.83518458435799,47.59177457020502,0.2
9,8,0,9.700323404654544,13.129286379093951,5.667505286110426,50.71849038039206,56.40792511945182,0.2
9,8,1,7.579192113477832,10.805362913133933,4.704955271386802,50.71849038039206,56.40792511945182,0.2
9,8,2,7.6613297993552685,11.105504993392202,4.6902362922529806,50.71849038039206,56.40792511945182,0.2
9,8,3,5.754595570524286,9.42524050519397,4.38351401954983,50.71849038039206,56.40792511945182,0.2
9,8,4,7.710903695997069,10.849499866547333,4.637536446698125,50.71849038039206,56.40792511945182,0.2
9,8,5,10.563346389275289,6.496307126657674,3.5651771818921127,50.71849038039206,56.40792511945182,0.2
9,8,6,7.858047610734333,11.272623499616753,5.036942739731067,50.71849038039206,56.40792511945182,0.2
9,8,7,7.06715311294312,7.729129219176925,3.5157539264035096,50.71849038039206,56.40792511945182,0.2
9,8,8,7.482686825943673,11.367922747830578,4.781259880510534,50.71849038039206,56.40792511945182,0.2
9,8,9,6.672472508623869,10.310987377738778,4.838200047566774,50.71849038039206,56.40792511945182,0.2
9,9,0,11.465219278915043,8.62930433068313,4.224800431274302,61.988689708636215,66.67883491967369,0.2
9,9,1,9.51800504114887,14.07298136805855,5.660805425323371,61.988689708636215,66.67883491967369,0.2
9,9,2,9.488228920119992,14.551309743377796,5.666949785163539,61.988689708636215,66.67883491967369,0.2
9,9,3,8.86773755103611,13.572156027178577,5.658116454347055,61.988689708636215,66.67883491967369,0.2
9,9,4,9.381618470768995,10.067918882000797,4.401070525654378,61.988689708636215,66.67883491967369,0.2
9,9,5,7.212262908470981,12.745180233525868,5.714216895640076,61.988689708636215,66.67883491967369,0.2
9,9,6,10.189607259455949,14.975204291311696,6.144838050883551,61.988689708636215,66.67883491967369,0.2
9,9,7,7.112280917621607,11.768386637763982,4.718771226328337,61.988689708636215,66.67883491967369,0.2
9,9,8,9.672367327804256,15.545217663344655,5.952279767413011,61.988689708636215,66.67883491967369,0.2
9,9,9,9.787555839878125,14.54854675485186,6.15669121838489,61.988689708636215,66.67883491967369,0.2
9,10,0,8.546663992166753,13.516661100110806,5.784046109047678,69.4267929641518,69.57365277055641,0.2
9,10,1,11.451665630672304,15.103462820691675,5.947870717608361,69.4267929641518,69.57365277055641,0.2
9,10,2,11.464095514605319,9.303398121615892,4.143497002198609,69.4267929641518,69.57365277055641,0.2
9,10,3,11.44622591066822,15.291904731185282,6.150930214812177,69.4267929641518,69.57365277055641,0.2
9,10,4,8.903253917073483,12.974051470595468,5.255977097923235,69.4267929641518,69.57365277055641,0.2
9,10,5,11.559715678846242,15.974237249418406,6.69281198934272,69.4267929641518,69.57365277055641,0.2
9,10,6,12.430851341146523,16.276673924290932,6.513965838470778,69.4267929641518,69.57365277055641,0.2
9,10,7,9.545954367167235,13.181127645390522,5.108505541300596,69.4267929641518,69.57365277055641,0.2
9,10,8,12.041310823315555,10.561504219067634,4.541231213346154,69.4267929641518,69.57365277055641,0.2
9,10,9,12.45482999801441,16.40145465054828,6.695627740058845,69.4267929641518,69.57365277055641,0.2
9,11,0,11.700978404397535,12.812402375264021,5.571402662658286,65.78869918366946,61.27099452694139,0.2
9,11,1,12.032391427519691,7.186114247102063,3.53633851308792,65.78869918366946,61.27099452694139,0.2
9,11,2,8.38218921968352,9.854613412921706,4.31385575297413,65.78869918366946,61.27099452694139,0.2
9,11,3,12.443175634075898,13.257846613555232,5.566071544227789,65.78869918366946,61.27099452694139,0.2
9,11,4,10.632708204142164,11.578287913394576,4.853461332937345,65.78869918366946,61.27099452694139,0.2
9,11,5,13.53938870395449,14.448368204347878,6.238607953132259,65.78869918366946,61.27099452694139,0.2
9,11,6,13.177587482178483,13.843865069132574,5.81607050790389,65.78869918366946,61.27099452694139,0.2
9,11,7,10.33437698983784,8.265162871338449,3.684707887922092,65.78869918366946,61.27099452694139,0.2
9,11,8,9.186795429175469,9.984526802299143,4.366111390146433,65.78869918366946,61.27099452694139,0.2
9,11,9,13.545084896152895,14.437945054172674,6.123890436182215,65.78869918366946,61.27099452694139,0.2
9,12,0,11.270806112004005,10.764444362372192,4.931934283035566,55.14395507968508,51.56696214442506,0.2
9,12,1,7.153923013780033,8.149492894452951,3.861885188996591,55.14395507968508,51.56696214442506,0.2
9,12,2,8.726820646584907,8.371433333975702,3.8483785099024463,55.14395507968508,51.56696214442506,0.2
9,12,3,11.260021394792124,5.67948979701125,3.074922807513106,55.14395507968508,51.56696214442506,0.2
9,12,4,9.818429032653173,6.668762772900778,3.298619489527036,55.14395507968508,51.56696214442506,0.2
9,12,5,12.62054547229778,12.008840835815338,5.481069338310307,55.14395507968508,51.56696214442506,0.2
9,12,6,11.765762950088515,11.175623919423797,5.006563828787545,55.14395507968508,51.56696214442506,0.2
9,12,7,7.454070491528001,7.688247377745311,3.5027264104072082,55.14395507968508,51.56696214442506,0.2
9,12,8,8.832532473657773,7.934479647163031,3.7173074814405878,55.14395507968508,51.56696214442506,0.2
9,12,9,12.388474848528224,11.958193680819154,5.367098317146888,55.14395507968508,51.56696214442506,0.2
9,13,0,9.977177818039298,10.884705515682471,4.970439907330872,48.80001860939985,50.11049853989187,0.2
9,13,1,7.812495672540862,9.167689282723096,4.1936276630961915,48.80001860939985,50.11049853989187,0.2
9,13,2,7.7851720037083325,8.723423901758935,3.960944785152774,48.80001860939985,50.11049853989187,0.2
9,13,3,6.2204907581250595,8.458369895643742,4.063669343592207,48.80001860939985,50.11049853989187,0.2
9,13,4,6.673023465512369,8.330830971484028,3.8546269959880903,48.80001860939985,50.11049853989187,0.2
9,13,5,11.088064090680941,11.961344557253364,5.465885560194089,48.80001860939985,50.11049853989187,0.2
9,13,6,10.128151494028486,6.634560648550604,3.4755059017149335,48.80001860939985,50.11049853989187,0.2
9,13,7,7.08592658356863,8.19438638879888,3.6625923133367393,48.80001860939985,50.11049853989187,0.2
9,13,8,7.5200186414148735,8.281305464144731,3.8303171362928707,48.80001860939985,50.11049853989187,0.2
9,13,9,10.857503608931971,5.565678009934668,3.1422178909420198,48.80001860939985,50.11049853989187,0.2
9,14,0,10.055073718215898,13.054801715981458,5.644979184548804,52.21597650843308,56.846966300123526,0.2
9,14,1,8.483602273712123,11.309512897817534,4.857565649163597,52.21597650843308,56.846966300123526,0.2
9,14,2,8.012890720145814,11.008304263590553,4.66146257665516,52.21597650843308,56.846966300123526,0.2
9,14,3,8.22069989338544,11.20900230960252,4.948967049307682,52.21597650843308,56.846966300123526,0.2
9,14,4,7.797812532391865,10.640856170598756,4.574926632298775,52.21597650843308,56.846966300123526,0.2
9,14,5,11.057347693113309,6.84404569976265,3.6977161030156944,52.21597650843308,56.846966300123526,0.2
9,14,6,7.030860185694172,10.374943279456227,4.752690397379425,52.21597650843308,56.846966300123526,0.2
9,14,7,7.409331245722324,8.077267032041108,3.6258696013199025,52.21597650843308,56.846966300123526,0.2
9,14,8,7.748634303528379,11.06913832023262,4.692942580613512,52.21597650843308,56.846966300123526,0.2
9,14,9,6.356627003078593,9.972850203063825,4.726581489121381,52.21597650843308,56.846966300123526,0.2
9,15,0,11.419649547460878,16.258498198580476,6.582326914902882,62.47826859670759,67.41815929007058,0.2
9,15,1,9.826731960158034,10.151857782717041,4.503911167432017,62.47826859670759,67.41815929007058,0.2
9,15,2,9.43002042411618,14.304492466810126,5.5994919159767145,62.47826859670759,67.41815929007058,0.2
9,15,3,10.01163467169498,14.428218335522423,5.905634774788717,62.47826859670759,67.41815929007058,0.2
9,15,4,9.254960406089294,8.95196268136437,4.053622638826162,62.47826859670759,67.41815929007058,0.2
9,15,5,7.480385780344926,12.658768737947206,5.6870698200850835,62.47826859670759,67.41815929007058,0.2
9,15,6,9.614571988894525,14.225734528198686,5.927912742794287,62.47826859670759,67.41815929007058,0.2
9,15,7,7.335042131811602,11.749757159323842,4.713541079115338,62.47826859670759,67.41815929007058,0.2
9,15,8,9.493703672752604,15.15626153929936,5.847632000840886,62.47826859670759,67.41815929007058,0.2
9,15,9,9.561754330471667,14.121634977268169,6.029664247027861,62.47826859670759,67.41815929007058,0.2
9,16,0,13.315880203908728,18.081538758589577,7.090680543854584,71.80228020928143,72.11265348739114,0.2
9,16,1,9.111297923958599,13.921950279998917,5.618210453368176,71.80228020928143,72.11265348739114,0.2
9,16,2,11.327629958197146,10.824275809428132,4.606776041431434,71.80228020928143,72.11265348739114,0.2
9,16,3,11.946949187692283,16.415117812452102,6.463808688801278,71.80228020928143,72.11265348739114,0.2
9,16,4,8.200375664759573,13.100781669539717,5.291862836863165,71.80228020928143,72.11265348739114,0.2
9,16,5,11.50479783434382,16.662049159022253,6.893256230634832,71.80228020928143,72.11265348739114,0.2
9,16,6,11.992016951263405,16.652847346801465,6.618986008833984,71.80228020928143,72.11265348739114,0.2
9,16,7,9.535373912164397,13.90158831464953,5.302396119734162,71.80228020928143,72.11265348739114,0.2
9,16,8,11.82961104885949,9.329152952152882,4.163466933642115,71.80228020928143,72.11265348739114,0.2
9,16,9,12.197857660553334,16.875147327785495,6.830412683742246,71.80228020928143,72.11265348739114,0.2
9,17,0,14.344266686661085,7.635299733142306,3.8779429192137287,70.0365062761373,65.2060725775099,0.2
9,17,1,11.365497084020502,13.339586556184534,5.452649817668065,70.0365062761373,65.2060725775099,0.2
9,17,2,9.319390952013043,11.599828909017448,4.835417892912053,70.0365062761373,65.2060725775099,0.2
9,17,3,13.07612084203692,14.824062818472921,6.018590064597878,70.0365062761373,65.2060725775099,0.2
9,17,4,10.70530414277155,12.704051512136235,5.179169265536824,70.0365062761373,65.2060725775099,0.2
9,17,5,13.944882314210481,15.975800892364378,6.693270572128785,70.0365062761373,65.2060725775099,0.2
9,17,6,13.390040620047458,15.160208181096912,6.197879494140753,70.0365062761373,65.2060725775099,0.2
9,17,7,10.726612706548064,8.970590048615769,3.9021304130765233,70.0365062761373,65.2060725775099,0.2
9,17,8,8.422587883897528,10.917965037260968,4.647985450184295,70.0365062761373,65.2060725775099,0.2
9,17,9,13.81775141463213,15.777030191696007,6.516153740341389,70.0365062761373,65.2060725775099,0.2
9,18,0,7.844980053016405,9.250909195780814,4.435598639161478,58.93717711437647,54.23029985157956,0.2
9,18,1,11.030572122078198,10.775823202843384,4.695947887366566,58.93717711437647,54.23029985157956,0.2
9,18,2,9.781927611658842,9.329189540939755,4.1515344522659445,58.93717711437647,54.23029985157956,0.2
9,18,3,12.175454870704046,7.012033494647485,3.563760242790624,58.93717711437647,54.23029985157956,0.2
9,18,4,10.477327909604721,6.087145583137268,3.0944973469577057,58.93717711437647,54.23029985157956,0.2
9,18,5,13.540316405285916,13.00406174249885,5.795218966708039,58.93717711437647,54.23029985157956,0.2
9,18,6,12.538152833975177,12.042758365292688,5.275427915175424,58.93717711437647,54.23029985157956,0.2
9,18,7,7.893910738908127,8.294248245686736,3.6937797280877516,58.93717711437647,54.23029985157956,0.2
9,18,8,9.402756539490111,8.615686417485707,3.9379345073797185,58.93717711437647,54.23029985157956,0.2
9,18,9,13.182013552105367,12.861004271335437,5.647627710703342,58.93717711437647,54.23029985157956,0.2
9,19,0,8.973103413926422,9.666938170103947,4.574308042956828,50.157673493865545,49.44841869824069,0.2
9,19,1,9.499783332000316,6.232085027766703,3.2007467088129857,50.157673493865545,49.44841869824069,0.2
9,19,2,8.398448777074877,8.543379156911179,3.9035404248365113,50.157673493865545,49.44841869824069,0.2
9,19,3,7.209396476648986,8.57327094905338,4.102232544760189,50.157673493865545,49.44841869824069,0.2
9,19,4,6.260089554365464,7.671233976220737,3.638364394861308,50.157673493865545,49.44841869824069,0.2
9,19,5,11.723580811732218,11.82520570026568,5.422263601815365,50.157673493865545,49.44841869824069,0.2
9,19,6,10.672056713528995,5.264954582358622,2.9561451377638734,50.157673493865545,49.44841869824069,0.2
9,19,7,7.472422593822014,7.953226303969979,3.5868020634273545,50.157673493865545,49.44841869824069,0.2
9,19,8,7.9663415125106,7.899821744077593,3.7059339494048933,50.157673493865545,49.44841869824069,0.2
9,19,9,11.425007448617519,11.663423892242827,5.274142803017325,50.157673493865545,49.44841869824069,0.2
9,20,0,9.253709015558368,9.5516814123857,4.536062490021579,50.18953779991445,49.44841869824069,0.2
9,20,1,6.4750293154100635,6.674990556557169,3.358330297575208,50.18953779991445,49.44841869824069,0.2
9,20,2,7.896763156894172,8.207197600425857,3.7953718096825866,50.18953779991445,49.44841869824069,0.2
9,20,3,8.298712270113414,8.542723623524143,4.091995434738825,50.18953779991445,49.44841869824069,0.2
9,20,4,7.360318781865738,7.593826427130984,3.612625964637026,50.18953779991445,49.44841869824069,0.2
9,20,5,10.969101579004958,11.29558721209476,5.2511050088306765,50.18953779991445,49.44841869824069,0.2
9,20,6,5.9802065483421485,6.1607730011858814,3.2998496856198862,50.18953779991445,49.44841869824069,0.2
9,20,7,7.256009494696447,7.514914205007579,3.4472588207292887,50.18953779991445,49.44841869824069,0.2
9,20,8,7.4970102749146115,7.861818986679526,3.693445530579474,50.18953779991445,49.44841869824069,0.2
9,20,9,10.669456964265999,10.961287943736187,5.049829944210338,50.18953779991445,49.44841869824069,0.2
10,0,0,2.0,2.0,1.2871442413937242,17.33627931328044,17.33627931328044,0.0
10,0,1,2.0,2.0,1.6853101006830116,17.33627931328044,17.33627931328044,0.0
10,0,2,2.0,2.0,1.4953978559956047,17.33627931328044,17.33627931328044,0.0
10,0,3,2.0,2.0,1.9315104799872036,17.33627931328044,17.33627931328044,0.0
10,0,4,2.0,2.0,1.4043851493520905,17.33627931328044,17.33627931328044,0.0
10,0,5,2.0,2.0,1.3274230217699934,17.33627931328044,17.33627931328044,0.0
10,0,6,2.0,2.0,1.8629094355983165,17.33627931328044,17.33627931328044,0.0
10,0,7,2.0,2.0,1.4867080483569668,17.33627931328044,17.33627931328044,0.0
10,0,8,2.0,2.0,1.3026583268407497,17.33627931328044,17.33627931328044,0.0
10,0,9,2.0,2.0,1.6150966277284904,17.33627931328044,17.33627931328044,0.0
10,1,0,2.6038601159029016,2.8378702896077823,1.6443755094078174,17.33627931328044,26.325022739149272,0.0
10,1,1,3.409339538624761,4.082825653965357,2.7773551061267012,17.33627931328044,26.325022739149272,0.0
10,1,2,3.0251518900612395,3.590736873516228,2.2524972204990448,17.33627931328044,26.325022739149272,0.0
10,1,3,3.9073966541941836,4.720764743134291,3.5235847573583636,17.33627931328044,26.325022739149272,0.0
10,1,4,2.84103549560586,3.354910416452869,2.0171671224614682,17.33627931328044,26.325022739149272,0.0
10,1,5,2.68534306580556,3.1554909447648716,1.8265653096837997,17.33627931328044,26.325022739149272,0.0
10,1,6,3.7686184833808727,4.543009989477259,3.3083490941449196,17.33627931328044,26.325022739149272,0.0
10,1,7,3.007572629868445,3.5682203851756613,2.229568729155627,17.33627931328044,26.325022739149272,0.0
10,1,8,2.6352447168132693,2.6038601159029033,1.5669021539156034,17.33627931328044,26.325022739149272,0.0
10,1,9,3.2672994657675494,3.9008928758332284,2.5780559019688787,17.33627931328044,26.325022739149272,0.0
10,2,0,3.3265298999265744,3.7522945715261855,1.9994662073960978,28.540197020089494,38.65777153157477,0.2
10,2,1,5.618518854353047,7.536434217643863,4.265549298530826,28.540197020089494,38.65777153157477,0.2
10,2,2,4.556744679437606,6.243402591414301,3.317650972342989,28.540197020089494,38.65777153157477,0.2
10,2,3,7.12812248979509,9.336946958277645,5.6796228280659795,28.540197020089494,38.65777153157477,0.2
10,2,4,4.080677866841638,5.618532543492368,2.8940182260916565,28.540197020089494,38.65777153157477,0.2
10,2,5,3.695095239541712,4.1660424932482485,2.2186813627228616,28.540197020089494,38.65777153157477,0.2
10,2,6,6.692706208590626,8.801055337570473,5.255875529113523,28.540197020089494,38.65777153157477,0.2
10,2,7,4.5103609236727475,6.1394830284863176,3.259845053708323,28.540197020089494,38.65777153157477,0.2
10,2,8,3.169803269045712,4.6314479332255445,2.3448295212279304,28.540197020089494,38.65777153157477,0.2
10,2,9,5.215341625143812,7.052334070044526,3.902209007488204,28.540197020089494,38.65777153157477,0.2
10,3,0,4.044869365143494,6.308488218511763,2.8764307872781507,42.17291274962237,50.52435922288511,0.2
10,3,1,8.629097915891256,11.597029833475972,5.767685468302221,42.17291274962237,50.52435922288511,0.2
10,3,2,6.71152367198285,9.291485063334498,4.382231838480348,42.17291274962237,50.52435922288511,0.2
10,3,3,11.489732758590543,14.961662305979086,7.900634405196088,42.17291274962237,50.52435922288511,0.2
10,3,4,5.854525383617097,4.890301139809396,2.6260328453556996,42.17291274962237,50.52435922288511,0.2
10,3,5,4.488336057842015,6.822010067414968,3.1334805091173137,42.17291274962237,50.52435922288511,0.2
10,3,6,10.632502733019251,13.928417198320062,7.247729599092252,42.17291274962237,50.52435922288511,0.2
10,3,7,6.594583766449845,9.08148482675862,4.287602334431949,42.17291274962237,50.52435922288511,0.2
10,3,8,4.743530579219258,5.613951917564437,2.682857495580354,42.17291274962237,50.52435922288511,0.2
10,3,9,7.89406973340721,10.724882518351212,5.233018786721042,42.17291274962237,50.52435922288511,0.2
10,4,0,5.818946441494974,6.13045188940632,2.81936278614846,51.23735902096043,55.41691812485667,0.2
10,4,1,11.667881243615009,13.446513125891489,6.397136281411101,51.23735902096043,55.41691812485667,0.2
10,4,2,8.865143731290953,10.436725710116834,4.753688781467065,51.23735902096043,55.41691812485667,0.2
10,4,3,15.982782781007316,18.0201931342799,8.999278266172984,51.23735902096043,55.41691812485667,0.2
10,4,4,5.312397763337465,7.172555407541079,3.433499351419317,51.23735902096043,55.41691812485667,0.2
10,4,5,6.338951501515433,5.459958302634882,2.681148548761899,51.23735902096043,55.41691812485667,0.2
10,4,6,14.661972937462313,16.62362779860659,8.203115188872177,51.23735902096043,55.41691812485667,0.2
10,4,7,8.67371064752678,10.229202456966703,4.660086064818614,51.23735902096043,55.41691812485667,0.2
10,4,8,5.4273525877943545,6.959356351934076,3.118228060967709,51.23735902096043,55.41691812485667,0.2
10,4,9,10.586264123560216,12.289861084046013,5.7565250006099165,51.23735902096043,55.41691812485667,0.2
10,5,0,5.703499324336603,6.1400330114812816,2.8224464791348014,51.222951932940006,51.48627545345109,0.2
10,5,1,12.941244254898148,12.694851028407665,6.144664183514885,51.222951932940006,51.48627545345109,0.2
10,5,2,9.616591694551868,4.496388073849295,2.6365766874782626,51.222951932940006,51.48627545345109,0.2
10,5,3,18.205311413914625,17.599396513360524,8.85165574415326,51.222951932940006,51.48627545345109,0.2
10,5,4,6.945882001117915,7.488102364842443,3.5385511057883203,51.222951932940006,51.48627545345109,0.2
10,5,5,5.4238954317758825,6.130986633634933,2.907767023505655,51.222951932940006,51.48627545345109,0.2
10,5,6,16.594693725493528,16.145437054016305,8.037215432731593,51.222951932940006,51.48627545345109,0.2
10,5,7,9.427235775624592,9.50807619729612,4.427611970973682,51.222951932940006,51.48627545345109,0.2
10,5,8,6.308096186213997,5.3441172636202525,2.591926657331861,51.222951932940006,51.48627545345109,0.2
10,5,9,11.645303900871085,11.478648388728386,5.48783493952551,51.222951932940006,51.48627545345109,0.2
10,6,0,5.709737556943797,4.884867661471251,2.404934113746017,46.549131519020385,47.62110860982102,0.2
10,6,1,12.430499611874726,11.53757375905806,5.74697052901678,46.549131519020385,47.62110860982102,0.2
10,6,2,5.333727688211766,6.16572282200476,3.2887022449106227,46.549131519020385,47.62110860982102,0.2
10,6,3,17.906674800445465,16.40956647582619,8.428378822894947,46.549131519020385,47.62110860982102,0.2
10,6,4,7.158399032628607,7.051833689748809,3.3929438642266465,46.549131519020385,47.62110860982102,0.2
10,6,5,5.8823388516625865,5.84504833507054,2.812159978665597,46.549131519020385,47.62110860982102,0.2
10,6,6,16.259082731511423,14.990469713984488,7.630296502701794,46.549131519020385,47.62110860982102,0.2
10,6,7,8.956946586987867,4.145368683116441,2.476275204744179,46.549131519020385,47.62110860982102,0.2
10,6,8,5.243401811023219,5.441919631973022,2.625040507845665,46.549131519020385,47.62110860982102,0.2
10,6,9,11.101750730140477,10.351323506535461,5.1047517952245265,46.549131519020385,47.62110860982102,0.2
10,7,0,4.865120643648227,5.660056022496552,2.6661263792709504,46.29050103112118,50.12225014078881,0.2
10,7,1,11.625975447454739,12.171823884430658,5.966337115461452,46.29050103112118,50.12225014078881,0.2
10,7,2,6.652961131481824,7.5896721228052515,3.803573972446557,46.29050103112118,50.12225014078881,0.2
10,7,3,17.05039633700513,17.46219575942527,8.803295270002817,46.29050103112118,50.12225014078881,0.2
10,7,4,6.863839280352089,7.552033124285407,3.5596717479771307,46.29050103112118,50.12225014078881,0.2
10,7,5,5.688928227699567,5.090350696844577,2.552770315888323,46.29050103112118,50.12225014078881,0.2
10,7,6,15.435896068948121,15.899648144746278,7.951370770125231,46.29050103112118,50.12225014078881,0.2
10,7,7,5.009441859174135,6.349044582892768,3.3373408104335356,46.29050103112118,50.12225014078881,0.2
10,7,8,5.310390289753079,4.552647850401298,2.3168310452391996,46.29050103112118,50.12225014078881,0.2
10,7,9,10.326783256844775,10.899719329545546,5.292589779562297,46.29050103112118,50.12225014078881,0.2
10,8,0,5.3935059643534435,5.359339287911238,2.5661621651268516,53.415214804801735,58.40831735523197,0.2
10,8,1,12.069748481459499,15.153499930539565,6.955332441453245,53.415214804801735,58.40831735523197,0.2
10,8,2,7.69453356215609,10.401429849669187,4.742429546892438,53.415214804801735,58.40831735523197,0.2
10,8,3,17.80884278925599,21.493497798232937,10.181014125163776,53.415214804801735,58.40831735523197,0.2
10,8,4,7.201125555460384,6.057329137832909,3.050436945293394,53.415214804801735,58.40831735523197,0.2
10,8,5,5.164189526579399,7.670804578028262,3.4015510376829297,53.415214804801735,58.40831735523197,0.2
10,8,6,16.08542115891113,19.559510712745706,9.19223960265097,53.415214804801735,58.40831735523197,0.2
10,8,7,6.75135571445623,9.444012479648514,4.406708082953907,53.415214804801735,58.40831735523197,0.2
10,8,8,4.686890373258984,7.140105385619601,3.1747004844075564,53.415214804801735,58.40831735523197,0.2
10,8,9,10.706774729392647,13.638383927160207,6.191723465906975,53.415214804801735,58.40831735523197,0.2
10,9,0,5.191280897529891,8.437760333678641,3.52586151801359,64.1869923999114,67.37913614406342,0.2
10,9,1,14.070460912395736,18.451035286777824,7.983132624608788,64.1869923999114,67.37913614406342,0.2
10,9,2,9.593814548912992,13.280375213608192,5.627078820116653,64.1869923999114,67.37913614406342,0.2
10,9,3,20.595933048850046,25.964268911225428,11.620888676505023,64.1869923999114,67.37913614406342,0.2
10,9,4,6.170956480623756,9.575558193395166,4.203200444583872,64.1869923999114,67.37913614406342,0.2
10,9,5,6.881251373692309,6.371863044029382,2.987272571252284,64.1869923999114,67.37913614406342,0.2
10,9,6,18.59566729774494,23.611606966214328,10.487177706579043,64.1869923999114,67.37913614406342,0.2
10,9,7,8.914658552336014,12.45378725016386,5.348299325129504,64.1869923999114,67.37913614406342,0.2
10,9,8,6.42233846482931,7.317882633899569,3.2298275215508507,64.1869923999114,67.37913614406342,0.2
10,9,9,12.525699345178191,16.659145000137613,7.1225320010726225,64.1869923999114,67.37913614406342,0.2
10,10,0,7.13272831878686,7.923299955504358,3.373964349020701,70.15595489652237,69.3333240453197,0.2
10,10,1,16.14967458400302,19.618170041384488,8.33335288419892,70.15595489652237,69.3333240453197,0.2
10,10,2,11.38343756475835,6.605920561636701,3.4513507655266658,70.15595489652237,69.3333240453197,0.2
10,10,3,23.50876270349806,27.560999920080274,12.116649656995467,70.15595489652237,69.3333240453197,0.2
10,10,4,8.502967767580186,11.51758535388858,4.783196680116484,70.15595489652237,69.3333240453197,0.2
10,10,5,6.043176555870701,9.330276756116286,3.9013464334931536,70.15595489652237,69.3333240453197,0.2
10,10,6,21.21529419964538,25.07267423771633,10.93732723642503,70.15595489652237,69.3333240453197,0.2
10,10,7,10.819473725443356,13.86206174025691,5.764799083255762,70.15595489652237,69.3333240453197,0.2
10,10,8,6.533859061130075,9.499580118112021,3.8770607839599904,70.15595489652237,69.3333240453197,0.2
10,10,9,14.408701375809544,17.7197992369124,7.437015237980007,70.15595489652237,69.3333240453197,0.2
10,11,0,6.825444203037038,7.666246016369974,3.2969635629292933,65.56144484844094,62.48982300324967,0.2
10,11,1,16.858161276015462,16.8744208147182,7.499270853993653,65.56144484844094,62.48982300324967,0.2
10,11,2,6.981994958556359,8.870844115770531,4.242396150225658,65.56144484844094,62.48982300324967,0.2
10,11,3,24.511674578178244,24.108936185184312,11.033180040739975,65.56144484844094,62.48982300324967,0.2
10,11,4,9.676285424225966,5.971922088905209,3.0202655197281323,65.56144484844094,62.48982300324967,0.2
10,11,5,7.892324768118554,8.546402405846319,3.6689068435400567,65.56144484844094,62.48982300324967,0.2
10,11,6,22.125935267882788,21.901383466686752,9.949490229972241,65.56144484844094,62.48982300324967,0.2
10,11,7,11.662042159959958,12.090185042927217,5.238509780106039,65.56144484844094,62.48982300324967,0.2
10,11,8,7.843195515798141,6.854780703441739,3.0853541316006097,65.56144484844094,62.48982300324967,0.2
10,11,9,15.04489297840453,15.146736901679485,6.663476503048602,65.56144484844094,62.48982300324967,0.2
10,12,0,6.669673568054057,4.878551220551372,2.40275687961791,56.24090190201602,54.1558658885167,0.2
10,12,1,15.170834508744106,13.575819224273078,6.440136302661181,56.24090190201602,54.1558658885167,0.2
10,12,2,8.582259684797489,8.283305025184124,4.043694288267948,56.24090190201602,54.1558658885167,0.2
10,12,3,22.31984305702294,19.817803938629186,9.618668141757112,56.24090190201602,54.1558658885167,0.2
10,12,4,6.109920452847839,6.471722323398776,3.1950609255277973,56.24090190201602,54.1558658885167,0.2
10,12,5,7.422105379978854,5.432435595580297,2.6716807348454306,56.24090190201602,54.1558658885167,0.2
10,12,6,20.127566087960766,17.963151955755972,8.660411460472258,56.24090190201602,54.1558658885167,0.2
10,12,7,10.597372263745344,9.743482475972089,4.504064917540725,56.24090190201602,54.1558658885167,0.2
10,12,8,6.241593061871606,6.109959550969477,2.8466649728077336,56.24090190201602,54.1558658885167,0.2
10,12,9,13.480043760097105,12.095969600015579,5.692800886709101,56.24090190201602,54.1558658885167,0.2
10,13,0,4.860716154293545,5.871608475904475,2.735496624244613,51.25000878985253,52.313124678264195,0.2
10,13,1,13.028232205988092,13.255381302446324,6.333348471320478,51.25000878985253,52.313124678264195,0.2
10,13,2,8.180290863690779,8.913875783827454,4.256791328011149,51.25000878985253,52.313124678264195,0.2
10,13,3,19.458321404062445,19.284867311485666,9.436864743959724,51.25000878985253,52.313124678264195,0.2
10,13,4,6.463527120203147,7.423044985637465,3.517002654967875,51.25000878985253,52.313124678264195,0.2
10,13,5,5.404742284638941,6.3579367853784685,2.982700811440882,51.25000878985253,52.313124678264195,0.2
10,13,6,17.519792470822345,17.49400236875879,8.501453273162312,51.25000878985253,52.313124678264195,0.2
10,13,7,9.11160895652434,4.864752155872612,2.7697922705747176,51.25000878985253,52.313124678264195,0.2
10,13,8,5.758730954664252,4.26120521221621,2.211985305900696,51.25000878985253,52.313124678264195,0.2
10,13,9,11.516391636595312,11.831533609261674,5.605395268455326,51.25000878985253,52.313124678264195,0.2
10,14,0,5.533840208417454,5.612452710565339,2.6504102801856786,54.51114973658509,58.05996327460286,0.2
10,14,1,12.812203134847831,15.190382665119994,6.967178330910669,54.51114973658509,58.05996327460286,0.2
10,14,2,8.611380763920977,10.717375654727062,4.842812715985961,54.51114973658509,58.05996327460286,0.2
10,14,3,19.090537746849588,21.8990324057648,10.315101845091787,54.51114973658509,58.05996327460286,0.2
10,14,4,7.11480706379837,9.067846798745306,4.04592803120014,54.51114973658509,58.05996327460286,0.2
10,14,5,6.03392800186287,4.885384141652087,2.4803756048121026,54.51114973658509,58.05996327460286,0.2
10,14,6,17.198224094317464,19.85699389400973,9.289881987120127,54.51114973658509,58.05996327460286,0.2
10,14,7,5.603219430074366,7.983302975942456,3.9177121515482307,54.51114973658509,58.05996327460286,0.2
10,14,8,4.474790104923656,6.539754350110375,2.985399994918075,54.51114973658509,58.05996327460286,0.2
10,14,9,11.339572290357626,13.60806972437962,6.182086557230357,54.51114973658509,58.05996327460286,0.2
10,15,0,5.361712694982634,9.19884613103334,3.7455842416086442,63.81142594372242,66.74119274893036,0.2
10,15,1,14.094424845965593,19.024113733220997,8.155900714498932,63.81142594372242,66.74119274893036,0.2
10,15,2,9.79688715096071,6.140874373004307,3.279418978785318,63.81142594372242,66.74119274893036,0.2
10,15,3,20.867189101376724,26.830160848053506,11.89083534338893,63.81142594372242,66.74119274893036,0.2
10,15,4,8.1848096689212,7.407717980831322,3.5119177768714818,63.81142594372242,66.74119274893036,0.2
10,15,5,5.017736864390141,9.145396927338483,3.8470704553045922,63.81142594372242,66.74119274893036,0.2
10,15,6,18.793195362094274,24.38789765870621,10.727358635983462,63.81142594372242,66.74119274893036,0.2
10,15,7,7.925432200169513,12.11163950608389,5.245015194643716,63.81142594372242,66.74119274893036,0.2
10,15,8,6.039388381496902,9.753837381301397,3.949411445157407,63.81142594372242,66.74119274893036,0.2
10,15,9,12.506204123635287,17.177964265385985,7.277089224570089,63.81142594372242,66.74119274893036,0.2
10,16,0,7.577221809203457,7.489930914644383,3.2437000639893383,71.08129135715154,71.56345974584282,0.2
10,16,1,16.499180042752972,20.379848894828122,8.558536328403342,71.08129135715154,71.56345974584282,0.2
10,16,2,6.634181319840186,10.506294191755815,4.775847459135508,71.08129135715154,71.56345974584282,0.2
10,16,3,24.054857955852082,28.74369019552739,12.478311941974896,71.08129135715154,71.56345974584282,0.2
10,16,4,7.104520484529608,10.399595053114643,4.453246462045781,71.08129135715154,71.56345974584282,0.2
10,16,5,7.782525842472286,10.793189363151665,4.320094094589425,71.08129135715154,71.56345974584282,0.2
10,16,6,21.701174120919376,26.106729157525134,11.251164384870386,71.08129135715154,71.56345974584282,0.2
10,16,7,10.610532552163159,13.857513596183246,5.763475016209639,71.08129135715154,71.56345974584282,0.2
10,16,8,7.989559066201136,8.355004343832253,3.5438244402862447,71.08129135715154,71.56345974584282,0.2
10,16,9,14.721366714275398,18.394393083716707,7.634091087194295,71.08129135715154,71.56345974584282,0.2
10,17,0,6.561922862217847,8.811490064501275,3.6344673367038087,69.5031240045573,65.68358253279987,0.2
10,17,1,17.313701665560803,18.91198964237123,8.122222486665246,69.5031240045573,65.68358253279987,0.2
10,17,2,9.66141813680012,12.13222320853902,5.281946901238027,69.5031240045573,65.68358253279987,0.2
10,17,3,25.243308197006037,26.74624024249757,11.864788222377454,69.5031240045573,65.68358253279987,0.2
10,17,4,9.008804511490434,11.133597398246543,4.671002398930186,69.5031240045573,65.68358253279987,0.2
10,17,5,8.739440653262522,7.57591624948369,3.372041911959903,69.5031240045573,65.68358253279987,0.2
10,17,6,22.760819849925205,24.333135409166623,10.710491390982904,69.5031240045573,65.68358253279987,0.2
10,17,7,11.659363605947666,13.484814691852463,5.654525715380784,69.5031240045573,65.68358253279987,0.2
10,17,8,7.169066854412195,9.279497982916192,3.813964621004313,69.5031240045573,65.68358253279987,0.2
10,17,9,15.443572417020617,6.1276667969281435,3.5365850976064226,69.5031240045573,65.68358253279987,0.2
10,18,0,7.352435132171062,5.3396859317813545,2.5595712333608467,59.36877938233011,56.46503454225174,0.2
10,18,1,16.431049843036217,14.77043154430347,6.831782879930709,59.36877938233011,56.46503454225174,0.2
10,18,2,10.685244456797115,9.943948776923678,4.595438640238288,59.36877938233011,56.46503454225174,0.2
10,18,3,24.00216529146006,21.43760383815988,10.162473839174327,59.36877938233011,56.46503454225174,0.2
10,18,4,9.449319242333976,8.854383428182206,3.979019418998942,59.36877938233011,56.46503454225174,0.2
10,18,5,6.821555161679463,6.6871831888387625,3.0900008775960695,59.36877938233011,56.46503454225174,0.2
10,18,6,21.667052112592977,19.445359511454456,9.154653883786311,59.36877938233011,56.46503454225174,0.2
10,18,7,11.438961936919043,10.5579777568422,4.764432905566015,59.36877938233011,56.46503454225174,0.2
10,18,8,7.715553580338832,5.914765139615852,2.7826960794866333,59.36877938233011,56.46503454225174,0.2
10,18,9,7.154421847999447,8.082743760472804,4.293077030444632,59.36877938233011,56.46503454225174,0.2
10,19,0,5.1779476099307065,6.056288841769641,2.795444194630974,52.22458245927642,52.09782442643181,0.2
10,19,1,13.820523286728019,13.582213227178011,6.442259396575029,52.22458245927642,52.09782442643181,0.2
10,19,2,9.296455677289785,9.580474264916125,4.477201728054067,52.22458245927642,52.09782442643181,0.2
10,19,3,20.558426521086627,19.714035374456056,9.583385182252483,52.22458245927642,52.09782442643181,0.2
10,19,4,8.049455245447675,5.175483685126026,2.732315791387799,52.22458245927642,52.09782442643181,0.2
10,19,5,6.2509933110256615,6.837096982516187,3.1383296988331453,52.22458245927642,52.09782442643181,0.2
10,19,6,18.519632342895395,17.899338566469343,8.638863927632539,52.22458245927642,52.09782442643181,0.2
10,19,7,9.638326784778645,4.284110630674174,2.5340032622413715,52.22458245927642,52.09782442643181,0.2
10,19,8,5.629323507836924,6.421432307940768,2.947486733842761,52.22458245927642,52.09782442643181,0.2
10,19,9,8.684785818541556,9.647746244072225,4.8593213909411475,52.22458245927642,52.09782442643181,0.2
10,20,0,5.655112621061205,5.8499377451381,2.728425451588508,52.87865208188621,52.09782442643181,0.2
10,20,1,13.03252717106411,13.394178676652851,6.379697524685417,52.87865208188621,52.09782442643181,0.2
10,20,2,9.057265406329442,9.326534448232781,4.393796774961142,52.87865208188621,52.09782442643181,0.2
10,20,3,19.3869448729243,19.882181336571385,9.640529618751449,52.87865208188621,52.09782442643181,0.2
10,20,4,5.527405464318967,5.690465667294202,2.919904830812016,52.87865208188621,52.09782442643181,0.2
10,20,5,6.348761289175151,6.563766060238941,3.049969625252721,52.87865208188621,52.09782442643181,0.2
10,20,6,17.47620235904381,17.924625628377253,8.64740522962494,52.87865208188621,52.09782442643181,0.2
10,20,7,5.126224253603159,5.271255366324222,2.929844256043781,52.87865208188621,52.09782442643181,0.2
10,20,8,5.962690817072475,6.157853095726211,2.8622663822011627,52.87865208188621,52.09782442643181,0.2
10,20,9,9.830283781190492,10.111042646656756,5.02151394279639,52.87865208188621,52.09782442643181,0.2
11,0,0,2.0,2.0,1.4729778556775266,17.646432115257426,17.646432115257426,0.0
11,0,1,2.0,2.0,1.56165388375554,17.646432115257426,17.646432115257426,0.0
11,0,2,2.0,2.0,1.4080231903049556,17.646432115257426,17.646432115257426,0.0
11,0,3,2.0,2.0,1.6407515956370473,17.646432115257426,17.646432115257426,0.0
11,0,4,2.0,2.0,1.7711741959504383,17.646432115257426,17.646432115257426,0.0
11,0,5,2.0,2.0,1.7209186668618524,17.646432115257426,17.646432115257426,0.0
11,0,6,2.0,2.0,1.4083238088811822,17.646432115257426,17.646432115257426,0.0
11,0,7,2.0,2.0,1.8310972823718479,17.646432115257426,17.646432115257426,0.0
11,0,8,2.0,2.0,1.3863753240936054,17.646432115257426,17.646432115257426,0.0
11,0,9,2.0,2.0,1.5260707322826248,17.646432115257426,17.646432115257426,0.0
11,1,0,2.9797967987285383,3.5649753783565283,2.207571584073432,17.646432115257426,27.265737457789548,0.0
11,1,1,3.159186151781158,3.7976936666236405,2.44640153101499,17.646432115257426,27.265737457789548,0.0
11,1,2,2.8483951600727804,2.8046020764311987,1.7840157601235556,17.646432115257426,27.265737457789548,0.0
11,1,3,3.319198814390301,4.005274954530621,2.6678688286484435,17.646432115257426,27.265737457789548,0.0
11,1,4,3.583040423004936,4.347551497065608,3.050082551946143,17.646432115257426,27.265737457789548,0.0
11,1,5,3.4813747637967083,4.215662631958067,2.9003168263682664,17.646432115257426,27.265737457789548,0.0
11,1,6,2.849003303818883,3.3952995434538886,2.0398404098320264,17.646432115257426,27.265737457789548,0.0
11,1,7,3.7042633052093112,4.504811563871982,3.2326900130151213,17.646432115257426,27.265737457789548,0.0
11,1,8,2.8046020764311983,3.0850854979765727,1.877789325160487,17.646432115257426,27.265737457789548,0.0
11,1,9,3.087202339913942,3.704310479742052,2.349356009507641,17.646432115257426,27.265737457789548,0.0
11,2,0,4.465861257744679,6.264362467791045,3.2755862249754792,29.560070152801522,40.647826191976456,0.2
11,2,1,4.949008175801786,6.856014564516103,3.699252710497223,29.560070152801522,40.647826191976456,0.2
11,2,2,3.6090185812414837,5.403156784732973,2.823203017965897,29.560070152801522,40.647826191976456,0.2
11,2,3,5.397030895198118,7.312533505598259,4.0660184655147065,29.560070152801522,40.647826191976456,0.2
11,2,4,6.170239551881372,8.253948778017183,4.777531047048678,29.560070152801522,40.647826191976456,0.2
11,2,5,5.867267292036406,7.871583613125466,4.490377235600951,29.560070152801522,40.647826191976456,0.2
11,2,6,4.126545351449792,4.811444857628249,2.603600723108198,29.560070152801522,40.647826191976456,0.2
11,2,7,6.539649808675086,8.701199324614745,5.125022818046985,29.560070152801522,40.647826191976456,0.2
11,2,8,3.798720122120306,4.335709159300861,2.382878628467914,29.560070152801522,40.647826191976456,0.2
11,2,9,4.752687550068054,6.605728642201213,3.522071570610937,29.560070152801522,40.647826191976456,0.2
11,3,0,6.626427756207949,6.478665604459257,3.3536297684673526,44.34392256821863,53.3324671436551,0.2
11,3,1,7.483494298261005,10.554873880590876,5.003580858872421,44.34392256821863,53.3324671436551,0.2
11,3,2,5.711268015788323,5.683001019012972,2.9247801361547965,44.34392256821863,53.3324671436551,0.2
11,3,3,8.225452107383436,11.316872807227167,5.519888976125139,44.34392256821863,53.3324671436551,0.2
11,3,4,9.664823992397139,13.049056027060065,6.583330320510852,44.34392256821863,53.3324671436551,0.2
11,3,5,9.083919123531302,12.329951701464484,6.1476949734471695,44.34392256821863,53.3324671436551,0.2
11,3,6,5.26701814964935,7.951237572077217,3.7007166607832724,44.34392256821863,53.3324671436551,0.2
11,3,7,10.367791021272797,13.889263278064794,7.109938895096249,44.34392256821863,53.3324671436551,0.2
11,3,8,4.82050295698527,7.411983688154772,3.4682783208838397,44.34392256821863,53.3324671436551,0.2
11,3,9,7.125061351429377,10.103734447492217,4.742321713560437,44.34392256821863,53.3324671436551,0.2
11,4,0,6.784307862933348,8.90419977807338,4.189784132510446,54.085094962971624,58.601945321478254,0.2
11,4,1,10.122117021636706,12.01596947690225,5.478920012562388,54.085094962971624,58.601945321478254,0.2
11,4,2,5.916755946538056,8.018876801772231,3.7219307605258805,54.085094962971624,58.601945321478254,0.2
11,4,3,11.166595232233801,13.146121962614592,6.1302784044193945,54.085094962971624,58.601945321478254,0.2
11,4,4,13.317910067974184,15.457074556599562,7.411897258674836,54.085094962971624,58.601945321478254,0.2
11,4,5,12.43663082294693,14.51216805368616,6.890519367139575,54.085094962971624,58.601945321478254,0.2
11,4,6,7.486455832515612,6.901024245442578,3.3513594589823255,54.085094962971624,58.601945321478254,0.2
11,4,7,14.383225842195912,16.594868858174213,8.053267006986848,54.085094962971624,58.601945321478254,0.2
11,4,8,7.016238973202734,6.116555040460658,3.0318984049796924,54.085094962971624,58.601945321478254,0.2
11,4,9,9.593596404820564,11.440715199747318,5.173338412307562,54.085094962971624,58.601945321478254,0.2
11,5,0,8.475826908935879,9.173151392399403,4.277974717937528,54.166935476558905,54.22756074461184,0.2
11,5,1,11.083716059270703,5.220082010903486,3.0565951306171293,54.166935476558905,54.22756074461184,0.2
11,5,2,7.529371417605556,8.146349240492382,3.7632487675246495,54.166935476558905,54.22756074461184,0.2
11,5,3,12.401397546062446,12.761464676688663,6.004159271692583,54.166935476558905,54.22756074461184,0.2
11,5,4,14.994079944090682,15.20680775132428,7.3276871347379,54.166935476558905,54.22756074461184,0.2
11,5,5,13.939345708856715,14.246897615969209,6.802108589356658,54.166935476558905,54.22756074461184,0.2
11,5,6,6.779715084495075,7.926564405854618,3.692674432408732,54.166935476558905,54.22756074461184,0.2
11,5,7,16.291554658632396,16.42447422656974,7.995294298532575,54.166935476558905,54.22756074461184,0.2
11,5,8,6.1334534843180455,7.528561244634355,3.5063738137731844,54.166935476558905,54.22756074461184,0.2
11,5,9,10.465532241584699,6.243396229832056,3.3856986068007466,54.166935476558905,54.22756074461184,0.2
11,6,0,8.654234223832503,4.97423346452228,2.787298854524265,49.02754830923402,50.28433664352009,0.2
11,6,1,6.183414333158955,6.976020502092544,3.744460145046793,49.02754830923402,50.28433664352009,0.2
11,6,2,7.612956696576464,5.689532910652275,2.927132896316563,49.02754830923402,50.28433664352009,0.2
11,6,3,12.146261743097567,11.397813026303101,5.547494855797494,49.02754830923402,50.28433664352009,0.2
11,6,4,14.823725001712818,13.779886232163248,6.839308940708302,49.02754830923402,50.28433664352009,0.2
11,6,5,13.760492950415578,12.867598452630535,6.334139127948652,49.02754830923402,50.28433664352009,0.2
11,6,6,7.470186608730116,7.305818241821041,3.487785187134773,49.02754830923402,50.28433664352009,0.2
11,6,7,16.174277341529617,14.979113015743811,7.496019184226474,49.02754830923402,50.28433664352009,0.2
11,6,8,7.093305187959535,7.073300274799926,3.356566759769804,49.02754830923402,50.28433664352009,0.2
11,6,9,6.849182308558218,7.253667641828315,3.760486407134183,49.02754830923402,50.28433664352009,0.2
11,7,0,5.638634804859847,7.117265056987967,3.5817429833386765,48.87931434603492,53.12788322780294,0.2
11,7,1,7.574947790403002,8.823478508135063,4.413790048648771,48.87931434603492,53.12788322780294,0.2
11,7,2,5.921515520601702,7.060947643616581,3.4048101790639245,48.87931434603492,53.12788322780294,0.2
11,7,3,11.22244122581524,12.05156761861033,5.768359481703179,48.87931434603492,53.12788322780294,0.2
11,7,4,13.835748316571928,14.618128000752044,7.127947818262977,48.87931434603492,53.12788322780294,0.2
11,7,5,12.813802613129493,13.621812123229471,6.5917961539770555,48.87931434603492,53.12788322780294,0.2
11,7,6,7.055700868290777,5.303525227037302,2.7872554400943894,48.87931434603492,53.12788322780294,0.2
11,7,7,15.16425646337471,15.91888783564679,7.822207404431035,48.87931434603492,53.12788322780294,0.2
11,7,8,6.790249321759226,6.004503239425215,2.9929108541742218,48.87931434603492,53.12788322780294,0.2
11,7,9,7.6073685116511305,8.743675605705297,4.285874917290197,48.87931434603492,53.12788322780294,0.2
11,8,0,7.245775104142204,11.64419489139461,5.055357195308697,56.618313957699264,62.49687367109933,0.2
11,8,1,8.928985189104463,13.450888112924654,5.929109359284702,56.618313957699264,62.49687367109933,0.2
11,8,2,6.887844533946726,11.139829676279021,4.684937443508867,56.618313957699264,62.49687367109933,0.2
11,8,3,11.669244755609933,8.062268006317382,4.353533593066732,56.618313957699264,62.49687367109933,0.2
11,8,4,14.419657436461856,19.162689668234574,8.61508974495992,56.618313957699264,62.49687367109933,0.2
11,8,5,13.33503623410352,6.402666362456502,3.8859030278285447,56.618313957699264,62.49687367109933,0.2
11,8,6,5.638546978570631,10.065244204861894,4.364741680889279,56.618313957699264,62.49687367109933,0.2
11,8,7,15.824126949955401,20.74176696149003,9.414178887881391,56.618313957699264,62.49687367109933,0.2
11,8,8,6.054582659048937,10.122841035540503,4.31391431528937,56.618313957699264,62.49687367109933,0.2
11,8,9,8.670216126513298,13.0357541521774,5.668249772465517,56.618313957699264,62.49687367109933,0.2
11,9,0,10.226859235491471,14.607070939008473,5.924741652674297,68.68005340656751,72.93155991796972,0.2
11,9,1,11.99443767603785,16.6968125457733,6.897747438710413,68.68005340656751,72.93155991796972,0.2
11,9,2,9.477509483664244,9.214999063951714,4.102376517811666,68.68005340656751,72.93155991796972,0.2
11,9,3,8.807087909553374,13.724195129168814,6.317753212360141,68.68005340656751,72.93155991796972,0.2
11,9,4,17.42810779119461,22.734751455847125,9.710093837727642,68.68005340656751,72.93155991796972,0.2
11,9,5,7.8610831506132435,13.283610485211023,6.476802305394163,68.68005340656751,72.93155991796972,0.2
11,9,6,8.829761586611559,12.837789404343567,5.1751709160904475,68.68005340656751,72.93155991796972,0.2
11,9,7,19.044644836064766,24.619361159329426,10.614124236366257,68.68005340656751,72.93155991796972,0.2
11,9,8,8.726939116661564,10.36673374504598,4.3864096060911955,68.68005340656751,72.93155991796972,0.2
11,9,9,11.466725355906656,16.011202867782906,6.545614715565884,68.68005340656751,72.93155991796972,0.2
11,10,0,11.985601916474117,9.117410475753655,4.259761423267694,75.93720431794092,75.46570640850064,0.2
11,10,1,13.953967914102195,17.6588710572871,7.1736113423778365,75.93720431794092,75.46570640850064,0.2
11,10,2,8.299003523940646,12.191035985713158,4.990191820859965,75.93720431794092,75.46570640850064,0.2
11,10,3,12.780654321981272,16.955807290556205,7.325626440956154,75.93720431794092,75.46570640850064,0.2
11,10,4,19.643273265439344,23.7613886373603,10.014990732707732,75.93720431794092,75.46570640850064,0.2
11,10,5,13.102406598457593,17.668658715552667,7.908276693016153,75.93720431794092,75.46570640850064,0.2
11,10,6,10.469239350204733,10.438105752655503,4.477305300690747,75.93720431794092,75.46570640850064,0.2
11,10,7,21.472103805853372,25.75486525135143,10.954483827001969,75.93720431794092,75.46570640850064,0.2
11,10,8,8.873595249081701,12.269897463180392,4.93569683576496,75.93720431794092,75.46570640850064,0.2
11,10,9,13.241612356882369,16.82886272322065,6.7778507888570605,75.93720431794092,75.46570640850064,0.2
11,11,0,8.61738919120538,10.585451938623844,4.729027114740253,71.36021266506027,67.6756154634986,0.2
11,11,1,14.512033586212956,15.054855697004976,6.415601889204247,71.36021266506027,67.6756154634986,0.2
11,11,2,10.095031337725171,10.948285022704459,4.628402050941783,71.36021266506027,67.6756154634986,0.2
11,11,3,14.819556270519517,15.887603927391597,6.999430755106079,71.36021266506027,67.6756154634986,0.2
11,11,4,20.260071941741266,20.729419399390643,9.102302746776475,71.36021266506027,67.6756154634986,0.2
11,11,5,15.998242935206793,17.230104552702848,7.770355478773428,71.36021266506027,67.6756154634986,0.2
11,11,6,9.057474931143428,10.49830099279991,4.495363743737723,71.36021266506027,67.6756154634986,0.2
11,11,7,22.160642614962864,22.538794674869333,9.977963298517043,71.36021266506027,67.6756154634986,0.2
11,11,8,9.98478936666841,8.87013839854434,3.932883664785187,71.36021266506027,67.6756154634986,0.2
11,11,9,13.711420035982897,7.620254462680134,3.8925329553517325,71.36021266506027,67.6756154634986,0.2
11,12,0,9.566701768996905,9.527899709993765,4.393121805619142,60.9081201949196,58.31688198123566,0.2
11,12,1,12.978599710566746,6.258899700722636,3.4706624977313703,60.9081201949196,58.31688198123566,0.2
11,12,2,9.363139820103505,7.333600937901966,3.4963178102543506,60.9081201949196,58.31688198123566,0.2
11,12,3,14.159670681127528,13.560916663049133,6.265044661207849,60.9081201949196,58.31688198123566,0.2
11,12,4,18.413727322076223,17.16200573166961,7.975132538206666,60.9081201949196,58.31688198123566,0.2
11,12,5,15.719231821025321,15.052945061068542,7.069266953951425,60.9081201949196,58.31688198123566,0.2
11,12,6,9.094006702869658,9.04329527407322,4.049582232857372,60.9081201949196,58.31688198123566,0.2
11,12,7,20.18516638261065,18.71831350892872,8.761472919251016,60.9081201949196,58.31688198123566,0.2
11,12,8,7.956123786197841,8.365898243302478,3.775014528098687,60.9081201949196,58.31688198123566,0.2
11,12,9,7.87449532563899,8.86574821703812,4.32767303770296,60.9081201949196,58.31688198123566,0.2
11,13,0,8.887173858283944,9.394956436790567,4.350123235477617,55.187756027899795,57.022792111501495,0.2
11,13,1,7.021062102423918,8.447264269516142,4.281195353802893,55.187756027899795,57.022792111501495,0.2
11,13,2,7.072962148192897,7.779802454677082,3.643903015153334,55.187756027899795,57.022792111501495,0.2
11,13,3,12.674026261427723,12.994414223670995,6.080671375596561,55.187756027899795,57.022792111501495,0.2
11,13,4,16.133490612357615,16.201004852219373,7.659839078880419,55.187756027899795,57.022792111501495,0.2
11,13,5,14.300947538041994,14.575296165210762,6.9114873937514165,55.187756027899795,57.022792111501495,0.2
11,13,6,8.192202026082684,6.89401410606001,3.3489760512170745,55.187756027899795,57.022792111501495,0.2
11,13,7,17.724237235679496,17.695619388836132,8.423575235099397,55.187756027899795,57.022792111501495,0.2
11,13,8,7.63675853144994,6.164825193162972,3.048627475701571,55.187756027899795,57.022792111501495,0.2
11,13,9,8.7547726627292,9.510813915889702,4.545755214080679,55.187756027899795,57.022792111501495,0.2
11,14,0,8.800188842749758,8.153415325861499,3.9392443122522525,59.41870187080861,63.42991034995972,0.2
11,14,1,8.660749488406575,12.36318626115434,5.589269841922603,59.41870187080861,63.42991034995972,0.2
11,14,2,7.371523270074395,10.67469079064967,4.547131600342042,59.41870187080861,63.42991034995972,0.2
11,14,3,12.301043786424477,6.677186070874656,3.8153753843072407,59.41870187080861,63.42991034995972,0.2
11,14,4,15.495659950383235,19.165479377601212,8.615967656700278,59.41870187080861,63.42991034995972,0.2
11,14,5,13.98176349425165,17.55670648738328,7.873167345158814,59.41870187080861,63.42991034995972,0.2
11,14,6,6.774893511107815,10.08470398004117,4.370647011653261,59.41870187080861,63.42991034995972,0.2
11,14,7,17.040678800872172,20.83725734582375,9.444496497871443,59.41870187080861,63.42991034995972,0.2
11,14,8,6.167295969587336,9.487820898994183,4.122648968060776,59.41870187080861,63.42991034995972,0.2
11,14,9,9.195947367783521,12.620442572573152,5.541226159917264,59.41870187080861,63.42991034995972,0.2
11,15,0,7.968991214507879,12.42008205385615,5.288863352830088,69.71332392633333,73.73799729217072,0.2
11,15,1,11.306950961954668,15.983398403806573,6.690093324056121,69.71332392633333,73.73799729217072,0.2
11,15,2,9.1987317622397,9.100863533618249,4.066742106072921,69.71332392633333,73.73799729217072,0.2
11,15,3,7.718407518677159,12.765971977357594,6.005643645373326,69.71332392633333,73.73799729217072,0.2
11,15,4,17.429883784352548,22.721346070816114,9.706085641559621,69.71332392633333,73.73799729217072,0.2
11,15,5,15.9272176160226,20.947477771054647,8.909053464687949,69.71332392633333,73.73799729217072,0.2
11,15,6,8.84170792079311,12.833456858870175,5.173948278884001,69.71332392633333,73.73799729217072,0.2
11,15,7,19.105976591219974,24.668839009699653,10.629051679426933,69.71332392633333,73.73799729217072,0.2
11,15,8,8.340014176016536,10.30450348107953,4.367961201299449,69.71332392633333,73.73799729217072,0.2
11,15,9,11.209759813230445,15.735135281727946,6.4664065115219564,69.71332392633333,73.73799729217072,0.2
11,16,0,10.699236262738493,15.235988775126163,6.102175187971576,78.53308959183443,78.26727587973878,0.2
11,16,1,13.533888913114735,18.242775853645938,7.33884024802572,78.53308959183443,78.26727587973878,0.2
11,16,2,8.226916013857307,12.987951050052986,5.216356456577432,78.53308959183443,78.26727587973878,0.2
11,16,3,12.149264593361028,17.305558077999596,7.431077056688915,78.53308959183443,78.26727587973878,0.2
11,16,4,19.63516478637151,24.849743451010156,10.33393239454818,78.53308959183443,78.26727587973878,0.2
11,16,5,18.022788931587584,23.023967705955428,9.518433184059344,78.53308959183443,78.26727587973878,0.2
11,16,6,10.466765986182503,11.03693284793707,4.655597267485138,78.53308959183443,78.26727587973878,0.2
11,16,7,21.50230164411276,26.945161187319258,11.306468347031403,78.53308959183443,78.26727587973878,0.2
11,16,8,8.836274594648096,12.954801785651334,5.126976934159443,78.53308959183443,78.26727587973878,0.2
11,16,9,13.081376171434373,9.50707515810768,4.544504265832767,78.53308959183443,78.26727587973878,0.2
11,17,0,12.34454545281311,8.650369245887351,4.1058159078698155,76.01393504852712,72.4402926313696,0.2
11,17,1,14.846287466683222,16.19312432809966,6.751421833723247,76.01393504852712,72.4402926313696,0.2
11,17,2,10.552556652786022,12.015256612381103,4.939715607620942,76.01393504852712,72.4402926313696,0.2
11,17,3,15.03288018844081,16.878172429933255,7.302131201373239,76.01393504852712,72.4402926313696,0.2
11,17,4,20.905282824763116,22.291861531895982,9.577291700152777,76.01393504852712,72.4402926313696,0.2
11,17,5,19.25554862990481,20.688945357876822,8.831941733818873,76.01393504852712,72.4402926313696,0.2
11,17,6,9.418155052602941,11.359187461468556,4.75033908550414,76.01393504852712,72.4402926313696,0.2
11,17,7,22.872698361044172,24.235397416698717,10.49797473269216,76.01393504852712,72.4402926313696,0.2
11,17,8,10.371744148547453,9.84714923975844,4.23133282266669,76.01393504852712,72.4402926313696,0.2
11,17,9,9.193416731243307,11.966330373739051,5.338587418444542,76.01393504852712,72.4402926313696,0.2
11,18,0,8.305961322691896,9.194292581437962,4.284873891798492,65.47590106668761,61.44731917083962,0.2
11,18,1,13.657954930857299,6.6075015277357,3.6048722537792575,65.47590106668761,61.44731917083962,0.2
11,18,2,9.992919240084438,7.7552432967737435,3.635847086143658,65.47590106668761,61.44731917083962,0.2
11,18,3,14.772025997457588,14.362430001432731,6.522008881264028,65.47590106668761,61.44731917083962,0.2
11,18,4,19.374617913368308,18.2633719271768,8.330037448935903,65.47590106668761,61.44731917083962,0.2
11,18,5,17.8667938581366,16.976599418212032,7.690150499891902,65.47590106668761,61.44731917083962,0.2
11,18,6,9.609815344677656,9.68385387096324,4.248301038039816,65.47590106668761,61.44731917083962,0.2
11,18,7,21.23713630930348,19.912788346295503,9.149194820731937,65.47590106668761,61.44731917083962,0.2
11,18,8,8.559878854076626,9.052307459249729,3.9892507027984605,65.47590106668761,61.44731917083962,0.2
11,18,9,10.799826784833993,10.954539789108809,5.018449547383515,65.47590106668761,61.44731917083962,0.2
11,19,0,8.668191077362605,8.914880648525765,4.193301545239297,56.832703866278685,57.098347978469576,0.2
11,19,1,7.292565030922243,8.398219870188695,4.263780676257394,56.832703866278685,57.098347978469576,0.2
11,19,2,7.355226330251919,7.665281759957322,3.60627214236254,56.832703866278685,57.098347978469576,0.2
11,19,3,13.19385835351235,12.971055767813503,6.0730179798049715,56.832703866278685,57.098347978469576,0.2
11,19,4,16.85145423466718,16.238104723283122,7.672113445131673,56.832703866278685,57.098347978469576,0.2
11,19,5,15.556979185391954,15.089117055461879,7.081153809757854,56.832703866278685,57.098347978469576,0.2
11,19,6,8.594205122902792,6.767775361359414,3.305930193647641,56.832703866278685,57.098347978469576,0.2
11,19,7,18.508588796958314,17.744266094078956,8.43977852684301,56.832703866278685,57.098347978469576,0.2
11,19,8,8.070152872771247,6.033474657001109,3.00301200157138,56.832703866278685,57.098347978469576,0.2
11,19,9,10.152196000934238,10.16711350323037,4.763125633352528,56.832703866278685,57.098347978469576,0.2
11,20,0,8.482942545568731,8.753366093426344,4.139975638668224,57.95412208560731,57.098347978469576,0.2
11,20,1,8.625520037942705,8.889152869167981,4.4367611673593075,57.95412208560731,57.098347978469576,0.2
11,20,2,7.295396969978871,7.557037965769147,3.5705484754043058,57.95412208560731,57.098347978469576,0.2
11,20,3,12.285561161080668,12.618490958428652,5.956992220344424,57.95412208560731,57.098347978469576,0.2
11,20,4,15.520490681626704,15.925399472001722,7.568390186259434,57.95412208560731,57.098347978469576,0.2
11,20,5,14.324994345495629,14.698748288334164,6.952413519480415,57.95412208560731,57.098347978469576,0.2
11,20,6,6.687812834307739,6.89456840141461,3.3491645349678354,57.95412208560731,57.098347978469576,0.2
11,20,7,17.07345764861953,17.51190231682826,8.362261594056335,57.95412208560731,57.098347978469576,0.2
11,20,8,6.075017023735086,6.254177789700672,3.079491281729516,57.95412208560731,57.098347978469576,0.2
11,20,9,9.635682206286306,9.931982620974736,4.685746959228946,57.95412208560731,57.098347978469576,0.2
12,0,0,2.0,2.0,1.350338353693693,17.637717595162357,17.637717595162357,0.0
12,0,1,2.0,2.0,1.4912610307143284,17.637717595162357,17.637717595162357,0.0
12,0,2,2.0,2.0,1.3793458719829805,17.637717595162357,17.637717595162357,0.0
12,0,3,2.0,2.0,1.6101128261560724,17.637717595162357,17.637717595162357,0.0
12,0,4,2.0,2.0,1.460182112119546,17.637717595162357,17.637717595162357,0.0
12,0,5,2.0,2.0,1.5489306165234058,17.637717595162357,17.637717595162357,0.0
12,0,6,2.0,2.0,1.6376780332292697,17.637717595162357,17.637717595162357,0.0
12,0,7,2.0,2.0,1.4610837229223215,17.637717595162357,17.637717595162357,0.0
12,0,8,2.0,2.0,1.5158881127425956,17.637717595162357,17.637717595162357,0.0
12,0,9,2.0,2.0,1.5607443610362945,17.637717595162357,17.637717595162357,0.0
12,1,0,2.7317002003984854,3.0158075991074105,1.800131153528328,17.637717595162357,26.512914858314378,0.0
12,1,1,3.0167831975635675,3.643417178467672,2.269284273049275,17.637717595162357,26.512914858314378,0.0
12,1,2,2.7903816733101876,2.7317002003984854,1.7157551324132319,17.637717595162357,26.512914858314378,0.0
12,1,3,3.2572173617401545,3.958979615081222,2.5968304712929293,17.637717595162357,26.512914858314378,0.0
12,1,4,2.953911334432889,3.560899794168746,2.186642846254057,17.637717595162357,26.512914858314378,0.0
12,1,5,3.1334473052523055,3.7965352272844166,2.425951817801121,17.637717595162357,26.512914858314378,0.0
12,1,6,3.3129810756862965,4.032167772461975,2.6753742494651545,17.637717595162357,26.512914858314378,0.0
12,1,7,2.955735270192313,3.56329365368718,2.189022551078012,17.637717595162357,26.512914858314378,0.0
12,1,8,3.0666031591515854,3.7088043439087786,2.3356614696020483,17.637717595162357,26.512914858314378,0.0
12,1,9,3.1573462104156222,3.827901804374492,2.4585742542955225,17.637717595162357,26.512914858314378,0.0
12,2,0,3.641619612881368,5.628719330400955,2.7861745549934933,28.74389971590975,38.7127827319175,0.2
12,2,1,4.59070446047332,6.487728903123461,3.398580474972933,28.74389971590975,38.7127827319175,0.2
12,2,2,3.4709290647247104,5.301203839481589,2.7290678625284133,28.74389971590975,38.7127827319175,0.2
12,2,3,5.253322102143977,7.370636292891359,4.012257518539245,28.74389971590975,38.7127827319175,0.2
12,2,4,4.423522952579246,4.696844388957315,2.654302078483937,28.74389971590975,38.7127827319175,0.2
12,2,5,4.907638925249424,6.907856400290067,3.6885126556267878,28.74389971590975,38.7127827319175,0.2
12,2,6,5.412214170925274,7.494811729391891,4.128953921136267,28.74389971590975,38.7127827319175,0.2
12,2,7,4.428337035010294,4.09509758243385,2.4128986705615207,28.74389971590975,38.7127827319175,0.2
12,2,8,4.724983843584311,6.685095855602896,3.527942494958359,28.74389971590975,38.7127827319175,0.2
12,2,9,4.9736332858965016,7.041772306971847,3.7669353117979942,28.74389971590975,38.7127827319175,0.2
12,3,0,5.636360375458418,6.529747517133002,3.091356406988465,42.23292610425693,50.66133131623213,0.2
12,3,1,6.875242000761444,9.5452931805049,4.453332915390247,42.23292610425693,50.66133131623213,0.2
12,3,2,5.520834986711043,5.793587057672697,2.9041260244777334,42.23292610425693,50.66133131623213,0.2
12,3,3,8.116695076803088,11.130064347709954,5.354065566149289,42.23292610425693,50.66133131623213,0.2
12,3,4,5.369585704115629,8.002001931226312,3.854118674697916,42.23292610425693,50.66133131623213,0.2
12,3,5,7.461767439980186,10.291200161916699,4.875702347755855,42.23292610425693,50.66133131623213,0.2
12,3,6,8.352768935986663,11.306387731088828,5.5059750493245945,42.23292610425693,50.66133131623213,0.2
12,3,7,4.881232739842107,7.654290581315478,3.738415488934596,42.23292610425693,50.66133131623213,0.2
12,3,8,7.136938082303909,9.905144886955808,4.645674024326478,42.23292610425693,50.66133131623213,0.2
12,3,9,7.620414482029071,10.558568093138744,5.00189182498065,42.23292610425693,50.66133131623213,0.2
12,4,0,6.253735512565537,8.650108851399267,3.7638881306398777,51.37626406459916,55.053080553118164,0.2
12,4,1,9.00897940441098,7.158182440874751,3.6407814212058063,51.37626406459916,55.053080553118164,0.2
12,4,2,5.874973203084941,8.459170016346924,3.785137061477761,51.37626406459916,55.053080553118164,0.2
12,4,3,10.8311386846043,13.330566095163999,6.074762836692768,51.37626406459916,55.053080553118164,0.2
12,4,4,7.796784211329639,10.217073215192924,4.573140883140733,51.37626406459916,55.053080553118164,0.2
12,4,5,9.863422040865226,12.264336254681545,5.512667540040863,51.37626406459916,55.053080553118164,0.2
12,4,6,11.138447711632457,13.674421528050914,6.289900872202711,51.37626406459916,55.053080553118164,0.2
12,4,7,7.5627196045798994,10.063388927609072,4.527673337790228,51.37626406459916,55.053080553118164,0.2
12,4,8,9.398080583673755,6.052151881812721,3.2906600839344695,51.37626406459916,55.053080553118164,0.2
12,4,9,10.118700148963269,12.541824051357914,5.642392196303569,51.37626406459916,55.053080553118164,0.2
12,5,0,7.614250111923231,6.335632226825264,3.026736246141719,50.88664967941934,51.18946815425663,0.2
12,5,1,7.365208364785141,8.038206222879886,3.948608471515169,50.88664967941934,51.18946815425663,0.2
12,5,2,7.657236159434451,5.682243272005127,2.8649434808046403,50.88664967941934,51.18946815425663,0.2
12,5,3,12.289090962257553,11.887385577591656,5.606550746109005,50.88664967941934,51.18946815425663,0.2
12,5,4,9.251347880888082,9.2523307971285,4.266402577203325,50.88664967941934,51.18946815425663,0.2
12,5,5,11.15198645040914,10.890712069925906,5.072830608467406,50.88664967941934,51.18946815425663,0.2
12,5,6,12.724309745096894,12.441733497011318,5.887408260699154,50.88664967941934,51.18946815425663,0.2
12,5,7,9.159368191200784,9.06902344602811,4.209654689276994,50.88664967941934,51.18946815425663,0.2
12,5,8,6.656921790111687,7.635194830482698,3.871865271933491,50.88664967941934,51.18946815425663,0.2
12,5,9,11.414416135932123,11.03385263981132,5.158456863675675,50.88664967941934,51.18946815425663,0.2
12,6,0,6.1230105680714555,6.111811129462105,2.9514848180480677,46.28078579223539,46.626619216473244,0.2
12,6,1,7.987934670912787,8.247267005038795,4.020218990163623,46.28078579223539,46.626619216473244,0.2
12,6,2,5.795707912196083,6.380952822841959,3.107220375567373,46.28078579223539,46.626619216473244,0.2
12,6,3,11.34190979230999,10.832020772646796,5.253296961799236,46.28078579223539,46.626619216473244,0.2
12,6,4,8.63082407697843,5.320312539276603,2.896289892765233,46.28078579223539,46.626619216473244,0.2
12,6,5,10.262207506609391,9.929912567198105,4.755243542040707,46.28078579223539,46.626619216473244,0.2
12,6,6,11.91007741251473,11.48950251336865,5.568245616982637,46.28078579223539,46.626619216473244,0.2
12,6,7,8.516024540701824,4.541292071890359,2.594058164058645,46.28078579223539,46.626619216473244,0.2
12,6,8,7.832685126898099,8.192607442710615,4.067631972677652,46.28078579223539,46.626619216473244,0.2
12,6,9,10.435427246589361,9.985550442667215,4.810289167008106,46.28078579223539,46.626619216473244,0.2
12,7,0,5.970778839896512,5.921050736592699,2.8866940289897904,45.323799212702994,48.76699898099507,0.2
12,7,1,8.132800931733662,9.296417568089122,4.371732780183796,45.323799212702994,48.76699898099507,0.2
12,7,2,6.285827918167126,7.490809783837776,3.47634060246708,45.323799212702994,48.76699898099507,0.2
12,7,3,10.627286356819974,11.63439999529722,5.522759181031059,45.323799212702994,48.76699898099507,0.2
12,7,4,5.859120907613341,7.523517430774534,3.6913113573630247,45.323799212702994,48.76699898099507,0.2
12,7,5,9.619736935712332,4.9463100207457344,2.919496107241795,45.323799212702994,48.76699898099507,0.2
12,7,6,11.264419488768981,12.288204666923455,5.836458906340671,45.323799212702994,48.76699898099507,0.2
12,7,7,5.247713795006181,7.09181835887001,3.5439242309629515,45.323799212702994,48.76699898099507,0.2
12,7,8,8.22871619140231,9.436591340512956,4.49072803074834,45.323799212702994,48.76699898099507,0.2
12,7,9,9.731092837248559,10.741577271433487,5.06242284621528,45.323799212702994,48.76699898099507,0.2
12,8,0,5.83970871886326,9.017732673434413,3.8751610457978494,51.970925460019735,57.50133870967645,0.2
12,8,1,8.843904402959478,6.643088127085184,3.455347113909686,51.970925460019735,57.50133870967645,0.2
12,8,2,7.032548764120221,7.709433550198727,3.5470549064501475,51.970925460019735,57.50133870967645,0.2
12,8,3,11.172401583875402,14.50043139326711,6.443205138856307,51.970925460019735,57.50133870967645,0.2
12,8,4,7.467429142525197,10.45061284602025,4.646064752218907,51.970925460019735,57.50133870967645,0.2
12,8,5,5.90606649022433,9.532345422367731,4.621157890504022,51.970925460019735,57.50133870967645,0.2
12,8,6,11.807008162403795,15.081390097877723,6.736223502772847,51.970925460019735,57.50133870967645,0.2
12,8,7,7.169268728417189,10.289859030057771,4.598759554140965,51.970925460019735,57.50133870967645,0.2
12,8,8,9.084628773206735,12.172752534750494,5.366835768479762,51.970925460019735,57.50133870967645,0.2
12,8,9,10.241152867857508,13.4824235982302,5.93537762371855,51.970925460019735,57.50133870967645,0.2
12,9,0,7.839352393736153,12.919403633330724,4.984152626125947,63.19028107410672,66.89453793989374,0.2
12,9,1,6.990079469855988,12.35186852828551,5.333908169771058,63.19028107410672,66.89453793989374,0.2
12,9,2,7.175602005430585,11.952949958287975,4.821528669043127,63.19028107410672,66.89453793989374,0.2
12,9,3,13.034440383683913,18.45814811171698,7.628989219816945,63.19028107410672,66.89453793989374,0.2
12,9,4,9.398871016278388,14.111998508165044,5.733211880902532,63.19028107410672,66.89453793989374,0.2
12,9,5,9.348485067488784,14.642663395663082,6.240868367464187,63.19028107410672,66.89453793989374,0.2
12,9,6,13.627209093275658,18.94740725118929,7.903007237099028,63.19028107410672,66.89453793989374,0.2
12,9,7,9.30317380178698,14.231115152442019,5.770605144114,63.19028107410672,66.89453793989374,0.2
12,9,8,10.85697247964527,9.893114316926184,4.641723531266253,63.19028107410672,66.89453793989374,0.2
12,9,9,12.007118215817568,8.299725653083648,4.226252040542181,63.19028107410672,66.89453793989374,0.2
12,10,0,10.082814200131445,10.271054333948177,4.244750076194237,69.65138550456736,69.85152550326345,0.2
12,10,1,10.790360783587637,14.1866809913279,5.876912630833759,69.65138550456736,69.85152550326345,0.2
12,10,2,9.75383006446088,9.250759947824454,4.029733915552596,69.65138550456736,69.85152550326345,0.2
12,10,3,15.433251468867889,18.95154998918691,7.771173897851395,69.65138550456736,69.85152550326345,0.2
12,10,4,11.598142051692784,14.704026791771211,5.900535486741171,69.65138550456736,69.85152550326345,0.2
12,10,5,12.6251182330926,16.090067872423923,6.6665552157837435,69.65138550456736,69.85152550326345,0.2
12,10,6,15.987582959693675,19.488146419969446,8.06022008676243,69.65138550456736,69.85152550326345,0.2
12,10,7,11.673787673642948,14.86731527272878,5.949998980920103,69.65138550456736,69.85152550326345,0.2
12,10,8,9.390088836527738,13.218458894741623,5.68555320210029,69.65138550456736,69.85152550326345,0.2
12,10,9,8.549600560854977,12.897002418164107,5.753775656056625,69.65138550456736,69.85152550326345,0.2
12,11,0,8.587021617258713,9.67488097996786,4.070741717165827,66.05145505310318,62.3772677063116,0.2
12,11,1,11.888845019812424,13.091030274149178,5.555387422148202,66.05145505310318,62.3772677063116,0.2
12,11,2,8.15204938418318,9.91456675287057,4.230033446548366,66.05145505310318,62.3772677063116,0.2
12,11,3,15.720887462037942,16.445122062417152,7.036574393834901,66.05145505310318,62.3772677063116,0.2
12,11,4,11.936633457458251,7.2042868625952305,3.5809621037662125,66.05145505310318,62.3772677063116,0.2
12,11,5,13.486271917782586,14.520184049509918,6.204280896958717,66.05145505310318,62.3772677063116,0.2
12,11,6,16.305620562458934,17.166919575255584,7.375512230601049,66.05145505310318,62.3772677063116,0.2
12,11,7,12.036696850156384,8.362688982300899,3.9773725053001634,66.05145505310318,62.3772677063116,0.2
12,11,8,11.501729754672045,12.944421016342497,5.602785438915565,66.05145505310318,62.3772677063116,0.2
12,11,9,11.639742046653845,13.258342361751046,5.866151002079527,66.05145505310318,62.3772677063116,0.2
12,12,0,8.235007125536185,6.833992195922551,3.1914918601779574,56.13960202454129,53.54482421431229,0.2
12,12,1,11.238407687126891,5.869524236599826,3.1685072292208085,56.13960202454129,53.54482421431229,0.2
12,12,2,8.557250249184296,8.334854884505821,3.746112473620306,56.13960202454129,53.54482421431229,0.2
12,12,3,14.234811319088008,13.132727622555157,6.011512693882126,56.13960202454129,53.54482421431229,0.2
12,12,4,7.244195404595975,8.089993493131045,3.883736418102988,56.13960202454129,53.54482421431229,0.2
12,12,5,12.551102709325185,11.78971889452868,5.3624515631535346,56.13960202454129,53.54482421431229,0.2
12,12,6,14.920473956221947,13.933682369223416,6.373142968107712,56.13960202454129,53.54482421431229,0.2
12,12,7,8.046123580855104,8.412886205192851,3.9940694828044077,56.13960202454129,53.54482421431229,0.2
12,12,8,11.334292671470056,10.809432593031612,4.938649200825905,56.13960202454129,53.54482421431229,0.2
12,12,9,11.867074518112508,11.251744050749659,5.229554202602755,56.13960202454129,53.54482421431229,0.2
12,13,0,6.456306991629649,7.332380386055195,3.3526876683812943,50.6717539570629,51.78166060181812,0.2
12,13,1,6.409809666851766,8.248795625722726,4.0207405754765935,50.6717539570629,51.78166060181812,0.2
12,13,2,7.578290409149661,6.560916660586686,3.1683076602639053,50.6717539570629,51.78166060181812,0.2
12,13,3,12.161137529461659,12.699588614312136,5.872027348615161,50.6717539570629,51.78166060181812,0.2
12,13,4,7.856700154155135,9.037637996286026,4.196860037392659,50.6717539570629,51.78166060181812,0.2
12,13,5,10.848103343598378,5.52306817763042,3.1538225220801723,50.6717539570629,51.78166060181812,0.2
12,13,6,12.892706391347277,13.467593919788511,6.2231538205962105,50.6717539570629,51.78166060181812,0.2
12,13,7,8.079901142360063,9.110847287965402,4.2232349460331315,50.6717539570629,51.78166060181812,0.2
12,13,8,9.990761926217335,10.73423021257141,4.914572927881055,50.6717539570629,51.78166060181812,0.2
12,13,9,10.579255357865062,11.292820605739566,5.242910908613377,50.6717539570629,51.78166060181812,0.2
12,14,0,6.782402018381986,10.180551566264175,4.21853368953556,53.95735529152099,58.51639963527137,0.2
12,14,1,8.133856085577191,11.681709737696501,5.129643218978745,53.95735529152099,58.51639963527137,0.2
12,14,2,6.4094059439196025,9.862282543329655,4.21440618669262,53.95735529152099,58.51639963527137,0.2
12,14,3,11.878962217936106,15.435379015827912,6.731276358735166,53.95735529152099,58.51639963527137,0.2
12,14,4,8.490141284834237,11.788603482189998,5.054866368472402,53.95735529152099,58.51639963527137,0.2
12,14,5,6.380102877194832,10.804584309332084,5.04471471235625,53.95735529152099,58.51639963527137,0.2
12,14,6,12.589282154603938,6.889287235977146,3.8925081567900834,53.95735529152099,58.51639963527137,0.2
12,14,7,8.54349705527621,11.911774997275872,5.094923207711646,53.95735529152099,58.51639963527137,0.2
12,14,8,9.942056237418383,8.357445044266667,4.124749903175147,53.95735529152099,58.51639963527137,0.2
12,14,9,10.60627563495789,14.124456443089723,6.131842597499675,53.95735529152099,58.51639963527137,0.2
12,15,0,8.533986532760567,13.305732721658972,5.0880194505857705,64.3130772260194,68.41758438824043,0.2
12,15,1,10.377137975031967,14.923296716953148,6.088888397610942,64.3130772260194,68.41758438824043,0.2
12,15,2,8.525636699318923,12.842960111087194,5.070114603298391,64.3130772260194,68.41758438824043,0.2
12,15,3,13.617201146510192,18.7692424807736,7.718768825618668,64.3130772260194,68.41758438824043,0.2
12,15,4,10.225866305265205,10.555025858473135,4.678509740495774,64.3130772260194,68.41758438824043,0.2
12,15,5,10.2053297627231,15.095165714367266,6.37525391748164,64.3130772260194,68.41758438824043,0.2
12,15,6,7.874445158778485,13.467635191333267,6.22316717022187,64.3130772260194,68.41758438824043,0.2
12,15,7,10.30690027388341,9.2537577179256,4.269497787337818,64.3130772260194,68.41758438824043,0.2
12,15,8,8.344264314403892,13.278738812003793,5.703690224896608,64.3130772260194,68.41758438824043,0.2
12,15,9,12.404561868944318,17.411122003633665,7.0988746672948055,64.3130772260194,68.41758438824043,0.2
12,16,0,10.292934148524777,10.937201537920988,4.435636581737389,72.86669670630003,73.08238064729316,0.2
12,16,1,12.317666613304839,16.31073717579331,6.479838546195978,72.86669670630003,73.08238064729316,0.2
12,16,2,10.256713097119958,9.791604148412365,4.193241505539586,72.86669670630003,73.08238064729316,0.2
12,16,3,15.614873331632438,20.09163828465347,8.095544385340396,72.86669670630003,73.08238064729316,0.2
12,16,4,9.464506403687336,13.649431982246584,5.601008502718712,72.86669670630003,73.08238064729316,0.2
12,16,5,12.896976788327423,17.186840025436585,6.98149114415762,72.86669670630003,73.08238064729316,0.2
12,16,6,12.589309160557658,17.31191071525549,7.419062492599705,72.86669670630003,73.08238064729316,0.2
12,16,7,8.63708560848388,13.12423742933542,5.452629144949742,72.86669670630003,73.08238064729316,0.2
12,16,8,11.538420491235817,15.804626751175801,6.443103696742461,72.86669670630003,73.08238064729316,0.2
12,16,9,14.360843190307381,18.709307740567784,7.4653673072154705,72.86669670630003,73.08238064729316,0.2
12,17,0,8.973180170794011,11.215826744117813,4.514436103714622,70.97831466947973,66.73014365839512,0.2
12,17,1,13.108548836500443,9.53910829767161,4.451312839769864,70.97831466947973,66.73014365839512,0.2
12,17,2,8.482821086780802,11.37221050927123,4.656328434316742,70.97831466947973,66.73014365839512,0.2
12,17,3,16.377080721492717,18.418323462492985,7.617463460787765,70.97831466947973,66.73014365839512,0.2
12,17,4,11.330697974665542,13.80063556158006,5.644368871667549,70.97831466947973,66.73014365839512,0.2
12,17,5,14.123379303719098,16.360453502845388,6.744778684380585,70.97831466947973,66.73014365839512,0.2
12,17,6,15.008575030374004,17.694875654656038,7.533569294867119,70.97831466947973,66.73014365839512,0.2
12,17,7,11.030530301693972,13.551941974317304,5.576416184917421,70.97831466947973,66.73014365839512,0.2
12,17,8,13.034235168863523,15.3429359771332,6.310766062315003,70.97831466947973,66.73014365839512,0.2
12,17,9,15.102248494524156,7.96090107235755,4.104727552472984,70.97831466947973,66.73014365839512,0.2
12,18,0,9.13258960279874,7.492230783527009,3.403685375949097,60.314724383800765,56.705526342592485,0.2
12,18,1,9.004892842726697,9.342211369438472,4.386796158670303,60.314724383800765,56.705526342592485,0.2
12,18,2,9.419634184536767,6.715115611909008,3.2202502932058388,60.314724383800765,56.705526342592485,0.2
12,18,3,15.409935151025303,14.084587865162426,6.31329689074868,60.314724383800765,56.705526342592485,0.2
12,18,4,11.418414899999764,10.811037664656892,4.757657706350182,60.314724383800765,56.705526342592485,0.2
12,18,5,13.6445160084265,12.656938654481964,5.6356114117279015,60.314724383800765,56.705526342592485,0.2
12,18,6,15.240219383691276,14.279367874898309,6.483414894435215,60.314724383800765,56.705526342592485,0.2
12,18,7,11.280948340225928,10.542731547798379,4.677580919366569,60.314724383800765,56.705526342592485,0.2
12,18,8,12.766519494864566,11.886234571652606,5.278094456322124,60.314724383800765,56.705526342592485,0.2
12,18,9,8.3037596073607,9.102999370981186,4.508581622244931,60.314724383800765,56.705526342592485,0.2
12,19,0,6.885569085807542,7.30060526841934,3.342510755402128,52.447013632116246,52.02585353357736,0.2
12,19,1,8.874377235133512,9.616692433423298,4.476624638438212,52.447013632116246,52.02585353357736,0.2
12,19,2,6.514484571382547,7.535605767661797,3.490879850074801,52.447013632116246,52.02585353357736,0.2
12,19,3,12.771639296520602,12.745648085522461,5.886927114447344,52.447013632116246,52.02585353357736,0.2
12,19,4,9.624620728807558,6.370791267629708,3.28565069067186,52.447013632116246,52.02585353357736,0.2
12,19,5,11.400698780919921,11.562158112092492,5.289787184089298,52.447013632116246,52.02585353357736,0.2
12,19,6,13.115783698174257,13.252693195885776,6.153474816662823,52.447013632116246,52.02585353357736,0.2
12,19,7,9.462627422128497,5.468971184812135,2.9545275922587235,52.447013632116246,52.02585353357736,0.2
12,19,8,10.67745105855733,10.90006601375818,4.967599103947879,52.447013632116246,52.02585353357736,0.2
12,19,9,9.120746135448327,9.97879510852468,4.808010986500625,52.447013632116246,52.02585353357736,0.2
12,20,0,6.761814381847349,7.0348244826252815,3.2568585173323856,52.80560250937196,52.02585353357736,0.2
12,20,1,9.056097968690597,9.31313458848793,4.377234238535264,52.80560250937196,52.02585353357736,0.2
12,20,2,7.0619612928357185,7.288153640366327,3.410236089314943,52.80560250937196,52.02585353357736,0.2
12,20,3,11.909104065865058,12.251267704867889,5.726140942956318,52.80560250937196,52.02585353357736,0.2
12,20,4,6.646787914744884,6.835830801879717,3.4517548213999922,52.80560250937196,52.02585353357736,0.2
12,20,5,10.701105149917039,11.00574704296595,5.110279288363301,52.80560250937196,52.02585353357736,0.2
12,20,6,12.448323299004713,12.778227341659356,5.998421146656119,52.80560250937196,52.02585353357736,0.2
12,20,7,5.976934294859544,6.161071749156493,3.2115411575673134,52.80560250937196,52.02585353357736,0.2
12,20,8,10.049326845108583,10.340719066926889,4.787752238864163,52.80560250937196,52.02585353357736,0.2
12,20,9,9.726484135931731,10.016579183501884,4.820747420516995,52.80560250937196,52.02585353357736,0.2
13,0,0,2.0,2.0,1.5549380487957938,18.107160603882274,18.107160603882274,0.0
13,0,1,2.0,2.0,1.442824519690754,18.107160603882274,18.107160603882274,0.0
13,0,2,2.0,2.0,1.6244220526840218,18.107160603882274,18.107160603882274,0.0
13,0,3,2.0,2.0,1.5279932199099997,18.107160603882274,18.107160603882274,0.0
13,0,4,2.0,2.0,1.4623145994270337,18.107160603882274,18.107160603882274,0.0
13,0,5,2.0,2.0,1.5747448737128737,18.107160603882274,18.107160603882274,0.0
13,0,6,2.0,2.0,1.3220000928182587,18.107160603882274,18.107160603882274,0.0
13,0,7,2.0,2.0,1.7036656558325765,18.107160603882274,18.107160603882274,0.0
13,0,8,2.0,2.0,1.4685863256195715,18.107160603882274,18.107160603882274,0.0
13,0,9,2.0,2.0,1.557324197055299,18.107160603882274,18.107160603882274,0.0
13,1,0,3.1456001881926987,3.806822667022077,2.439978201191231,18.107160603882274,27.39559909840284,0.0
13,1,1,2.9187973657105566,2.6743726182405636,1.7682670697373906,18.107160603882274,27.39559909840284,0.0
13,1,2,3.2861645636521977,3.990936118096135,2.6346942467048042,18.107160603882274,27.39559909840284,0.0
13,1,3,3.091091483566419,3.7354263001295798,2.3661297209526833,18.107160603882274,27.39559909840284,0.0
13,1,4,2.9582253021057148,3.5613960657988977,2.1900499044476076,18.107160603882274,27.39559909840284,0.0
13,1,5,3.18566889204551,3.859305291600954,2.494856672165062,18.107160603882274,27.39559909840284,0.0
13,1,6,2.6743726182405627,2.9561495711906667,1.7378767438437361,18.107160603882274,27.39559909840284,0.0
13,1,7,3.4464723605899628,4.2009098161388225,2.864202519463096,18.107160603882274,27.39559909840284,0.0
13,1,8,2.9709128449353592,3.5780144108694745,2.2066219954682427,18.107160603882274,27.39559909840284,0.0
13,1,9,3.1504273055302465,3.813145301963185,2.4465628834035704,18.107160603882274,27.39559909840284,0.0
13,2,0,4.93601394267585,6.7923634043830425,3.659373453112359,29.70085927367638,40.35891157048958,0.2
13,2,1,3.5771593804965574,5.4454077447521625,2.9087995913463653,29.70085927367638,40.35891157048958,0.2
13,2,2,5.3299195583278545,7.321504303914015,4.02900777208166,29.70085927367638,40.35891157048958,0.2
13,2,3,4.786620342386745,6.620534981746017,3.5320398062688687,29.70085927367638,40.35891157048958,0.2
13,2,4,4.430415344789414,6.358648353945718,3.2860576984580705,29.70085927367638,40.35891157048958,0.2
13,2,5,5.047031695927626,6.993968555881486,3.7826466922509887,29.70085927367638,40.35891157048958,0.2
13,2,6,3.5156805229148356,4.706485993952839,2.406568501423191,29.70085927367638,40.35891157048958,0.2
13,2,7,5.794208966217361,7.87352858035001,4.4461279580551905,29.70085927367638,40.35891157048958,0.2
13,2,8,4.463940264109272,4.15086428129619,2.448361020843997,29.70085927367638,40.35891157048958,0.2
13,2,9,4.949334587586664,6.7880333254426874,3.6633533493328625,29.70085927367638,40.35891157048958,0.2
13,3,0,7.402819573224877,10.22071666044016,4.87112234922943,44.02873701454271,53.02862248497081,0.2
13,3,1,5.884427710184362,8.713974158582445,4.04244299747087,44.02873701454271,53.02862248497081,0.2
13,3,2,8.150580414380428,11.1911392551996,5.422379250958927,44.02873701454271,53.02862248497081,0.2
13,3,3,7.145226839042098,9.926400466753867,4.689803914072235,44.02873701454271,53.02862248497081,0.2
13,3,4,6.647611281161244,5.818912385134369,3.0882261181921162,44.02873701454271,53.02862248497081,0.2
13,3,5,7.652198205726604,10.618673085641229,5.066853897864837,44.02873701454271,53.02862248497081,0.2
13,3,6,4.868426968417166,6.688681417362157,3.077859892145839,44.02873701454271,53.02862248497081,0.2
13,3,7,8.994403958677545,12.181309004236855,6.034609104776706,44.02873701454271,53.02862248497081,0.2
13,3,8,4.9529721739685675,7.796774956420778,3.806439946909672,44.02873701454271,53.02862248497081,0.2
13,3,9,7.410870802217504,10.200120772219286,4.871713660842721,44.02873701454271,53.02862248497081,0.2
13,4,0,9.85415682014611,11.773272222065742,5.377991653771365,53.77696244821909,58.05992273674723,0.2
13,4,1,8.177759534182298,6.4150919177047525,3.262379922461317,53.77696244821909,58.05992273674723,0.2
13,4,2,10.969335534285708,12.982808497550451,6.016389373591656,53.77696244821909,58.05992273674723,0.2
13,4,3,9.487354230039717,11.373478452628065,5.158527458722901,53.77696244821909,58.05992273674723,0.2
13,4,4,6.247403017817906,8.524124554701036,4.034360191759316,53.77696244821909,58.05992273674723,0.2
13,4,5,10.250116772826926,12.202912146687448,5.584877421549205,53.77696244821909,58.05992273674723,0.2
13,4,6,6.226432405755727,7.32178226595579,3.279006333363201,53.77696244821909,58.05992273674723,0.2
13,4,7,12.207860982214541,14.318677538657447,6.757645536896764,53.77696244821909,58.05992273674723,0.2
13,4,8,7.700331355719321,9.684909612064455,4.430424942449989,53.77696244821909,58.05992273674723,0.2
13,4,9,9.855353028524629,11.774998496545159,5.386797337803055,53.77696244821909,58.05992273674723,0.2
13,5,0,10.879540552308935,10.953789783970612,5.113134008929452,53.66593329629164,53.85112117701133,0.2
13,5,1,6.599711741569263,7.411445896985079,3.6093132604246008,53.66593329629164,53.85112117701133,0.2
13,5,2,12.171002928680576,12.073817264731526,5.718328475921335,53.66593329629164,53.85112117701133,0.2
13,5,3,10.435570058577278,5.449502062618627,3.0821246943981397,53.66593329629164,53.85112117701133,0.2
13,5,4,8.161408223474405,8.40626545467492,3.9952318667307636,53.66593329629164,53.85112117701133,0.2
13,5,5,11.298065207075956,11.214239796868842,5.264148029035484,53.66593329629164,53.85112117701133,0.2
13,5,6,6.633346548629543,6.415240297264378,2.9892314208059445,53.66593329629164,53.85112117701133,0.2
13,5,7,13.670545324338912,13.509662111348714,6.488054846940529,53.66593329629164,53.85112117701133,0.2
13,5,8,8.96263715685469,9.102597697370827,4.242230160685311,53.66593329629164,53.85112117701133,0.2
13,5,9,10.897354227502428,11.012922809676734,5.140316393505873,53.66593329629164,53.85112117701133,0.2
13,6,0,10.3437402623204,9.74886595011195,4.712593315369517,48.68720644556509,49.22522613128065,0.2
13,6,1,7.30154907459535,7.034271537921425,3.4797328857899164,48.68720644556509,49.22522613128065,0.2
13,6,2,11.568033301349926,10.74593011260178,5.2704620189450875,48.68720644556509,49.22522613128065,0.2
13,6,3,6.235059992416065,6.894516439082291,3.6337337131731697,48.68720644556509,49.22522613128065,0.2
13,6,4,8.082252615526679,7.5371565868198305,3.7013921156119935,48.68720644556509,49.22522613128065,0.2
13,6,5,10.649237790297898,9.89184846881049,4.821513917472023,48.68720644556509,49.22522613128065,0.2
13,6,6,6.047139258776713,5.551070580336096,2.701308674404151,48.68720644556509,49.22522613128065,0.2
13,6,7,13.125170204270255,12.159113474188212,6.026910048024163,48.68720644556509,49.22522613128065,0.2
13,6,8,8.581923892172336,4.802094056775505,2.7113148118475903,48.68720644556509,49.22522613128065,0.2
13,6,9,10.398729536076567,9.839060243761407,4.750349554719584,48.68720644556509,49.22522613128065,0.2
13,7,0,9.533456610173154,5.136835811055746,3.0093941538303257,47.84979702293799,51.81876848881899,0.2
13,7,1,7.039411267142113,8.630582738964968,4.015324063552518,47.84979702293799,51.81876848881899,0.2
13,7,2,10.662010831553962,12.1226987988694,5.7345243357650135,47.84979702293799,51.81876848881899,0.2
13,7,3,7.350951030397473,9.295162524083228,4.478992359620794,47.84979702293799,51.81876848881899,0.2
13,7,4,7.4878222604823,9.006281206460656,4.192776099364699,47.84979702293799,51.81876848881899,0.2
13,7,5,9.753800222407124,11.213254686124985,5.263824325775527,47.84979702293799,51.81876848881899,0.2
13,7,6,5.464678854024355,7.1219841101844406,3.216112181073384,47.84979702293799,51.81876848881899,0.2
13,7,7,12.192285985906192,13.646226758015901,6.533895437377924,47.84979702293799,51.81876848881899,0.2
13,7,8,5.4849210159867186,7.792529516597213,3.804988971034894,47.84979702293799,51.81876848881899,0.2
13,7,9,9.609836523634655,6.1659820927471305,3.4249924300885053,47.84979702293799,51.81876848881899,0.2
13,8,0,6.087927955693027,9.87393177080404,4.7548320246260305,55.22319213474553,60.890232502268006,0.2
13,8,1,8.122898619496201,11.372136086696447,4.87059424107995,55.22319213474553,60.890232502268006,0.2
13,8,2,11.600797114552435,15.09042538244726,6.684499841255408,55.22319213474553,60.890232502268006,0.2
13,8,3,9.06088780851945,12.314858510892341,5.453822869632527,55.22319213474553,60.890232502268006,0.2
13,8,4,8.481879581907059,11.825578578163794,5.073357865013425,55.22319213474553,60.890232502268006,0.2
13,8,5,10.648582946822797,6.836778961496579,3.722933541286388,55.22319213474553,60.890232502268006,0.2
13,8,6,6.506113275617617,8.024454169803981,3.4962408225282613,55.22319213474553,60.890232502268006,0.2
13,8,7,13.217904554695602,16.88245536216274,7.583475685755628,55.22319213474553,60.890232502268006,0.2
13,8,8,7.697396068369256,10.9927367293747,4.841194842739755,55.22319213474553,60.890232502268006,0.2
13,8,9,6.928672715281822,10.518872139222626,4.977788704360982,55.22319213474553,60.890232502268006,0.2
13,9,0,9.618904446432099,14.531514455128178,6.231745496883382,66.9144578687614,70.94521458059566,0.2
13,9,1,9.853088470769954,9.93962140366126,4.432527177110292,66.9144578687614,70.94521458059566,0.2
13,9,2,13.522573439444127,18.7142568181461,7.771389733715773,66.9144578687614,70.94521458059566,0.2
13,9,3,11.03294517641501,15.760250215289247,6.481784768940578,66.9144578687614,70.94521458059566,0.2
13,9,4,10.263274133213368,8.575243109532117,4.051280632147693,66.9144578687614,70.94521458059566,0.2
13,9,5,7.531400017620465,13.01413048809757,5.842245680510629,66.9144578687614,70.94521458059566,0.2
13,9,6,7.072806403977966,11.183985325450955,4.410909026256336,66.9144578687614,70.94521458059566,0.2
13,9,7,15.34117874518641,20.81606235734949,8.780967661454625,66.9144578687614,70.94521458059566,0.2
13,9,8,9.793614234466272,14.55074106894245,5.891122612537119,66.9144578687614,70.94521458059566,0.2
13,9,9,10.069940147999903,14.900469874146818,6.351817466654619,66.9144578687614,70.94521458059566,0.2
13,10,0,12.606662897564561,16.16905704914196,6.715392156748712,73.86899801740631,73.74983069305425,0.2
13,10,1,8.966889924190466,12.709305889184996,5.264750566343306,73.86899801740631,73.74983069305425,0.2
13,10,2,15.721324092510862,19.35847460394621,7.957702022839148,73.86899801740631,73.74983069305425,0.2
13,10,3,13.112485995692362,16.490403175161,6.690557722618929,73.86899801740631,73.74983069305425,0.2
13,10,4,8.195637844719572,12.276951487856284,5.208146557134199,73.86899801740631,73.74983069305425,0.2
13,10,5,11.818714659606142,15.677771231395655,6.655615620953338,73.86899801740631,73.74983069305425,0.2
13,10,6,8.923156953962328,10.2450066259355,4.148289518883726,73.86899801740631,73.74983069305425,0.2
13,10,7,17.763674604127665,21.589551866111815,9.008114775566515,73.86899801740631,73.74983069305425,0.2
13,10,8,11.917591451964444,8.991392785334043,4.205884693825706,73.86899801740631,73.74983069305425,0.2
13,10,9,12.849565443425844,16.366444773641792,6.783066567081725,73.86899801740631,73.74983069305425,0.2
13,11,0,13.585067809238923,14.389093648239644,6.1889290097479694,69.73768421090041,66.00952096712874,0.2
13,11,1,10.650456707971397,11.454739522690002,4.895332213253551,69.73768421090041,66.00952096712874,0.2
13,11,2,16.09822912238197,16.553961563371022,7.13196559557779,69.73768421090041,66.00952096712874,0.2
13,11,3,13.53482837961483,7.4116586705902705,3.822444756866841,69.73768421090041,66.00952096712874,0.2
13,11,4,10.535948234686229,11.446421153838404,4.9589373745606915,69.73768421090041,66.00952096712874,0.2
13,11,5,13.46414139522966,14.307436529146392,6.242844046242614,69.73768421090041,66.00952096712874,0.2
13,11,6,8.391884359241198,8.701304214031397,3.7001517492013027,69.73768421090041,66.00952096712874,0.2
13,11,7,18.223187448032377,18.623113043609294,8.122691653160471,69.73768421090041,66.00952096712874,0.2
13,11,8,8.508397935635312,10.34893036326127,4.640933103492138,69.73768421090041,66.00952096712874,0.2
13,11,9,13.721971422887208,14.536154657927899,6.242703509690372,69.73768421090041,66.00952096712874,0.2
13,12,0,12.520046231328111,11.65048222207411,5.338666905110674,59.40863351650554,56.41120385995766,0.2
13,12,1,9.90313276030615,5.878162522497096,3.068750850958176,59.40863351650554,56.41120385995766,0.2
13,12,2,14.427785297946357,13.14902127223493,6.070203898915645,59.40863351650554,56.41120385995766,0.2
13,12,3,7.732708679852748,8.3777808066803,4.1647671536225355,59.40863351650554,56.41120385995766,0.2
13,12,4,10.031804386505481,9.148548253460154,4.239028604087403,59.40863351650554,56.41120385995766,0.2
13,12,5,12.629114981092973,11.638442624179781,5.402759245973344,59.40863351650554,56.41120385995766,0.2
13,12,6,7.4853130307300795,6.710007887091857,3.084726114675814,59.40863351650554,56.41120385995766,0.2
13,12,7,16.431998954942518,14.94482217581501,6.96316839105635,59.40863351650554,56.41120385995766,0.2
13,12,8,9.388489821212023,8.967335179272105,4.198004165942123,59.40863351650554,56.41120385995766,0.2
13,12,9,12.62883067921643,11.790029203783108,5.391609764354652,59.40863351650554,56.41120385995766,0.2
13,13,0,10.799987584341178,11.38007235038733,5.251623825591595,53.38433143365217,54.70864849329002,0.2
13,13,1,6.208005046738846,7.567311855179567,3.6622809643566967,53.38433143365217,54.70864849329002,0.2
13,13,2,12.27986834689948,12.710062368739909,5.927632314293066,53.38433143365217,54.70864849329002,0.2
13,13,3,8.425218195901449,9.52735216986316,4.557020511443346,53.38433143365217,54.70864849329002,0.2
13,13,4,8.575447224471851,9.162142194078132,4.243436799370173,53.38433143365217,54.70864849329002,0.2
13,13,5,10.9296447624104,11.469533541652117,5.347751711072479,53.38433143365217,54.70864849329002,0.2
13,13,6,6.240322599579969,6.523794050429395,3.0245492334298096,53.38433143365217,54.70864849329002,0.2
13,13,7,14.086312839464654,14.430357356982011,6.794497324046814,53.38433143365217,54.70864849329002,0.2
13,13,8,8.492455827836963,9.234542361114466,4.2851817593969095,53.38433143365217,54.70864849329002,0.2
13,13,9,10.907089644214423,5.440908008707622,3.1378198266546913,53.38433143365217,54.70864849329002,0.2
13,14,0,10.62390164475784,7.464040684494611,3.909074004470601,57.00732556591162,61.42796702729207,0.2
13,14,1,7.408701394641778,10.322393470881035,4.551335011620103,57.00732556591162,61.42796702729207,0.2
13,14,2,11.991449651526356,14.951190671171204,6.641266773250723,57.00732556591162,61.42796702729207,0.2
13,14,3,9.218736778288651,12.067764837502915,5.376989856525436,57.00732556591162,61.42796702729207,0.2
13,14,4,8.584364891591651,11.442492182364312,4.9577458083436206,57.00732556591162,61.42796702729207,0.2
13,14,5,10.818365916111553,13.723316993275764,6.063321167047192,57.00732556591162,61.42796702729207,0.2
13,14,6,6.118586296890047,6.670567010874427,3.0720226584530907,57.00732556591162,61.42796702729207,0.2
13,14,7,13.745095553966523,16.834018730022144,7.568238956116613,57.00732556591162,61.42796702729207,0.2
13,14,8,8.668813885696526,11.449886581456127,4.98126116776251,57.00732556591162,61.42796702729207,0.2
13,14,9,6.347729830705315,9.832227345283993,4.7480400427977365,57.00732556591162,61.42796702729207,0.2
13,15,0,7.907957447979822,13.069700920544738,5.7859949258163645,67.51306662555382,70.49390179479198,0.2
13,15,1,9.207235156518053,14.041748860795614,5.645304318467103,67.51306662555382,70.49390179479198,0.2
13,15,2,13.43511404068737,18.63735607359029,7.749021959264866,67.51306662555382,70.49390179479198,0.2
13,15,3,10.877513941919046,15.621247978413225,6.441713996916394,67.51306662555382,70.49390179479198,0.2
13,15,4,10.02939387830577,7.536428344563447,3.701141771277504,67.51306662555382,70.49390179479198,0.2
13,15,5,12.26594475510272,17.3275696648626,7.138476987443845,67.51306662555382,70.49390179479198,0.2
13,15,6,6.214623830220094,10.487320240176635,4.216728696917457,67.51306662555382,70.49390179479198,0.2
13,15,7,15.310355228032753,20.7959617563058,8.775031389234059,67.51306662555382,70.49390179479198,0.2
13,15,8,10.076964853284975,8.912205501365635,4.1799214217738765,67.51306662555382,70.49390179479198,0.2
13,15,9,9.605164439662163,14.48938085876168,6.228635465597833,67.51306662555382,70.49390179479198,0.2
13,16,0,11.70492081123431,15.878847065823232,6.630791466610901,75.07803450903029,75.13235522584448,0.2
13,16,1,11.420307285121474,8.634429014521848,4.016576598605822,75.07803450903029,75.13235522584448,0.2
13,16,2,15.676074652781274,20.002392486290876,8.142077672283019,75.07803450903029,75.13235522584448,0.2
13,16,3,13.031423841404019,16.986833348390466,6.830918888482933,75.07803450903029,75.13235522584448,0.2
13,16,4,7.487315820250618,12.179960865068344,5.179310454574441,75.07803450903029,75.13235522584448,0.2
13,16,5,14.440957678347699,18.64310355027422,7.513667190384723,75.07803450903029,75.13235522584448,0.2
13,16,6,8.530335078528296,9.95124140403366,4.064663259499086,75.07803450903029,75.13235522584448,0.2
13,16,7,17.751665676165143,22.31763047717473,9.219705085971809,75.07803450903029,75.13235522584448,0.2
13,16,8,8.455874895559484,12.818858117700385,5.391045801933668,75.07803450903029,75.13235522584448,0.2
13,16,9,12.60037138324688,16.660689152537472,6.868202759427583,75.07803450903029,75.13235522584448,0.2
13,17,0,13.413922761354332,15.866277248214598,6.627116740263071,72.96926980000663,69.02120972747927,0.2
13,17,1,8.125432466103431,11.614560206021427,4.943043768184775,72.96926980000663,69.02120972747927,0.2
13,17,2,16.47121637935851,18.538666291693268,7.720275892470669,72.96926980000663,69.02120972747927,0.2
13,17,3,13.818775453968492,9.157053911069259,4.432303286520946,72.96926980000663,69.02120972747927,0.2
13,17,4,10.477613531442607,13.045561645801213,5.434301951720606,72.96926980000663,69.02120972747927,0.2
13,17,5,15.199957931697263,7.586713025014536,4.0043014649782105,72.96926980000663,69.02120972747927,0.2
13,17,6,8.222710560026561,10.696345588087006,4.275385568414864,72.96926980000663,69.02120972747927,0.2
13,17,7,18.651229273072346,20.76147790226153,8.76484332690866,72.96926980000663,69.02120972747927,0.2
13,17,8,10.905948762557463,13.438839084582222,5.5722643426489356,72.96926980000663,69.02120972747927,0.2
13,17,9,13.894199778140678,16.2400775865121,6.746362983314188,72.96926980000663,69.02120972747927,0.2
13,18,0,13.406488883264949,12.653237452587918,5.656310665032132,62.38552793563013,58.81154513142111,0.2
13,18,1,9.999652024393137,9.499126934013605,4.294089588643683,62.38552793563013,58.81154513142111,0.2
13,18,2,15.617922089605107,14.395221212254993,6.467414856141667,62.38552793563013,58.81154513142111,0.2
13,18,3,8.96643699921347,9.586730690912114,4.576882881929604,62.38552793563013,58.81154513142111,0.2
13,18,4,10.993454855173603,10.136314377035951,4.554449271206977,62.38552793563013,58.81154513142111,0.2
13,18,5,8.100600182477079,9.220649975834876,4.590101420441965,62.38552793563013,58.81154513142111,0.2
13,18,6,8.648996440094393,7.424388836018321,3.31110524326586,62.38552793563013,58.81154513142111,0.2
13,18,7,17.731055484786193,16.311952895568012,7.403166938217389,62.38552793563013,58.81154513142111,0.2
13,18,8,11.272549268744456,6.554918805660661,3.371130809268496,62.38552793563013,58.81154513142111,0.2
13,18,9,13.647721004939093,12.888157713712706,5.738410651274558,62.38552793563013,58.81154513142111,0.2
13,19,0,11.442572844738516,11.249347256382869,5.209322204316975,54.394873095757696,54.33745839872015,0.2
13,19,1,8.686834198066357,8.606824947229335,4.0075836512504805,54.394873095757696,54.33745839872015,0.2
13,19,2,13.083416026995168,12.634719986329998,5.90301402068026,54.394873095757696,54.33745839872015,0.2
13,19,3,9.258917849417443,9.550657236628135,4.564820571470516,54.394873095757696,54.33745839872015,0.2
13,19,4,9.213535224581944,5.618224483615734,3.0132778595908087,54.394873095757696,54.33745839872015,0.2
13,19,5,9.285658617169775,9.660756547899497,4.742387124699615,54.394873095757696,54.33745839872015,0.2
13,19,6,6.69828182827543,6.441708695674811,2.9978592975830343,54.394873095757696,54.33745839872015,0.2
13,19,7,14.97641872749418,14.382001905736686,6.7785516719714245,54.394873095757696,54.33745839872015,0.2
13,19,8,6.819712024070364,7.573825218842217,3.7299170893613174,54.394873095757696,54.33745839872015,0.2
13,19,9,11.608659032143084,11.419711415169884,5.272500443466317,54.394873095757696,54.33745839872015,0.2
13,20,0,10.53832653908379,10.834043784866909,5.0739420670579705,55.151853063217835,54.33745839872015,0.2
13,20,1,8.107239961961367,8.387059555946612,3.9356758881190994,55.151853063217835,54.33745839872015,0.2
13,20,2,11.94164746867965,12.283615860087851,5.787703018616862,55.151853063217835,54.33745839872015,0.2
13,20,3,9.234516101656796,9.499712794617803,4.547762361499191,55.151853063217835,54.33745839872015,0.2
13,20,4,6.095784593827594,6.311032879193769,3.268813394525023,55.151853063217835,54.33745839872015,0.2
13,20,5,9.593728729894138,9.879108264538939,4.81716616968823,55.151853063217835,54.33745839872015,0.2
13,20,6,6.064593234409206,6.259752022430676,2.9383293900171084,55.151853063217835,54.33745839872015,0.2
13,20,7,13.712837904725742,14.089414486381978,6.681722477670391,55.151853063217835,54.33745839872015,0.2
13,20,8,7.545527558042903,7.78877357285006,3.8037050938834924,55.151853063217835,54.33745839872015,0.2
13,20,9,10.666134512598724,10.95864427784033,5.122568981662084,55.151853063217835,54.33745839872015,0.2
14,0,0,2.0,2.0,1.6418319732681708,17.756730643867808,17.756730643867808,0.0
14,0,1,2.0,2.0,1.3962657220312917,17.756730643867808,17.756730643867808,0.0
14,0,2,2.0,2.0,1.524121455597483,17.756730643867808,17.756730643867808,0.0
14,0,3,2.0,2.0,1.3932682067114392,17.756730643867808,17.756730643867808,0.0
14,0,4,2.0,2.0,1.5715360675300165,17.756730643867808,17.756730643867808,0.0
14,0,5,2.0,2.0,1.5168245937660674,17.756730643867808,17.756730643867808,0.0
14,0,6,2.0,2.0,1.4384290268169229,17.756730643867808,17.756730643867808,0.0
14,0,7,2.0,2.0,1.459094707178258,17.756730643867808,17.756730643867808,0.0
14,0,8,2.0,2.0,1.5014223651387226,17.756730643867808,17.756730643867808,0.0
14,0,9,2.0,2.0,1.7095413884434287,17.756730643867808,17.756730643867808,0.0
14,1,0,3.321384390904049,4.051065922749414,2.6909537238923296,17.756730643867808,26.941531880418093,0.0
14,1,1,2.8246101003123942,2.818546202936198,1.7752711288860676,17.756730643867808,26.941531880418093,0.0
14,1,2,3.083259002677857,3.7377225145976616,2.3611496820007654,17.756730643867808,26.941531880418093,0.0
14,1,3,2.818546202936199,3.1174716421386788,1.9009709849008485,17.756730643867808,26.941531880418093,0.0
14,1,4,3.179177558618763,3.8639394100215503,2.491865349938102,17.756730643867808,26.941531880418093,0.0
14,1,5,3.068497636482019,3.7182983917553467,2.341290655945908,17.756730643867808,26.941531880418093,0.0
14,1,6,2.9099053952414886,3.509610717807999,2.1323019532459844,17.756730643867808,26.941531880418093,0.0
14,1,7,2.951711541849123,3.5646224095780705,2.1866131634098815,17.756730643867808,26.941531880418093,0.0
14,1,8,3.037339319077487,3.677297919522892,2.2995987032840293,17.756730643867808,26.941531880418093,0.0
14,1,9,3.4583588184593164,4.231307241323279,2.888622671688982,17.756730643867808,26.941531880418093,0.0
14,2,0,5.443731052082062,7.440211766530795,4.118294688215639,29.20858361678297,39.501695754890235,0.2
14,2,1,3.5913284143003503,5.345766007092851,2.778779209713456,29.20858361678297,39.501695754890235,0.2
14,2,2,4.7765458500450775,6.669852422856621,3.541440399468978,29.20858361678297,39.501695754890235,0.2
14,2,3,3.84561603112348,4.22939841201798,2.353470443578206,29.20858361678297,39.501695754890235,0.2
14,2,4,5.040980327021092,6.9907912128803735,3.7737383729081286,29.20858361678297,39.501695754890235,0.2
14,2,5,4.736371544616086,6.564088281262671,3.485270208587031,29.20858361678297,39.501695754890235,0.2
14,2,6,4.313592705901488,4.751620718645063,2.6360684211037455,29.20858361678297,39.501695754890235,0.2
14,2,7,4.423462904939215,6.215072632590308,3.2268206755937365,29.20858361678297,39.501695754890235,0.2
14,2,8,4.652029783064304,6.598025062539558,3.462355492957214,29.20858361678297,39.501695754890235,0.2
14,2,9,5.8436103140697275,8.002193515181395,4.512372641207526,29.20858361678297,39.501695754890235,0.2
14,3,0,8.331205578457993,11.404504829575686,5.553428891942334,43.09357478540751,51.53690990917328,0.2
14,3,1,5.621399779746808,5.657430775673457,2.891216098516731,43.09357478540751,51.53690990917328,0.2
14,3,2,7.16424400037678,10.066912662469177,4.724175145991301,43.09357478540751,51.53690990917328,0.2
14,3,3,4.761010945715038,7.449546872836401,3.4978777745494622,43.09357478540751,51.53690990917328,0.2
14,3,4,7.634176901904833,10.630030238963826,5.060314459645414,43.09357478540751,51.53690990917328,0.2
14,3,5,7.050613130551512,9.8469520522487,4.6294099525587145,43.09357478540751,51.53690990917328,0.2
14,3,6,5.33269947824252,8.09240875856871,3.8266779102289084,43.09357478540751,51.53690990917328,0.2
14,3,7,6.527776288111631,6.4303270584703025,3.3046512124057332,43.09357478540751,51.53690990917328,0.2
14,3,8,7.004257242705461,9.992546552493767,4.629725157376298,43.09357478540751,51.53690990917328,0.2
14,3,9,9.128415270544362,12.472981832666825,6.1565558774817495,43.09357478540751,51.53690990917328,0.2
14,4,0,11.234445630253349,13.808623119957687,6.349111814686244,52.2641988233496,55.87412215293909,0.2
14,4,1,5.8488567506874105,8.560806599536765,3.8637352440108694,52.2641988233496,55.87412215293909,0.2
14,4,2,9.556886359423752,6.0231311661565785,3.2974195199567182,52.2641988233496,55.87412215293909,0.2
14,4,3,7.076117916349755,9.416407560895085,4.121292162283565,52.2641988233496,55.87412215293909,0.2
14,4,4,10.236887655364903,12.703836338330486,5.7326810414293625,52.2641988233496,55.87412215293909,0.2
14,4,5,9.365178779480926,11.741571642412907,5.236278382029583,52.2641988233496,55.87412215293909,0.2
14,4,6,7.741272241611803,10.127476516049555,4.477321831301997,52.2641988233496,55.87412215293909,0.2
14,4,7,6.685225487732514,9.43189742738388,4.320975794839821,52.2641988233496,55.87412215293909,0.2
14,4,8,9.365816430822905,7.121605235342268,3.652467928600872,52.2641988233496,55.87412215293909,0.2
14,4,9,12.454556206804064,15.141315133793372,7.051364122207045,52.2641988233496,55.87412215293909,0.2
14,5,0,12.844091978198406,12.76248991471223,6.008450675137411,51.645554646090645,52.256472498323134,0.2
14,5,1,7.8162382868563265,8.1224831559701,3.7241679043518676,51.645554646090645,52.256472498323134,0.2
14,5,2,6.670595957542427,7.974767264288275,4.013295998739117,51.645554646090645,52.256472498323134,0.2
14,5,3,8.337269392382588,6.47447549873301,3.1707130799945,51.645554646090645,52.256472498323134,0.2
14,5,4,11.597068176918162,11.491984844223722,5.344165351266015,51.645554646090645,52.256472498323134,0.2
14,5,5,10.592858202098535,10.64598037809247,4.889273453230547,51.645554646090645,52.256472498323134,0.2
14,5,6,9.057508372150227,5.68319015150352,2.9880094893805573,51.645554646090645,52.256472498323134,0.2
14,5,7,8.74122431048007,9.051281197774673,4.1981652096179864,51.645554646090645,52.256472498323134,0.2
14,5,8,7.388849872490031,8.198754099596703,4.030931208609632,51.645554646090645,52.256472498323134,0.2
14,5,9,14.264730564029481,13.93818458335071,6.65430910500616,51.645554646090645,52.256472498323134,0.2
14,6,0,12.1549431432949,11.65821140189195,5.63962283493547,47.24547249963226,48.20099620463766,0.2
14,6,1,7.5338971027577655,5.738383793311854,2.9201139112790213,47.24547249963226,48.20099620463766,0.2
14,6,2,8.118795895877316,8.37308290274416,4.152583306324938,47.24547249963226,48.20099620463766,0.2
14,6,3,6.414272046953804,6.81659982978381,3.2870869301477335,47.24547249963226,48.20099620463766,0.2
14,6,4,10.811110801291463,10.357121698509205,4.969019617311667,47.24547249963226,48.20099620463766,0.2
14,6,5,9.890876042629626,4.868322777490496,2.8273522569861256,47.24547249963226,48.20099620463766,0.2
14,6,6,6.0446673225316445,6.7874440136692105,3.3834660539514614,47.24547249963226,48.20099620463766,0.2
14,6,7,8.492781615103855,8.395845380398107,3.982975064028756,47.24547249963226,48.20099620463766,0.2
14,6,8,8.154471477634717,8.159787410466837,4.017511001585825,47.24547249963226,48.20099620463766,0.2
14,6,9,13.461498346644861,12.670251525769963,6.224554705916454,47.24547249963226,48.20099620463766,0.2
14,7,0,11.408813788206817,12.703405456108218,5.988965672096041,46.854185667817326,50.61839081789249,0.2
14,7,1,5.907316292103749,7.601235954540172,3.555216305726116,46.854185667817326,50.61839081789249,0.2
14,7,2,8.400570582202683,9.89018211011533,4.665966128181314,46.854185667817326,50.61839081789249,0.2
14,7,3,6.649693390734166,8.099571503182034,3.708831993108617,46.854185667817326,50.61839081789249,0.2
14,7,4,10.05220050757245,5.424371567476709,3.1597153311302058,46.854185667817326,50.61839081789249,0.2
14,7,5,5.719661820964674,8.051516566190006,4.020950699730478,46.854185667817326,50.61839081789249,0.2
14,7,6,6.8446659108353,8.421506346158012,3.9349596879406232,46.854185667817326,50.61839081789249,0.2
14,7,7,8.057457414897346,6.447126851454316,3.3106924303090484,46.854185667817326,50.61839081789249,0.2
14,7,8,8.127322739604693,9.551023394681902,4.485561546751112,46.854185667817326,50.61839081789249,0.2
14,7,9,12.592116110034127,13.853636824319834,6.626028224909611,46.854185667817326,50.61839081789249,0.2
14,8,0,12.115525476924633,15.389680360942757,6.849650805853817,53.943951259499066,59.65175640602109,0.2
14,8,1,7.192112308923567,10.0633299577641,4.326794591884662,53.943951259499066,59.65175640602109,0.2
14,8,2,9.439130994494963,12.53856503352489,5.508991035450788,53.943951259499066,59.65175640602109,0.2
14,8,3,7.502872943737259,8.153739681484367,3.726177330722473,53.943951259499066,59.65175640602109,0.2
14,8,4,6.392023880267028,9.99674181516728,4.84734899536411,53.943951259499066,59.65175640602109,0.2
14,8,5,8.134281161607118,11.223058678833658,5.07331967187879,53.943951259499066,59.65175640602109,0.2
14,8,6,7.960323528324861,7.193435147581538,3.5238943081000835,53.943951259499066,59.65175640602109,0.2
14,8,7,6.697446718146355,9.804768793987863,4.439853448027859,53.943951259499066,59.65175640602109,0.2
14,8,8,9.074177107272801,12.247125639158876,5.338334768704272,53.943951259499066,59.65175640602109,0.2
14,8,9,13.404286844345554,16.971745318336563,7.6377805658741105,53.943951259499066,59.65175640602109,0.2
14,9,0,13.85666964715046,18.874297492466084,7.901640544079547,65.5534521186077,69.27578450801425,0.2
14,9,1,8.752995589145145,9.991125064776732,4.305039653714577,65.5534521186077,69.27578450801425,0.2
14,9,2,11.144548974980852,8.560094971440009,4.217291183895964,65.5534521186077,69.27578450801425,0.2
14,9,3,7.537962121280161,11.906131278004814,4.85683329138329,65.5534521186077,69.27578450801425,0.2
14,9,4,9.806063928953026,14.792854684442535,6.377342614205779,65.5534521186077,69.27578450801425,0.2
14,9,5,10.26319686947184,14.830860357429795,6.166387416806325,65.5534521186077,69.27578450801425,0.2
14,9,6,7.128748703085172,11.801634087332793,4.9834137131938885,65.5534521186077,69.27578450801425,0.2
14,9,7,8.981710784220803,13.476408710623621,5.547079711317691,65.5534521186077,69.27578450801425,0.2
14,9,8,10.799315680824963,15.65901812145291,6.340405770234753,65.5534521186077,69.27578450801425,0.2
14,9,9,15.451036138703,20.966859434613156,8.855885467546184,65.5534521186077,69.27578450801425,0.2
14,10,0,15.984818174419681,19.87289955516692,8.192011969435944,72.13076764555197,71.8309516727535,0.2
14,10,1,8.708985901649921,12.42495892439907,5.01479925347405,72.13076764555197,71.8309516727535,0.2
14,10,2,8.531472975402593,13.14924587703222,5.6954648023213705,72.13076764555197,71.8309516727535,0.2
14,10,3,9.825250418965224,9.219165968944207,4.060671650111884,72.13076764555197,71.8309516727535,0.2
14,10,4,12.90120216876211,16.849887502073962,6.985882227342349,72.13076764555197,71.8309516727535,0.2
14,10,5,12.474445161205534,16.104770214607402,6.532546917475382,72.13076764555197,71.8309516727535,0.2
14,10,6,10.081319398033099,13.7324374395953,5.541033576308314,72.13076764555197,71.8309516727535,0.2
14,10,7,11.221601399074357,14.764262627181823,5.913038658995023,72.13076764555197,71.8309516727535,0.2
14,10,8,12.826479871345509,10.397742482069706,4.760353714874633,72.13076764555197,71.8309516727535,0.2
14,10,9,17.915231423464036,22.077685475065216,9.18176349697687,72.13076764555197,71.8309516727535,0.2
14,11,0,16.572232194517927,17.177953011608654,7.397546423525283,67.9231962602283,64.17621258872661,0.2
14,11,1,10.144811549047256,7.289276384972648,3.452440253863107,67.9231962602283,64.17621258872661,0.2
14,11,2,11.52178067023416,12.765775250892437,5.5786821236677335,67.9231962602283,64.17621258872661,0.2
14,11,3,8.214635635595135,9.844196576359437,4.251477883689606,67.9231962602283,64.17621258872661,0.2
14,11,4,14.132262353499087,14.892944377333212,6.40751679228202,67.9231962602283,64.17621258872661,0.2
14,11,5,13.215176533175706,14.00027582869738,5.922566955535656,67.9231962602283,64.17621258872661,0.2
14,11,6,11.209370221479812,12.042372202251851,5.054356532725232,67.9231962602283,64.17621258872661,0.2
14,11,7,11.961927057434908,8.276410940180957,3.9432282578223923,67.9231962602283,64.17621258872661,0.2
14,11,8,9.630074685592813,11.281686375312436,5.04015276036639,67.9231962602283,64.17621258872661,0.2
14,11,9,18.57447440198585,18.942415424727336,8.248279566777471,67.9231962602283,64.17621258872661,0.2
14,12,0,14.965048568993701,14.282288281679257,6.500790470757678,57.75865418050235,54.91879171515005,0.2
14,12,1,6.984198965795617,7.8907331822347775,3.6494652293784307,57.75865418050235,54.91879171515005,0.2
14,12,2,11.285532276778856,11.105624728387792,5.0603280921994465,57.75865418050235,54.91879171515005,0.2
14,12,3,8.600631800982718,8.788191705916777,3.9268417111215594,57.75865418050235,54.91879171515005,0.2
14,12,4,12.962243764797842,12.450771381354079,5.652502159168603,57.75865418050235,54.91879171515005,0.2
14,12,5,11.9812025593847,5.509557617617891,3.0831600866690545,57.75865418050235,54.91879171515005,0.2
14,12,6,10.224834920494935,6.5553140728531485,3.302044290875693,57.75865418050235,54.91879171515005,0.2
14,12,7,7.977050635231994,8.826498755249792,4.12490936221514,57.75865418050235,54.91879171515005,0.2
14,12,8,10.196101049689197,10.121307135468363,4.671404842345689,57.75865418050235,54.91879171515005,0.2
14,12,9,16.686060115137487,15.598409844145301,7.199707480253487,57.75865418050235,54.91879171515005,0.2
14,13,0,13.150934047856818,13.739734549694894,6.326923036705633,51.97199808278444,53.171758616161156,0.2
14,13,1,7.382775488210534,8.426590483646137,3.821231959198192,51.97199808278444,53.171758616161156,0.2
14,13,2,10.23691523367554,10.995266738232951,5.0250758157356925,51.97199808278444,53.171758616161156,0.2
14,13,3,7.943901067359571,6.68337105151373,3.2419822389352015,51.97199808278444,53.171758616161156,0.2
14,13,4,11.434868334085937,5.618791522007547,3.2385708214545077,51.97199808278444,53.171758616161156,0.2
14,13,5,6.237154564688423,8.380316931158829,4.135201484323509,51.97199808278444,53.171758616161156,0.2
14,13,6,6.679951751674767,8.20031356125206,3.8623245335114778,51.97199808278444,53.171758616161156,0.2
14,13,7,8.344586895992656,9.394220155989338,4.308885946573474,51.97199808278444,53.171758616161156,0.2
14,13,8,9.450133375144299,10.231870243523703,4.707067222816735,51.97199808278444,53.171758616161156,0.2
14,13,9,14.564825410476516,15.002353851136256,7.006001177177916,51.97199808278444,53.171758616161156,0.2
14,14,0,12.799204643782973,15.792090761379876,6.974538145765603,55.405860642222535,59.7669750530851,0.2
14,14,1,7.730255220965625,8.24669067204795,3.7639415675689833,55.405860642222535,59.7669750530851,0.2
14,14,2,10.165600773549953,7.076869458138265,3.6913685611218137,55.405860642222535,59.7669750530851,0.2
14,14,3,6.558447745754038,9.43288850479361,4.1263401039842895,55.405860642222535,59.7669750530851,0.2
14,14,4,6.551546534816675,10.245303087636701,4.931405591560348,55.405860642222535,59.7669750530851,0.2
14,14,5,8.365407597670165,11.376063453497999,5.121636699598427,55.405860642222535,59.7669750530851,0.2
14,14,6,7.81338445533821,10.642557325572607,4.635532604534004,55.405860642222535,59.7669750530851,0.2
14,14,7,8.716766854434605,11.47823049430204,4.957639509184505,55.405860642222535,59.7669750530851,0.2
14,14,8,9.52227746526287,12.447963817200826,5.39946469631461,55.405860642222535,59.7669750530851,0.2
14,14,9,14.172962478136213,17.38950338610872,7.7689020929883865,55.405860642222535,59.7669750530851,0.2
14,15,0,14.109313564529442,19.077727772640284,7.961160235650232,65.68753556460689,69.66787807438489,0.2
14,15,1,7.6143582134738885,11.977359669507607,4.887647122267551,65.68753556460689,69.66787807438489,0.2
14,15,2,7.467544864276652,12.46797003280459,5.4872608348902485,65.68753556460689,69.66787807438489,0.2
14,15,3,8.347481250260838,12.573657857202981,5.045879523380005,65.68753556460689,69.66787807438489,0.2
14,15,4,9.976108288609987,14.887033745117959,6.405736599565522,65.68753556460689,69.66787807438489,0.2
14,15,5,10.360940989635024,14.869772145587863,6.177708107674209,65.68753556460689,69.66787807438489,0.2
14,15,6,9.377564748954516,8.914409408475823,4.094795755874243,65.68753556460689,69.66787807438489,0.2
14,15,7,10.029178837806134,10.148020994837042,4.548094030708846,65.68753556460689,69.66787807438489,0.2
14,15,8,10.922979972109236,15.731122867574216,6.360828554214578,65.68753556460689,69.66787807438489,0.2
14,15,9,15.716291658487988,21.187792259352765,8.921104301604517,65.68753556460689,69.66787807438489,0.2
14,16,0,16.10522499908444,20.809189445457854,8.460310977010728,74.198295470517,74.03008173512623,0.2
14,16,1,9.887586016388886,14.004080494731745,5.452871937393462,74.198295470517,74.03008173512623,0.2
14,16,2,11.100589331041574,15.778076320815629,6.470478770135703,74.198295470517,74.03008173512623,0.2
14,16,3,10.207686145846125,10.899334255901401,4.565556378182456,74.198295470517,74.03008173512623,0.2
14,16,4,12.958642480136776,17.65603882000664,7.218195630284371,74.198295470517,74.03008173512623,0.2
14,16,5,12.497346631365112,16.825946456076977,6.735968018469314,74.198295470517,74.03008173512623,0.2
14,16,6,8.283667835039425,12.985631665955179,5.328335928525281,74.198295470517,74.03008173512623,0.2
14,16,7,9.200678734432765,13.788304861660867,5.63663741544984,74.198295470517,74.03008173512623,0.2
14,16,8,12.867794644741213,9.37688422813128,4.428155585800007,74.198295470517,74.03008173512623,0.2
14,16,9,18.047167468663062,23.15592831596509,9.493408309526792,74.198295470517,74.03008173512623,0.2
14,17,0,17.114994273928588,18.807644940207183,7.882097525786782,71.89873112867335,68.58153485327836,0.2
14,17,1,11.031021464642393,9.710663071255816,4.220085980359283,71.89873112867335,68.58153485327836,0.2
14,17,2,13.089614247203176,14.96638763577694,6.235631933876735,71.89873112867335,68.58153485327836,0.2
14,17,3,9.23600461995072,11.434119510448966,4.721235228344338,71.89873112867335,68.58153485327836,0.2
14,17,4,14.602226468519648,16.39633230711955,6.8537152028582815,71.89873112867335,68.58153485327836,0.2
14,17,5,13.626692255017117,8.404917627798968,4.143695061655985,71.89873112867335,68.58153485327836,0.2
14,17,6,10.779088281043279,12.76199177712059,5.263933130964095,71.89873112867335,68.58153485327836,0.2
14,17,7,11.402774360396105,13.346051891378012,5.50946529208048,71.89873112867335,68.58153485327836,0.2
14,17,8,8.958046305977518,12.011520945034542,5.266238040908415,71.89873112867335,68.58153485327836,0.2
14,17,9,19.204923944181758,20.793854032808458,8.804670672816567,71.89873112867335,68.58153485327836,0.2
14,18,0,15.94528314466902,15.023640884018295,6.735197692395489,61.988123293559134,58.464093137512414,0.2
14,18,1,8.537126777679658,8.738088301507787,3.9195713968490025,61.988123293559134,58.464093137512414,0.2
14,18,2,12.614525060913872,12.009207431363928,5.345134308490575,61.988123293559134,58.464093137512414,0.2
14,18,3,9.550938980677236,6.804165842132269,3.2828886562623265,61.988123293559134,58.464093137512414,0.2
14,18,4,13.864891819083315,13.104056102840467,5.858512709520418,61.988123293559134,58.464093137512414,0.2
14,18,5,8.38258988893647,9.432305798314683,4.492073724277801,61.988123293559134,58.464093137512414,0.2
14,18,6,10.648803056956382,7.662440638141848,3.6831925836918127,61.988123293559134,58.464093137512414,0.2
14,18,7,11.145508384099927,10.757502108793112,4.7376229409363955,61.988123293559134,58.464093137512414,0.2
14,18,8,10.653465831245192,10.426109738745124,4.769441080276779,61.988123293559134,58.464093137512414,0.2
14,18,9,17.811625194222625,16.463601912659364,7.476976611375486,61.988123293559134,58.464093137512414,0.2
14,19,0,13.62513390493065,13.744061881614284,6.32831783671817,54.07351430347808,53.67453770075652,0.2
14,19,1,7.929193406201183,8.580395396251975,3.869921808329641,54.07351430347808,53.67453770075652,0.2
14,19,2,10.81307097715203,5.608473560131098,3.136821844326678,54.07351430347808,53.67453770075652,0.2
14,19,3,6.6412003892707006,7.835565909416188,3.6237897116139015,54.07351430347808,53.67453770075652,0.2
14,19,4,11.851622446224493,12.065977042432758,5.529643106604474,54.07351430347808,53.67453770075652,0.2
14,19,5,9.087351077045655,10.021378073656512,4.686661396400736,54.07351430347808,53.67453770075652,0.2
14,19,6,7.451005069548247,8.530511862792975,3.9705439285275426,54.07351430347808,53.67453770075652,0.2
14,19,7,9.584090907118,6.628154256159692,3.3754937648675374,54.07351430347808,53.67453770075652,0.2
14,19,8,9.648458195046006,10.082147046027378,4.658745678656083,54.07351430347808,53.67453770075652,0.2
14,19,9,15.12573382204496,14.995118891922367,7.003635930996523,54.07351430347808,53.67453770075652,0.2
14,20,0,12.802026288790197,13.143017183109242,6.133300804372804,54.478996694810355,53.67453770075652,0.2
14,20,1,7.828753549377856,8.076497054609238,3.7093960629783913,54.478996694810355,53.67453770075652,0.2
14,20,2,6.345710937797498,6.531732963519615,3.4899441320236844,54.478996694810355,53.67453770075652,0.2
14,20,3,7.330834567750972,7.558341865023041,3.533558631565435,54.478996694810355,53.67453770075652,0.2
14,20,4,11.186327590506991,11.506278741494445,5.3488174888237445,54.478996694810355,53.67453770075652,0.2
14,20,5,9.480996996588186,9.743550536346378,4.59532714030485,54.478996694810355,53.67453770075652,0.2
14,20,6,8.032309543442052,8.276626641948196,3.8874498245999463,54.478996694810355,53.67453770075652,0.2
14,20,7,6.828538172458751,7.030637425513704,3.5176998178244587,54.478996694810355,53.67453770075652,0.2
14,20,8,9.4245242084542,9.727467429181502,4.5434079495001205,54.478996694810355,53.67453770075652,0.2
14,20,9,14.168177645171918,14.563530746910871,6.861914408272833,54.478996694810355,53.67453770075652,0.2
15,0,0,2.0,2.0,1.8317724286784356,17.6554766482641,17.6554766482641,0.0
15,0,1,2.0,2.0,1.5348151492555944,17.6554766482641,17.6554766482641,0.0
15,0,2,2.0,2.0,1.2971517331874207,17.6554766482641,17.6554766482641,0.0
15,0,3,2.0,2.0,1.4946792740981807,17.6554766482641,17.6554766482641,0.0
15,0,4,2.0,2.0,1.7695154950761334,17.6554766482641,17.6554766482641,0.0
15,0,5,2.0,2.0,1.491322072374641,17.6554766482641,17.6554766482641,0.0
15,0,6,2.0,2.0,1.9870812700128377,17.6554766482641,17.6554766482641,0.0
15,0,7,2.0,2.0,1.6563193885049508,17.6554766482641,17.6554766482641,0.0
15,0,8,2.0,2.0,1.446781135358327,17.6554766482641,17.6554766482641,0.0
15,0,9,2.0,2.0,1.281835474277027,17.6554766482641,17.6554766482641,0.0
15,1,0,3.7056291090435565,4.427837877876658,3.195101938171938,17.6554766482641,27.257047670510342,0.0
15,1,1,3.1048920734033953,3.6660712534566278,2.345717518944332,17.6554766482641,27.257047670510342,0.0
15,1,2,2.6241050176814436,2.593120614831276,1.555771049690363,17.6554766482641,27.257047670510342,0.0
15,1,3,3.0236982171296916,3.563113110129649,2.2392766002079116,17.6554766482641,27.257047670510342,0.0
15,1,4,3.5796849132555866,4.268133915578977,3.00815353754319,17.6554766482641,27.257047670510342,0.0
15,1,5,3.0169066832923503,3.5545010827383434,2.2304654702499236,17.6554766482641,27.257047670510342,0.0
15,1,6,4.019814951307709,4.826242294955901,3.681467896916946,17.6554766482641,27.257047670510342,0.0
15,1,7,3.350692064049312,3.977758760715584,2.6802172457717766,17.6554766482641,27.257047670510342,0.0
15,1,8,2.9268014987357684,3.440242899523005,2.114921320715529,17.6554766482641,27.257047670510342,0.0
15,1,9,2.593120614831276,2.814564562586624,1.6281677195759345,17.6554766482641,27.257047670510342,0.0
15,2,0,6.46361008774081,8.45736682985641,5.025914990400743,29.550649145136358,40.53858906459899,0.2
15,2,1,4.745326976050623,6.348741600816643,3.4452158467204175,29.550649145136358,40.53858906459899,0.2
15,2,2,3.1472853278500312,3.7816897386578283,2.0260488382731685,29.550649145136358,40.53858906459899,0.2
15,2,3,4.529999700299679,6.063832785942635,3.249002662654724,29.550649145136358,40.53858906459899,0.2
15,2,4,6.085418220447105,7.954669287402318,4.651241218683484,29.550649145136358,40.53858906459899,0.2
15,2,5,4.512175008135576,6.185039214847737,3.2869278335940812,29.550649145136358,40.53858906459899,0.2
15,2,6,7.44751607199764,9.648953403448328,5.979030642525992,29.550649145136358,40.53858906459899,0.2
15,2,7,5.42201142947543,7.228477189743472,4.071513312267302,29.550649145136358,40.53858906459899,0.2
15,2,8,4.278432127638547,5.783096673016993,3.0422447964415693,29.550649145136358,40.53858906459899,0.2
15,2,9,3.2937419526608673,4.175904751650377,2.1460344945021976,29.550649145136358,40.53858906459899,0.2
15,3,0,10.167298402588198,13.434814344098992,6.94884603870044,44.22475253695735,53.42667808499353,0.2
15,3,1,6.96958417359523,9.550277079378125,4.585073062937427,44.22475253695735,53.42667808499353,0.2
15,3,2,4.098645352395416,6.425341764320998,2.936277831368939,44.22475253695735,53.42667808499353,0.2
15,3,3,6.572649884669106,9.036055447157663,4.295485293734926,44.22475253695735,53.42667808499353,0.2
15,3,4,9.409342876490287,12.45649928255383,6.366644172901707,44.22475253695735,53.42667808499353,0.2
15,3,5,6.649371542446065,9.339755686131808,4.386168482294622,44.22475253695735,53.42667808499353,0.2
15,3,6,12.0954271643845,15.742842916279843,8.422729362029509,44.22475253695735,53.42667808499353,0.2
15,3,7,8.236568042833365,11.167126661858488,5.52054682823633,44.22475253695735,53.42667808499353,0.2
15,3,8,6.154383971519642,5.599712327371848,2.9743895187600975,44.22475253695735,53.42667808499353,0.2
15,3,9,4.341373288152569,4.991410514444522,2.431462590307819,44.22475253695735,53.42667808499353,0.2
15,4,0,14.05733908433595,16.297170727698184,7.954796455090604,54.18063540919016,58.234240818854026,0.2
15,4,1,9.275486377623109,11.14755986411325,5.109294657252289,54.18063540919016,58.234240818854026,0.2
15,4,2,5.940015491995445,6.007682773406045,2.8013326168989794,54.18063540919016,58.234240818854026,0.2
15,4,3,8.689657674024824,10.509328400569652,4.7745175031088545,54.18063540919016,58.234240818854026,0.2
15,4,4,12.879559493669351,15.035547758630537,7.263013495467287,54.18063540919016,58.234240818854026,0.2
15,4,5,8.873107461764086,5.100480369612108,2.8719587975790803,54.18063540919016,58.234240818854026,0.2
15,4,6,17.03896762113103,19.468463195818348,9.77297532224461,54.18063540919016,58.234240818854026,0.2
15,4,7,11.167926050349909,13.198488083753583,6.205689156375112,54.18063540919016,58.234240818854026,0.2
15,4,8,6.017114467818188,8.171693363336798,3.875254984656378,54.18063540919016,58.234240818854026,0.2
15,4,9,4.918787078095501,6.796350704205137,3.0178964638988846,54.18063540919016,58.234240818854026,0.2
15,5,0,16.092351232607708,15.492321984423429,7.677716665209664,53.82705894244686,54.7536811877193,0.2
15,5,1,10.335973351370104,10.240964061612921,4.8147492003228525,53.82705894244686,54.7536811877193,0.2
15,5,2,5.667024749784753,6.0219280769919035,2.805980691578291,53.82705894244686,54.7536811877193,0.2
15,5,3,9.658727669529757,4.639650690148793,2.693808473773658,53.82705894244686,54.7536811877193,0.2
15,5,4,14.692891871725234,14.312772548726578,7.016814764480227,53.82705894244686,54.7536811877193,0.2
15,5,5,5.809899719890931,6.856972054321195,3.532995744953483,53.82705894244686,54.7536811877193,0.2
15,5,6,19.770480911868468,18.82788233547206,9.54675254535197,53.82705894244686,54.7536811877193,0.2
15,5,7,12.553951582364641,12.17669489996592,5.865346666154127,53.82705894244686,54.7536811877193,0.2
15,5,8,7.83954242966157,8.153385041498689,3.8691753025705733,53.82705894244686,54.7536811877193,0.2
15,5,9,6.105127913062674,5.43683954483836,2.5813913509514723,53.82705894244686,54.7536811877193,0.2
15,6,0,15.531825853561985,13.849575642450368,7.098327740729272,49.503217785912256,50.52554116215727,0.2
15,6,1,9.740115371390724,8.859368878039128,4.350278186628642,49.503217785912256,50.52554116215727,0.2
15,6,2,5.676427686832501,4.325677310762684,2.2259103369496738,49.503217785912256,50.52554116215727,0.2
15,6,3,5.449506138601364,5.766787444006491,3.136756281870193,49.503217785912256,50.52554116215727,0.2
15,6,4,14.194838090659513,12.796205156091911,6.487691779738485,49.503217785912256,50.52554116215727,0.2
15,6,5,7.147160678726935,6.679896720373453,3.4688799661544545,49.503217785912256,50.52554116215727,0.2
15,6,6,19.312837978686623,17.105217335633174,8.926570729012912,49.503217785912256,50.52554116215727,0.2
15,6,7,11.865447366959915,10.59594317079182,5.321337726621189,49.503217785912256,50.52554116215727,0.2
15,6,8,7.827243387183273,7.2515499766105025,3.5643753491051977,49.503217785912256,50.52554116215727,0.2
15,6,9,5.222089153738587,3.9113361209559456,2.049929316604965,49.503217785912256,50.52554116215727,0.2
15,7,0,14.359736771753406,15.41818138295762,7.651978238082147,49.11377923659781,52.59896828119691,0.2
15,7,1,8.800502304993609,4.62091635393892,2.7583206785894627,49.11377923659781,52.59896828119691,0.2
15,7,2,4.502960089137609,5.957812655247672,2.785034459636665,49.11377923659781,52.59896828119691,0.2
15,7,3,6.345578306612855,7.99829695138547,3.943894439769836,49.11377923659781,52.59896828119691,0.2
15,7,4,13.124435728539881,14.229076750023271,6.9880672911327855,49.11377923659781,52.59896828119691,0.2
15,7,5,7.017456086307618,8.391762921117177,4.069562220445425,49.11377923659781,52.59896828119691,0.2
15,7,6,18.058225912501324,19.017710489930938,9.614028274501216,49.11377923659781,52.59896828119691,0.2
15,7,7,10.764931096296547,11.885926790007117,5.766950508402287,49.11377923659781,52.59896828119691,0.2
15,7,8,7.210640821103983,3.8436551804107637,2.2856142449125447,49.11377923659781,52.59896828119691,0.2
15,7,9,4.146954953663973,5.652251403484328,2.6525667328675855,49.11377923659781,52.59896828119691,0.2
15,8,0,15.479757669058555,18.673152457357254,8.749895595405313,56.05465000791502,61.55616735635042,0.2
15,8,1,5.580012690786178,8.22112614338654,4.128449709603028,56.05465000791502,61.55616735635042,0.2
15,8,2,5.634053991501982,5.872827703467249,2.7571656874558252,56.05465000791502,61.55616735635042,0.2
15,8,3,7.9783983043953235,10.319286606545322,4.713915440175462,56.05465000791502,61.55616735635042,0.2
15,8,4,14.136682682061846,17.089695526773532,7.944149357763398,56.05465000791502,61.55616735635042,0.2
15,8,5,8.232621033621758,10.762347975923722,4.843790706752948,56.05465000791502,61.55616735635042,0.2
15,8,6,19.448935070423854,23.102778512337526,11.016904454325875,56.05465000791502,61.55616735635042,0.2
15,8,7,11.666394438400268,14.468232149303947,6.617804247076105,56.05465000791502,61.55616735635042,0.2
15,8,8,4.623739578885956,7.164293944803782,3.5342984298248656,56.05465000791502,61.55616735635042,0.2
15,8,9,5.366075143999358,5.211993337554264,2.506189959192858,56.05465000791502,61.55616735635042,0.2
15,9,0,17.70081660352247,23.387613566333787,10.243318047496807,67.64627753680386,71.11213169342835,0.2
15,9,1,8.351748928858358,12.882497725274943,5.653730884137076,67.64627753680386,71.11213169342835,0.2
15,9,2,5.577676173051503,9.66290275879646,3.907015279663898,67.64627753680386,71.11213169342835,0.2
15,9,3,9.536131235082884,7.700719088888283,3.8405985387757706,67.64627753680386,71.11213169342835,0.2
15,9,4,16.070812425076372,21.32853499346521,9.276968694852728,67.64627753680386,71.11213169342835,0.2
15,9,5,9.798865601448222,6.3829149487823695,3.3601896442489867,67.64627753680386,71.11213169342835,0.2
15,9,6,22.286917958992962,28.77674277945625,12.847652375925627,67.64627753680386,71.11213169342835,0.2
15,9,7,13.387649946019733,18.40192980973828,7.831184349516821,67.64627753680386,71.11213169342835,0.2
15,9,8,7.149795977142682,11.425211847019712,4.899895562224233,67.64627753680386,71.11213169342835,0.2
15,9,9,5.069958647798851,9.352398268135012,3.773613216901864,67.64627753680386,71.11213169342835,0.2
15,10,0,20.7219723016471,24.106287706111978,10.462651405714508,74.04279409300916,74.28800981364189,0.2
15,10,1,11.43735401349616,14.200928355189562,6.052806575031149,74.04279409300916,74.28800981364189,0.2
15,10,2,7.9037926999730335,8.218343946507812,3.488339955469175,74.04279409300916,74.28800981364189,0.2
15,10,3,7.769433319675769,10.831568716011926,4.87653074829531,74.04279409300916,74.28800981364189,0.2
15,10,4,18.76707209974439,21.932585591924227,9.460111518288906,74.04279409300916,74.28800981364189,0.2
15,10,5,6.797578325064756,10.187185455005709,4.6610997530440255,74.04279409300916,74.28800981364189,0.2
15,10,6,25.990474516231636,29.79852030406168,13.165304916670946,74.04279409300916,74.28800981364189,0.2
15,10,7,15.842287081912497,18.845217152239186,7.962764855757692,74.04279409300916,74.28800981364189,0.2
15,10,8,9.912364299396783,12.49302673479475,5.216139635868052,74.04279409300916,74.28800981364189,0.2
15,10,9,7.633923714482243,7.403678100464337,3.2042364690463088,74.04279409300916,74.28800981364189,0.2
15,11,0,21.165678115792463,20.959878986309917,9.486863688890269,70.2465852511841,66.54484318560924,0.2
15,11,1,12.244674002451159,12.757177965734833,5.615175184529128,70.2465852511841,66.54484318560924,0.2
15,11,2,7.056823150544048,5.559043701882358,2.6531991229118885,70.2465852511841,66.54484318560924,0.2
15,11,3,9.865097874120979,10.870575401405313,4.888817084634539,70.2465852511841,66.54484318560924,0.2
15,11,4,19.1375653810125,19.16109583450756,8.606520610355695,70.2465852511841,66.54484318560924,0.2
15,11,5,9.42928644116403,10.358355722914911,4.715785292633694,70.2465852511841,66.54484318560924,0.2
15,11,6,26.633077540012675,26.03602780567937,11.978348420377808,70.2465852511841,66.54484318560924,0.2
15,11,7,16.108471104815735,16.151135110113103,7.147682021075832,70.2465852511841,66.54484318560924,0.2
15,11,8,10.552118029996672,6.276082455564147,3.221542676340128,70.2465852511841,66.54484318560924,0.2
15,11,9,6.48208901174664,7.3292543353400275,3.1816554297448003,70.2465852511841,66.54484318560924,0.2
15,12,0,19.19168434282154,17.34999637524696,8.311130331221591,59.89042403740309,56.96849856623554,0.2
15,12,1,11.35935681223365,4.081632810418078,2.528825329678951,59.89042403740309,56.96849856623554,0.2
15,12,2,5.3673544530007105,5.785399239434442,2.7283690680358856,59.89042403740309,56.96849856623554,0.2
15,12,3,9.889952820548464,9.609539327376028,4.484549410531743,59.89042403740309,56.96849856623554,0.2
15,12,4,17.41077264948618,15.957505242862128,7.571969745904986,59.89042403740309,56.96849856623554,0.2
15,12,5,9.539913899124748,9.038952264767953,4.286798930999652,59.89042403740309,56.96849856623554,0.2
15,12,6,24.23189468838218,21.64828408733539,10.526671436342319,59.89042403740309,56.96849856623554,0.2
15,12,7,14.459579227641914,13.182004722416378,6.200263015733171,59.89042403740309,56.96849856623554,0.2
15,12,8,6.517099029645745,7.251862110378178,3.564482745221789,59.89042403740309,56.96849856623554,0.2
15,12,9,6.43640814263972,5.0296420350956925,2.4444842490444425,59.89042403740309,56.96849856623554,0.2
15,13,0,16.813205615639315,16.62378943447761,8.066061730001673,53.91172321525668,55.34762877284037,0.2
15,13,1,5.115749427512555,6.866284834508817,3.639488496109076,53.91172321525668,55.34762877284037,0.2
15,13,2,5.5194213431971395,5.10705233713141,2.500282028518572,53.91172321525668,55.34762877284037,0.2
15,13,3,9.072129581402178,4.250587264030795,2.533618789325475,53.91172321525668,55.34762877284037,0.2
15,13,4,15.31790252103874,15.2907959307952,7.34910475002169,53.91172321525668,55.34762877284037,0.2
15,13,5,8.672085382784056,9.02681890976924,4.282770077708189,53.91172321525668,55.34762877284037,0.2
15,13,6,21.295189012092735,20.770257848781508,10.225956817229775,53.91172321525668,55.34762877284037,0.2
15,13,7,12.542974637631911,12.609400698451184,6.010480614564377,53.91172321525668,55.34762877284037,0.2
15,13,8,7.2108580807207385,7.941381537747559,3.798473349472009,53.91172321525668,55.34762877284037,0.2
15,13,9,4.945129563060883,5.655264028238249,2.653556318118043,53.91172321525668,55.34762877284037,0.2
15,14,0,16.317438058395155,19.579308291117783,9.045001895429266,57.67315369052691,61.83855346585131,0.2
15,14,1,7.362592810145685,10.380412680938074,4.860548868505985,57.67315369052691,61.83855346585131,0.2
15,14,2,5.058007054064775,7.7068250124379505,3.3348985895468375,57.67315369052691,61.83855346585131,0.2
15,14,3,5.125446474657216,8.53072290940782,4.125884825494311,57.67315369052691,61.83855346585131,0.2
15,14,4,14.867052293574707,17.942793190745846,8.219708364445037,57.67315369052691,61.83855346585131,0.2
15,14,5,8.663935114880045,11.436427912437832,5.054215165103407,57.67315369052691,61.83855346585131,0.2
15,14,6,20.68685097367038,24.298535683104085,11.413023312619616,57.67315369052691,61.83855346585131,0.2
15,14,7,12.159049659209431,5.5225954597947275,3.372277855925982,57.67315369052691,61.83855346585131,0.2
15,14,8,7.6842151313986315,10.307407674972017,4.559177049716218,57.67315369052691,61.83855346585131,0.2
15,14,9,5.368077049832508,6.903584493163029,3.051149871463726,57.67315369052691,61.83855346585131,0.2
15,15,0,18.297809154840575,23.61501419724783,10.312934717238154,67.96432605873159,72.54612445034786,0.2
15,15,1,9.832766937134835,13.829680588643518,5.941602382534638,67.96432605873159,72.54612445034786,0.2
15,15,2,6.746415163617723,7.77286966687972,3.3548781666249896,67.96432605873159,72.54612445034786,0.2
15,15,3,8.346560233436492,12.191066312668589,5.2973199078268465,67.96432605873159,72.54612445034786,0.2
15,15,4,16.628261298327136,21.514314541952604,9.333459184742368,67.96432605873159,72.54612445034786,0.2
15,15,5,10.224548937385727,14.40328346748092,5.939823008971954,67.96432605873159,72.54612445034786,0.2
15,15,6,23.088256350680304,29.223723755574888,12.987020335447989,67.96432605873159,72.54612445034786,0.2
15,15,7,6.822032470331518,11.682874697312712,5.697809064798904,67.96432605873159,72.54612445034786,0.2
15,15,8,9.223099400453723,8.66752890628355,4.038392712046777,67.96432605873159,72.54612445034786,0.2
15,15,9,6.172398712163012,9.86404644875963,3.916966573747697,67.96432605873159,72.54612445034786,0.2
15,16,0,20.862805056758678,25.83748100446546,10.983117760958528,77.26371070840648,77.19354690761946,0.2
15,16,1,12.019710744837298,15.964420088670856,6.569650761713089,77.26371070840648,77.19354690761946,0.2
15,16,2,6.78683334070569,10.455915609170015,4.128794160757563,77.26371070840648,77.19354690761946,0.2
15,16,3,10.716343658759746,14.547488184690334,5.994854193373912,77.26371070840648,77.19354690761946,0.2
15,16,4,18.881350926328874,23.51250673649415,9.932135277492007,77.26371070840648,77.19354690761946,0.2
15,16,5,12.016111117303598,7.844049394009026,3.881759929207908,77.26371070840648,77.19354690761946,0.2
15,16,6,26.27241235937663,31.901122743812497,13.808891283989304,77.26371070840648,77.19354690761946,0.2
15,16,7,11.526523053698382,16.241353500147337,7.175606953105925,77.26371070840648,77.19354690761946,0.2
15,16,8,8.169565909618205,12.189389322420643,5.127069496389374,77.26371070840648,77.19354690761946,0.2
15,16,9,7.923923915211479,9.172238634982488,3.722579925897022,77.26371070840648,77.19354690761946,0.2
15,17,0,22.218568336255878,22.770196206849562,10.053268040933116,74.97111908963507,71.68902692075079,0.2
15,17,1,13.290236667891165,14.12977810112546,6.031562318797537,74.97111908963507,71.68902692075079,0.2
15,17,2,8.35244574479734,7.650325313114514,3.31776571834244,74.97111908963507,71.68902692075079,0.2
15,17,3,12.127437805942623,13.044526993557316,5.554268248065372,74.97111908963507,71.68902692075079,0.2
15,17,4,20.09245745978733,20.76051270583145,9.103324527440451,74.97111908963507,71.68902692075079,0.2
15,17,5,7.852701767309345,9.698873101064546,4.503553670029126,74.97111908963507,71.68902692075079,0.2
15,17,6,27.935036418517647,28.30253859544868,12.699084315903512,74.97111908963507,71.68902692075079,0.2
15,17,7,14.516070656041363,15.560197220546339,6.96359743659754,74.97111908963507,71.68902692075079,0.2
15,17,8,10.371931399588172,11.432578967878461,4.902107008536767,74.97111908963507,71.68902692075079,0.2
15,17,9,7.530684662667128,6.963174808424964,3.0695619169578623,74.97111908963507,71.68902692075079,0.2
15,18,0,20.33750596430604,19.130156999990326,8.899251795529903,64.79686185306122,60.574715432720474,0.2
15,18,1,12.201697411545677,4.646994465068324,2.7692080721031096,64.79686185306122,60.574715432720474,0.2
15,18,2,6.711755800225998,7.304786983143323,3.2121444882441277,64.79686185306122,60.574715432720474,0.2
15,18,3,11.236143626376496,5.7785892703708495,3.141248500369796,64.79686185306122,60.574715432720474,0.2
15,18,4,18.415794358413386,17.603307527205416,8.110532450727204,64.79686185306122,60.574715432720474,0.2
15,18,5,9.110574715790477,9.695189601572391,4.502356330104182,64.79686185306122,60.574715432720474,0.2
15,18,6,25.689925103393673,23.75126459076461,11.232472117983914,64.79686185306122,60.574715432720474,0.2
15,18,7,14.087180787699733,13.819321421693225,6.408609236436904,64.79686185306122,60.574715432720474,0.2
15,18,8,9.916837999131811,10.181285051724222,4.520054363251372,64.79686185306122,60.574715432720474,0.2
15,18,9,6.209645812660823,6.855923344492977,3.036389329568754,64.79686185306122,60.574715432720474,0.2
15,19,0,18.002960403774512,16.709442870939885,8.095131346949145,56.025631556040814,56.24224700175797,0.2
15,19,1,5.602037611400847,6.574060267882411,3.5303572628364446,56.025631556040814,56.24224700175797,0.2
15,19,2,6.498086733775602,5.297620883885826,2.5652305070183457,56.025631556040814,56.24224700175797,0.2
15,19,3,6.354665950566706,6.973378983096667,3.582921585201015,56.025631556040814,56.24224700175797,0.2
15,19,4,16.407401197178487,15.373435216644696,7.376885089477334,56.025631556040814,56.24224700175797,0.2
15,19,5,9.108152527526354,8.712514916163174,4.177831528055161,56.025631556040814,56.24224700175797,0.2
15,19,6,22.72300586866636,20.908170658496985,10.273439274541435,56.025631556040814,56.24224700175797,0.2
15,19,7,12.96445375158275,12.19789741568783,5.8724938727268485,56.025631556040814,56.24224700175797,0.2
15,19,8,9.143955199177197,8.809039332374264,4.084433454819692,56.025631556040814,56.24224700175797,0.2
15,19,9,6.142538510723728,4.815912315907078,2.3712988414096388,56.025631556040814,56.24224700175797,0.2
15,20,0,16.376245155315495,16.812551569155886,8.130065818291337,57.08519010633777,56.24224700175797,0.2
15,20,1,7.141823096403107,7.341835936316501,3.814155131956367,57.08519010633777,56.24224700175797,0.2
15,20,2,5.1893961768339665,5.375709262176765,2.591640893329307,57.08519010633777,56.24224700175797,0.2
15,20,3,7.248159385781493,7.44849728277788,3.752105835810868,57.08519010633777,56.24224700175797,0.2
15,20,4,14.923251214867685,15.308898835152934,7.355194136663848,57.08519010633777,56.24224700175797,0.2
15,20,5,8.451647093635165,8.725706530593913,4.182258479882761,57.08519010633777,56.24224700175797,0.2
15,20,6,20.782906779090464,21.324335388961366,10.416156248358496,57.08519010633777,56.24224700175797,0.2
15,20,7,11.879905984367609,12.220279014513004,5.880034496795488,57.08519010633777,56.24224700175797,0.2
15,20,8,8.262705163135843,8.502518145242602,3.984420240243167,57.08519010633777,56.24224700175797,0.2
15,20,9,4.797077341811757,4.9852708317527235,2.4293686300480846,57.08519010633777,56.24224700175797,0.2
16,0,0,2.0,2.0,1.6347316859028256,17.830175783559636,17.830175783559636,0.0
16,0,1,2.0,2.0,1.5648655197017518,17.830175783559636,17.830175783559636,0.0
16,0,2,2.0,2.0,1.4415782523336946,17.830175783559636,17.830175783559636,0.0
16,0,3,2.0,2.0,1.7753289446402405,17.830175783559636,17.830175783559636,0.0
16,0,4,2.0,2.0,1.7268344006320784,17.830175783559636,17.830175783559636,0.0
16,0,5,2.0,2.0,1.3947975498489655,17.830175783559636,17.830175783559636,0.0
16,0,6,2.0,2.0,1.5988954767474468,17.830175783559636,17.830175783559636,0.0
16,0,7,2.0,2.0,1.6345459998651986,17.830175783559636,17.830175783559636,0.0
16,0,8,2.0,2.0,1.3553004532216932,17.830175783559636,17.830175783559636,0.0
16,0,9,2.0,2.0,1.340233093733573,17.830175783559636,17.830175783559636,0.0
16,1,0,3.3070206898614587,3.978714066729651,2.6457292225070206,17.830175783559636,27.32960086366671,0.0
16,1,1,3.165683209747315,3.796022339796333,2.450677458673916,17.830175783559636,27.32960086366671,0.0
16,1,2,2.916276198493676,3.4736407778892744,2.1216153947791208,17.830175783559636,27.32960086366671,0.0
16,1,3,3.5914453741029275,4.346359200239699,3.0566503842151667,17.830175783559636,27.32960086366671,0.0
16,1,4,3.4933421429957265,4.219551727131796,2.9121659217717277,17.830175783559636,27.32960086366671,0.0
16,1,5,2.821640025268825,3.35131479682009,2.0018928833550667,17.830175783559636,27.32960086366671,0.0
16,1,6,3.23452494872851,3.8850066358896997,2.5449151810465307,17.830175783559636,27.32960086366671,0.0
16,1,7,3.306645051722462,3.978228519794329,2.6452027085125756,17.830175783559636,27.32960086366671,0.0
16,1,8,2.741738401741103,2.711257516101894,1.6770041018727027,17.830175783559636,27.32960086366671,0.0
16,1,9,2.7112575161018944,2.9719930105749164,1.7684500156340592,17.830175783559636,27.32960086366671,0.0
16,2,0,5.3522430341647445,7.276233590044671,4.037012802015107,29.62930747898234,40.258370870515385,0.2
16,2,1,4.957658268877219,6.742706011826231,3.663869373555602,29.62930747898234,40.258370870515385,0.2
16,2,2,4.29197406948666,5.9599762388055355,3.0959104831131294,29.62930747898234,40.258370870515385,0.2
16,2,3,6.183526109784729,8.313790832854652,4.813014859828384,29.62930747898234,40.258370870515385,0.2
16,2,4,5.8912377111536856,7.936326754972371,4.531723178387507,29.62930747898234,40.258370870515385,0.2
16,2,5,4.049778468987939,3.9830473333154077,2.259128872582979,29.62930747898234,40.258370870515385,0.2
16,2,6,5.148298788259788,7.027041943386507,3.8533624323391957,29.62930747898234,40.258370870515385,0.2
16,2,7,5.351177909723745,7.324317306888303,4.055208193106605,29.62930747898234,40.258370870515385,0.2
16,2,8,3.3925367139456233,4.967181231955804,2.562073536723518,29.62930747898234,40.258370870515385,0.2
16,2,9,3.5775294753999756,4.497374321272705,2.3633642713175584,29.62930747898234,40.258370870515385,0.2
16,3,0,8.166774386664173,11.124463889763357,5.4340151774525625,43.91905417459075,53.00295337639561,0.2
16,3,1,7.411914706116711,10.140007638697307,4.875092068146447,43.91905417459075,53.00295337639561,0.2
16,3,2,6.26294829292414,5.56971686722442,2.9525713956490316,43.91905417459075,53.00295337639561,0.2
16,3,3,9.736606844610499,13.043472841974966,6.596796751829245,43.91905417459075,53.00295337639561,0.2
16,3,4,9.16756091589153,12.329165621647265,6.168552643411709,43.91905417459075,53.00295337639561,0.2
16,3,5,4.570160343205951,7.295359220044078,3.4508243643681045,43.91905417459075,53.00295337639561,0.2
16,3,6,7.795254352241201,10.677471957159039,5.164484574372751,43.91905417459075,53.00295337639561,0.2
16,3,7,8.203583200806948,11.24332836219428,5.473972058811594,43.91905417459075,53.00295337639561,0.2
16,3,8,5.183009706092435,6.3652280145678475,3.0477852467559994,43.91905417459075,53.00295337639561,0.2
16,3,9,4.781025907997912,7.122665589177032,3.2606871262598163,43.91905417459075,53.00295337639561,0.2
16,4,0,10.992874718111407,12.895791328812088,6.0261381204506534,53.75093109716299,58.22109741536898,0.2
16,4,1,9.862187460712216,11.674687242865907,5.380562777620011,53.75093109716299,58.22109741536898,0.2
16,4,2,5.972976958791811,8.038412328902675,3.817125338336785,53.75093109716299,58.22109741536898,0.2
16,4,3,13.345152316578382,15.41871847377387,7.416374158977764,53.75093109716299,58.22109741536898,0.2
16,4,4,12.478825359646656,14.491176973487432,6.907203589283634,53.75093109716299,58.22109741536898,0.2
16,4,5,6.980930062379488,6.139177702921485,3.0582101263614314,53.75093109716299,58.22109741536898,0.2
16,4,6,10.447621152267967,12.307843269058779,5.704616411190162,53.75093109716299,58.22109741536898,0.2
16,4,7,11.07370647447617,12.984299234504098,6.054372128540389,53.75093109716299,58.22109741536898,0.2
16,4,8,6.165592161817153,7.899703235381489,3.545211343632483,53.75093109716299,58.22109741536898,0.2
16,4,9,6.596287257838779,6.901608246889417,3.189514298188796,53.75093109716299,58.22109741536898,0.2
16,5,0,12.19072439602653,11.806662960914966,5.6651902588257315,53.81491023501726,54.281546936634946,0.2
16,5,1,10.884741870566234,10.694064813061773,5.0600638006625065,53.81491023501726,54.281546936634946,0.2
16,5,2,7.721947631242369,7.937138106001387,3.783397572938303,53.81491023501726,54.281546936634946,0.2
16,5,3,15.003136599721637,14.350047779277691,7.05269625005417,53.81491023501726,54.281546936634946,0.2
16,5,4,13.973097466591916,13.448580757489959,6.555460628918164,53.81491023501726,54.281546936634946,0.2
16,5,5,6.186681428540112,6.532071579271509,3.1939332343035565,53.81491023501726,54.281546936634946,0.2
16,5,6,11.54029414258904,11.20286687114747,5.341085122368556,53.81491023501726,54.281546936634946,0.2
16,5,7,12.247841077446271,11.758660330638415,5.648415573930277,53.81491023501726,54.281546936634946,0.2
16,5,8,7.171872524664017,5.668668963713276,2.810291396283489,53.81491023501726,54.281546936634946,0.2
16,5,9,6.452306433941781,5.060495057416907,2.5668142644142917,53.81491023501726,54.281546936634946,0.2
16,6,0,11.46053603750356,11.108188381515879,5.42844883765511,49.07635763425436,49.75624604921493,0.2
16,6,1,10.236380578607461,4.928416902996971,2.942058007569432,49.07635763425436,49.75624604921493,0.2
16,6,2,7.653717218289938,4.175834946836324,2.4134458111753663,49.07635763425436,49.75624604921493,0.2
16,6,3,14.267425424837512,13.551183229947458,6.775508416793488,49.07635763425436,49.75624604921493,0.2
16,6,4,13.261530389576883,12.707820824486433,6.300564367532779,49.07635763425436,49.75624604921493,0.2
16,6,5,6.461245829491956,6.679454414103712,3.2442093528273324,49.07635763425436,49.75624604921493,0.2
16,6,6,10.804879576448114,10.521213950557886,5.111462434982698,49.07635763425436,49.75624604921493,0.2
16,6,7,11.426601275919406,10.97534637968307,5.382312566831971,49.07635763425436,49.75624604921493,0.2
16,6,8,5.68514813298945,6.338280286272079,3.0387473617868506,49.07635763425436,49.75624604921493,0.2
16,6,9,5.192600077829635,6.038190938401847,2.904652147625811,49.07635763425436,49.75624604921493,0.2
16,7,0,10.981614154047152,11.622124251170629,5.603060908666782,48.36597942137996,52.0087328402308,0.2
16,7,1,5.951708641673105,7.413159742065835,3.915239877865725,48.36597942137996,52.0087328402308,0.2
16,7,2,4.882339591410382,6.270974027981519,3.2081282857995426,48.36597942137996,52.0087328402308,0.2
16,7,3,13.706681476778114,14.278282571776533,7.027988102181581,48.36597942137996,52.0087328402308,0.2
16,7,4,12.745881725371625,13.349468800254153,6.521604896277275,48.36597942137996,52.0087328402308,0.2
16,7,5,6.562953140604747,7.300468923585265,3.4525160680802234,48.36597942137996,52.0087328402308,0.2
16,7,6,10.340358710672373,10.992121757493482,5.270552554308259,48.36597942137996,52.0087328402308,0.2
16,7,7,10.888281649709654,11.511540279669557,5.565056223986301,48.36597942137996,52.0087328402308,0.2
16,7,8,6.147308750023457,5.207688199660086,2.648293217388653,48.36597942137996,52.0087328402308,0.2
16,7,9,5.876037536853664,4.613352148339886,2.405863399319356,48.36597942137996,52.0087328402308,0.2
16,8,0,11.334849939781769,14.913239396192022,6.671536651731582,55.42563688946855,60.24010691927354,0.2
16,8,1,7.9204308532882175,11.472908758047097,5.315296582258805,55.42563688946855,60.24010691927354,0.2
16,8,2,6.489962058213583,9.819184584685567,4.391066576485344,55.42563688946855,60.24010691927354,0.2
16,8,3,14.217441469104934,18.201572976497545,8.329790556867353,55.42563688946855,60.24010691927354,0.2
16,8,4,13.193041102142534,17.008918014149128,7.726865919690357,55.42563688946855,60.24010691927354,0.2
16,8,5,6.984352336031695,5.5199346840025,2.8388597416194483,55.42563688946855,60.24010691927354,0.2
16,8,6,10.662193982294697,6.471559106606434,3.6375194348441813,55.42563688946855,60.24010691927354,0.2
16,8,7,11.257967427725609,14.921386604255154,6.673329641214772,55.42563688946855,60.24010691927354,0.2
16,8,8,5.357429930702799,8.562216595203882,3.7508088622527795,55.42563688946855,60.24010691927354,0.2
16,8,9,4.867000564765756,8.114052974196623,3.5721182545479855,55.42563688946855,60.24010691927354,0.2
16,9,0,13.496349236211527,17.827484382729057,7.55942093257724,66.2000115750793,69.9364287568386,0.2
16,9,1,10.752710014654143,14.654755723206728,6.308716811033596,66.2000115750793,69.9364287568386,0.2
16,9,2,8.883016181934678,12.487292792101064,5.1957115375294345,66.2000115750793,69.9364287568386,0.2
16,9,3,16.85095477828183,21.822769479849498,9.457900535038739,66.2000115750793,69.9364287568386,0.2
16,9,4,15.631253547330061,20.333401273417753,8.755414609402042,66.2000115750793,69.9364287568386,0.2
16,9,5,5.742941170168483,9.709158457367915,4.215191318916426,66.2000115750793,69.9364287568386,0.2
16,9,6,7.35860944920715,11.624365574898198,5.480971687522836,66.2000115750793,69.9364287568386,0.2
16,9,7,13.499976408406662,17.9716362305874,7.6012931835562,66.2000115750793,69.9364287568386,0.2
16,9,8,7.58779108409782,8.034753303650444,3.587528578742178,66.2000115750793,69.9364287568386,0.2
16,9,9,7.226304522199246,7.109593053239706,3.2564968360787376,66.2000115750793,69.9364287568386,0.2
16,10,0,15.292516590328557,19.438503545650775,8.03136684340084,72.81863826508723,71.7768166120178,0.2
16,10,1,12.762373911558889,16.787970118988014,6.938326866274185,72.81863826508723,71.7768166120178,0.2
16,10,2,10.510792505788078,8.886192142305104,4.0946634760765415,72.81863826508723,71.7768166120178,0.2
16,10,3,19.133092618040873,23.697417464207266,10.019557694368087,72.81863826508723,71.7768166120178,0.2
16,10,4,17.7119814286936,22.112542175444226,9.284890081749758,72.81863826508723,71.7768166120178,0.2
16,10,5,8.527225001870832,12.599016401970056,5.05854744607809,72.81863826508723,71.7768166120178,0.2
16,10,6,11.087866545617537,15.7302761670293,6.773521600280619,72.81863826508723,71.7768166120178,0.2
16,10,7,15.37722309079748,7.142199455915112,3.984359639662946,72.81863826508723,71.7768166120178,0.2
16,10,8,7.257479216729942,11.26349822464191,4.544497753208155,72.81863826508723,71.7768166120178,0.2
16,10,9,6.587810407206439,10.722185371784377,4.34167847576176,72.81863826508723,71.7768166120178,0.2
16,11,0,16.247251183808462,16.35212905385778,7.115861684551151,67.87200626108054,65.23430498710451,0.2
16,11,1,14.036059065630843,14.41071382669822,6.2349915631192205,67.87200626108054,65.23430498710451,0.2
16,11,2,8.283400236367655,9.633643761844471,4.332819855219162,67.87200626108054,65.23430498710451,0.2
16,11,3,20.26931078921137,20.112747267897973,8.93280419174995,67.87200626108054,65.23430498710451,0.2
16,11,4,18.783096864289405,18.755141634018237,8.273969935576192,67.87200626108054,65.23430498710451,0.2
16,11,5,10.23331303178796,8.006300107693816,3.682921689134646,67.87200626108054,65.23430498710451,0.2
16,11,6,13.702662197423786,14.22932598818673,6.314342096097486,67.87200626108054,65.23430498710451,0.2
16,11,7,8.060258376246804,10.464568759320462,5.205723360021976,67.87200626108054,65.23430498710451,0.2
16,11,8,9.193403556369093,7.205205368845927,3.324046123987269,67.87200626108054,65.23430498710451,0.2
16,11,9,8.78310530828225,9.456520318399457,3.9762281225831524,67.87200626108054,65.23430498710451,0.2
16,12,0,14.395207494865865,13.517429250253011,6.2280394847934915,58.71093837527988,56.58060827362458,0.2
16,12,1,12.613229607132348,5.333492610012553,3.1093113545195687,58.71093837527988,56.58060827362458,0.2
16,12,2,8.76518454387141,8.958410341655144,4.117929347219069,58.71093837527988,56.58060827362458,0.2
16,12,3,18.07083604933212,16.661729529718492,7.830002361122873,58.71093837527988,56.58060827362458,0.2
16,12,4,16.738031078862107,15.563898484669648,7.26126969436086,58.71093837527988,56.58060827362458,0.2
16,12,5,7.450457056737921,7.643408694734939,3.565259421880647,58.71093837527988,56.58060827362458,0.2
16,12,6,12.773753720400352,12.243879017722083,5.6838472460527445,58.71093837527988,56.58060827362458,0.2
16,12,7,10.531046168460412,10.831975567649836,5.332999222840099,58.71093837527988,56.58060827362458,0.2
16,12,8,6.724460901367229,7.350943897621106,3.3709690284053564,58.71093837527988,56.58060827362458,0.2
16,12,9,8.043808523677885,6.381713993623813,3.019364025450543,58.71093837527988,56.58060827362458,0.2
16,13,0,12.59916572921343,12.776524348009,5.987070780312424,53.54464606526275,55.14547207178787,0.2
16,13,1,6.290057915491217,7.9431300233863915,4.109132965508486,53.54464606526275,55.14547207178787,0.2
16,13,2,8.330466502899032,5.4388502465601585,2.903836739896754,53.54464606526275,55.14547207178787,0.2
16,13,3,15.839895949405756,15.789763914784107,7.540858341251488,53.54464606526275,55.14547207178787,0.2
16,13,4,14.689364206367248,14.738307445873282,6.989450331448086,53.54464606526275,55.14547207178787,0.2
16,13,5,7.212429277879468,7.7198926472380185,3.5901951971692716,53.54464606526275,55.14547207178787,0.2
16,13,6,11.49827864890718,11.792782182843343,5.5364383830235315,53.54464606526275,55.14547207178787,0.2
16,13,7,10.788522007027186,11.299191201076429,5.4929962248586826,53.54464606526275,55.14547207178787,0.2
16,13,8,6.819384745492333,6.24175244179639,3.006278178531126,53.54464606526275,55.14547207178787,0.2
16,13,9,6.108096752815908,6.943648964019935,3.2031020137417268,53.54464606526275,55.14547207178787,0.2
16,14,0,12.111692158963338,6.361061978477697,3.6744828321686254,57.46250303126882,61.72031602308565,0.2
16,14,1,8.312671646064928,11.54791970036178,5.339599124099873,57.46250303126882,61.72031602308565,0.2
16,14,2,5.87438798772342,9.147037656335195,4.178434049358598,57.46250303126882,61.72031602308565,0.2
16,14,3,15.254964939436196,18.644333105668327,8.471116107160423,57.46250303126882,61.72031602308565,0.2
16,14,4,14.139480537500171,17.403377826340613,7.8518714169655315,57.46250303126882,61.72031602308565,0.2
16,14,5,7.2628737180945455,10.15437138081647,4.349579858891996,57.46250303126882,61.72031602308565,0.2
16,14,6,11.20007426215038,14.234877220009418,6.316066368080029,57.46250303126882,61.72031602308565,0.2
16,14,7,11.112191879309036,14.340695389740864,6.490457312295355,57.46250303126882,61.72031602308565,0.2
16,14,8,6.081624416786665,8.896711324717277,3.852789094373708,57.46250303126882,61.72031602308565,0.2
16,14,9,6.47979403747268,7.74244878973893,3.4567994138025036,57.46250303126882,61.72031602308565,0.2
16,15,0,7.433385463383443,12.346345039203257,5.845240309289979,67.83437592791373,71.82636762061244,0.2
16,15,1,10.801873439684503,15.042315450551396,6.425046998241348,67.83437592791373,71.82636762061244,0.2
16,15,2,8.452865978932204,12.396164908136566,5.1691408550415305,67.83437592791373,71.82636762061244,0.2
16,15,3,17.136852777846894,22.458056052407755,9.649800833349076,67.83437592791373,71.82636762061244,0.2
16,15,4,15.88413649405481,20.925455283199277,8.933098770897656,67.83437592791373,71.82636762061244,0.2
16,15,5,8.799089605715002,8.407565195971024,3.8111790231636524,67.83437592791373,71.82636762061244,0.2
16,15,6,12.77724187883662,17.290018090736556,7.236955302662055,67.83437592791373,71.82636762061244,0.2
16,15,7,13.130030330677297,17.9080089682927,7.582444888450735,67.83437592791373,71.82636762061244,0.2
16,15,8,7.7940945040957805,9.556618134329527,4.050676398068239,67.83437592791373,71.82636762061244,0.2
16,15,9,6.993017435660926,10.606484700225845,4.308830095705743,67.83437592791373,71.82636762061244,0.2
16,16,0,11.824772717584198,16.31474567723471,7.104470239770077,76.49714896724637,76.70946792824448,0.2
16,16,1,12.997706926309275,16.949620936011968,6.985025846220758,76.49714896724637,76.70946792824448,0.2
16,16,2,10.457040689824035,8.915857475700442,4.104227322056377,76.49714896724637,76.70946792824448,0.2
16,16,3,19.521302048600962,24.297710497802345,10.196557768807681,76.49714896724637,76.70946792824448,0.2
16,16,4,18.071431975467682,22.623608057894764,9.434589366310188,76.49714896724637,76.70946792824448,0.2
16,16,5,7.7099183866418235,11.81832922268234,4.83703731343932,76.49714896724637,76.70946792824448,0.2
16,16,6,14.64017680937559,18.756748822029135,7.661421759476249,76.49714896724637,76.70946792824448,0.2
16,16,7,15.339093468413633,19.686578221525764,8.102057404423265,76.49714896724637,76.70946792824448,0.2
16,16,8,8.194415494520147,11.726802051480897,4.674555308237457,76.49714896724637,76.70946792824448,0.2
16,16,9,8.716653869547406,10.152755353257813,4.178958761586101,76.49714896724637,76.70946792824448,0.2
16,17,0,14.372162891336558,15.899516218332403,6.977409636035141,74.50097690462907,70.86123633340883,0.2
16,17,1,14.130529916236183,15.407060223709893,6.533710244029199,74.50097690462907,70.86123633340883,0.2
16,17,2,8.302747653930249,10.42696802990067,4.579603243800272,74.50097690462907,70.86123633340883,0.2
16,17,3,20.62737744524213,21.648676830833626,9.405021376575128,74.50097690462907,70.86123633340883,0.2
16,17,4,19.085934715643212,20.16230849212813,8.703779367126815,74.50097690462907,70.86123633340883,0.2
16,17,5,9.785203658263578,7.83142095843401,3.6264239740153257,74.50097690462907,70.86123633340883,0.2
16,17,6,15.498861673039613,16.62079746055621,7.039719858960435,74.50097690462907,70.86123633340883,0.2
16,17,7,16.390256393712352,17.466500855457987,7.451098194597774,74.50097690462907,70.86123633340883,0.2
16,17,8,9.456506687643605,8.804554962556402,3.8248091779682154,74.50097690462907,70.86123633340883,0.2
16,17,9,8.45392745844443,9.94929632209738,4.120159194601455,74.50097690462907,70.86123633340883,0.2
16,18,0,14.115122516429004,13.768881267462834,6.308913051810719,64.04865484516645,59.92935591030378,0.2
16,18,1,13.217529913253744,12.94306145339949,5.783382728395215,64.04865484516645,59.92935591030378,0.2
16,18,2,9.26442107240369,9.677703028519286,4.346681600246477,64.04865484516645,59.92935591030378,0.2
16,18,3,19.026119423228756,17.825128543047082,8.208819496659332,64.04865484516645,59.92935591030378,0.2
16,18,4,17.60752464474384,16.644616831983196,7.610643097827515,64.04865484516645,59.92935591030378,0.2
16,18,5,7.3361636136972646,8.02700092110478,3.689584811537938,64.04865484516645,59.92935591030378,0.2
16,18,6,14.241174515164213,5.639710145707738,3.303534340248362,64.04865484516645,59.92935591030378,0.2
16,18,7,15.073382442033942,14.2826622601477,6.4720604768605,64.04865484516645,59.92935591030378,0.2
16,18,8,7.7374918437011155,8.309367389636057,3.672925838903072,64.04865484516645,59.92935591030378,0.2
16,18,9,8.334977427531113,6.871781583977709,3.1798591503989497,64.04865484516645,59.92935591030378,0.2
16,19,0,12.76277090166787,12.782219868638776,5.988938897428262,55.428737710715886,55.64219546633186,0.2
16,19,1,11.699636402182819,5.446307834581446,3.1552047986323037,55.428737710715886,55.64219546633186,0.2
16,19,2,8.793226502070558,9.20609076503472,4.197298939903476,55.428737710715886,55.64219546633186,0.2
16,19,3,16.60623339529753,16.158281390952325,7.663628673852554,55.428737710715886,55.64219546633186,0.2
16,19,4,15.396137729946101,15.099942492233737,7.109063608173588,55.428737710715886,55.64219546633186,0.2
16,19,5,7.463936384163202,7.883295833277336,3.643222169056997,55.428737710715886,55.64219546633186,0.2
16,19,6,6.682966083718872,8.609532575874807,4.442063662658491,55.428737710715886,55.64219546633186,0.2
16,19,7,13.092813999743184,12.925650754074589,6.03521633598757,55.428737710715886,55.64219546633186,0.2
16,19,8,7.430235705543939,6.488116860075712,3.0888559199881676,55.428737710715886,55.64219546633186,0.2
16,19,9,6.432774315135962,7.268270206141452,3.307204769621398,55.428737710715886,55.64219546633186,0.2
16,20,0,12.115471312451605,12.452964917601237,5.880529308986507,56.4761451659333,55.64219546633186,0.2
16,20,1,6.382899187559664,6.555560567847815,3.592385281965882,56.4761451659333,55.64219546633186,0.2
16,20,2,8.491029173468576,8.741957369245913,4.048026099629322,56.4761451659333,55.64219546633186,0.2
16,20,3,15.50332620478273,15.926628456129146,7.586553607588759,56.4761451659333,55.64219546633186,0.2
16,20,4,14.381455158977518,14.771733536682865,7.0005428819496025,56.4761451659333,55.64219546633186,0.2
16,20,5,7.370145935710222,7.635839873192547,3.562787726811516,56.4761451659333,55.64219546633186,0.2
16,20,6,8.986181992294624,9.239672522887425,4.667224399951542,56.4761451659333,55.64219546633186,0.2
16,20,7,12.209089395534706,12.565907757344053,5.9171401700067605,56.4761451659333,55.64219546633186,0.2
16,20,8,6.24867709085877,6.442402992948517,3.073605382711991,56.4761451659333,55.64219546633186,0.2
16,20,9,6.6903912691373595,6.895148181472599,3.1874241830919483,56.4761451659333,55.64219546633186,0.2
17,0,0,2.0,2.0,1.6201264455427815,17.825636932139474,17.825636932139474,0.0
17,0,1,2.0,2.0,1.4415428905970191,17.825636932139474,17.825636932139474,0.0
17,0,2,2.0,2.0,1.6311409833239083,17.825636932139474,17.825636932139474,0.0
17,0,3,2.0,2.0,1.58228080533639,17.825636932139474,17.825636932139474,0.0
17,0,4,2.0,2.0,1.403442091082487,17.825636932139474,17.825636932139474,0.0
17,0,5,2.0,2.0,1.5058697627407538,17.825636932139474,17.825636932139474,0.0
17,0,6,2.0,2.0,1.289614446251458,17.825636932139474,17.825636932139474,0.0
17,0,7,2.0,2.0,1.6043470855732034,17.825636932139474,17.825636932139474,0.0
17,0,8,2.0,2.0,1.451150123002947,17.825636932139474,17.825636932139474,0.0
17,0,9,2.0,2.0,1.4645518932960864,17.825636932139474,17.825636932139474,0.0
17,1,0,3.2774746594837634,3.9763359403959946,2.6209942137891638,17.825636932139474,26.66845704307614,0.0
17,1,1,2.916204662598322,3.503651783552671,2.134377466345968,17.825636932139474,26.66845704307614,0.0
17,1,2,3.2997567897229714,4.0054897866483685,2.6523415141409403,17.825636932139474,26.66845704307614,0.0
17,1,3,3.200913890360072,3.876164149457086,2.5144562006378464,17.825636932139474,26.66845704307614,0.0
17,1,4,2.8391277126735184,2.6088572776042187,1.6903970459396132,17.825636932139474,26.66845704307614,0.0
17,1,5,3.046336291493688,3.673915463939502,2.3049251531493766,17.825636932139474,26.66845704307614,0.0
17,1,6,2.6088572776042183,2.8777117767606724,1.663688437696112,17.825636932139474,26.66845704307614,0.0
17,1,7,3.2455534149503844,3.9345703172118633,2.5763534912996526,17.825636932139474,26.66845704307614,0.0
17,1,8,2.935639849799189,3.5290807014100456,2.159506217731191,17.825636932139474,26.66845704307614,0.0
17,1,9,2.962751290791235,3.5645531977053757,2.1947615238346447,17.825636932139474,26.66845704307614,0.0
17,2,0,5.302204739624267,7.221151949438854,3.979719405115724,28.912530324210575,38.96279036375615,0.2
17,2,1,4.317791416199277,6.111683348233379,3.150787857399676,28.912530324210575,38.96279036375615,0.2
17,2,2,5.36561953223433,7.34550655575527,4.054952098850694,28.912530324210575,38.96279036375615,0.2
17,2,3,5.086681044337504,6.991784841217705,3.799917794358282,28.912530324210575,38.96279036375615,0.2
17,2,4,3.4196302997061325,5.125069677541443,2.7118355046199687,28.912530324210575,38.96279036375615,0.2
17,2,5,4.662805055887431,6.491969400600543,3.4334437824324495,28.912530324210575,38.96279036375615,0.2
17,2,6,3.3655994634408635,4.5615906887557,2.2967848346804067,28.912530324210575,38.96279036375615,0.2
17,2,7,5.211897691589259,7.1521466251168,3.9145587846743854,28.912530324210575,38.96279036375615,0.2
17,2,8,4.368626242157534,4.020326849059355,2.3657796928281503,28.912530324210575,38.96279036375615,0.2
17,2,9,4.439946831167302,6.177659317300208,3.2252288479671,28.912530324210575,38.96279036375615,0.2
17,3,0,8.050871299587188,10.94320737732368,5.323890992937284,42.505666865727335,50.91094453972531,0.2
17,3,1,6.373963827605388,5.6283084000785415,2.974206319516927,42.505666865727335,50.91094453972531,0.2
17,3,2,8.203065128630238,11.195927468298187,5.446437899734922,42.505666865727335,50.91094453972531,0.2
17,3,3,7.687137206724793,10.55704710422743,5.070400728541833,42.505666865727335,50.91094453972531,0.2
17,3,4,5.485974364243295,8.018211759435427,3.7096058321784815,42.505666865727335,50.91094453972531,0.2
17,3,5,6.945769586468543,9.691906781770474,4.545198721230424,42.505666865727335,50.91094453972531,0.2
17,3,6,4.646337398331704,6.453425437543862,2.9281417717229936,42.505666865727335,50.91094453972531,0.2
17,3,7,7.919053019057126,10.846608316206918,5.239418666294106,42.505666865727335,50.91094453972531,0.2
17,3,8,4.785912244379074,7.445582704625444,3.6418363842649746,42.505666865727335,50.91094453972531,0.2
17,3,9,6.524556061244203,9.12336191118351,4.237329140824204,42.505666865727335,50.91094453972531,0.2
17,4,0,10.770096289218952,12.674534994658204,5.900384840602069,51.62939983010346,55.57203834360127,0.2
17,4,1,6.016743860401229,8.12810685108068,3.846795988970903,51.62939983010346,55.57203834360127,0.2
17,4,2,11.018005569838596,12.9427522066458,6.0282207612634915,51.62939983010346,55.57203834360127,0.2
17,4,3,10.257291921221867,12.121101857093118,5.585242489549118,51.62939983010346,55.57203834360127,0.2
17,4,4,7.504438400525509,6.117847628029245,3.069676149105562,51.62939983010346,55.57203834360127,0.2
17,4,5,9.194821596878471,10.967846487582133,4.956229064651194,51.62939983010346,55.57203834360127,0.2
17,4,6,5.923556449930552,6.935224867601622,3.0795075665880245,51.62939983010346,55.57203834360127,0.2
17,4,7,10.599210917424468,12.490771616593648,5.7834877510858735,51.62939983010346,55.57203834360127,0.2
17,4,8,7.3673425282651746,9.22748121179292,4.2320380594851414,51.62939983010346,55.57203834360127,0.2
17,4,9,8.572009253444849,10.289320809427501,4.609506836239497,51.62939983010346,55.57203834360127,0.2
17,5,0,11.936328704144204,11.826335766317646,5.621122601176144,51.366332614822724,51.410329945936816,0.2
17,5,1,7.781970604048753,8.057439375368455,3.823353942710625,51.366332614822724,51.410329945936816,0.2
17,5,2,12.194937525506427,11.971508449086018,5.707878450808427,51.366332614822724,51.410329945936816,0.2
17,5,3,11.298803730369613,11.158851826431167,5.271038887729334,51.366332614822724,51.410329945936816,0.2
17,5,4,6.209876901394925,6.980473055640672,3.3666106972427507,51.366332614822724,51.410329945936816,0.2
17,5,5,10.026325544330646,9.923195730050923,4.620856761253609,51.366332614822724,51.410329945936816,0.2
17,5,6,6.229765609312893,5.9746751236401,2.7743349894623894,51.366332614822724,51.410329945936816,0.2
17,5,7,11.69984886041918,11.519935358252289,5.4650276328715,51.366332614822724,51.410329945936816,0.2
17,5,8,8.561305530252284,8.727350646192454,4.070137150092833,51.366332614822724,51.410329945936816,0.2
17,5,9,9.324915280566715,5.133953185852303,2.8333491840165297,51.366332614822724,51.410329945936816,0.2
17,6,0,11.37138828508789,10.74127185047655,5.25492969389196,46.4804686105768,46.81551838879847,0.2
17,6,1,7.734547939727779,7.444870722215257,3.617483710459743,46.4804686105768,46.81551838879847,0.2
17,6,2,11.546893165903862,10.801056764331737,5.311251622031088,46.4804686105768,46.81551838879847,0.2
17,6,3,10.663177822456074,10.040035710697932,4.895276679103521,46.4804686105768,46.81551838879847,0.2
17,6,4,6.810567952221426,6.814437383454019,3.310354500489159,46.4804686105768,46.81551838879847,0.2
17,6,5,9.347875890661772,4.361529373085269,2.599043672173324,46.4804686105768,46.81551838879847,0.2
17,6,6,5.612409235030926,5.175124651534041,2.508900643884533,46.4804686105768,46.81551838879847,0.2
17,6,7,11.05561212792505,10.375281597390117,5.078988829793995,46.4804686105768,46.81551838879847,0.2
17,6,8,8.233784101699282,7.93304065735322,3.807142407645972,46.4804686105768,46.81551838879847,0.2
17,6,9,5.7317934520672935,6.423554103285852,3.31456498446222,46.4804686105768,46.81551838879847,0.2
17,7,0,10.63058933238361,11.440448110110548,5.492094977596115,45.50742024939375,49.00058049658812,0.2
17,7,1,7.318077687544314,8.191940005437313,3.8679184213144295,45.50742024939375,49.00058049658812,0.2
17,7,2,10.744527162827094,11.536076234815248,5.56174643291614,45.50742024939375,49.00058049658812,0.2
17,7,3,9.90302041613082,10.712139687862969,5.122428696923577,45.50742024939375,49.00058049658812,0.2
17,7,4,6.696763094701765,7.625746634190241,3.581551172834236,45.50742024939375,49.00058049658812,0.2
17,7,5,5.257799351325235,6.90138910803135,3.583620199100953,45.50742024939375,49.00058049658812,0.2
17,7,6,5.075442294097729,4.745827767719112,2.361333201897701,45.50742024939375,49.00058049658812,0.2
17,7,7,10.274665431977448,11.075802668413557,5.3166733598301725,45.50742024939375,49.00058049658812,0.2
17,7,8,7.70175241595128,5.3010408507236235,2.871072449209207,45.50742024939375,49.00058049658812,0.2
17,7,9,6.705280796862505,7.831592960304848,3.8078413248504024,45.50742024939375,49.00058049658812,0.2
17,8,0,11.110368678982221,14.308752088082036,6.42316599341401,52.21985296815809,56.86905133512377,0.2
17,8,1,7.824700748318063,5.506351393153324,2.928945681810583,52.21985296815809,56.86905133512377,0.2
17,8,2,11.25127180443615,14.552205877009223,6.543659368618715,52.21985296815809,56.86905133512377,0.2
17,8,3,10.362543180112624,13.530632836455053,6.032332049360194,52.21985296815809,56.86905133512377,0.2
17,8,4,7.245387076362363,6.499052754247784,3.2023481402262854,52.21985296815809,56.86905133512377,0.2
17,8,5,7.2495726639611755,10.42473835237061,4.783128301474446,52.21985296815809,56.86905133512377,0.2
17,8,6,4.77691710613646,7.595466633129043,3.2819126255917603,52.21985296815809,56.86905133512377,0.2
17,8,7,10.755495200720526,13.985393075269046,6.259643598744314,52.21985296815809,56.86905133512377,0.2
17,8,8,5.808106659645709,8.97407481681425,4.150344301919106,52.21985296815809,56.86905133512377,0.2
17,8,9,7.703166307708247,10.638705573449732,4.718521308052285,52.21985296815809,56.86905133512377,0.2
17,9,0,12.9939017013079,17.39330845812683,7.3636892594318715,62.49543782672907,66.19702021065389,0.2
17,9,1,5.925182739624066,10.208581751154204,4.512137850492802,62.49543782672907,66.19702021065389,0.2
17,9,2,13.237656739660345,17.810579743636506,7.5378092331114015,62.49543782672907,66.19702021065389,0.2
17,9,3,12.203254556928176,16.560073552774703,6.948741338438851,62.49543782672907,66.19702021065389,0.2
17,9,4,6.478268970494042,10.399443169122934,4.450210567123626,62.49543782672907,66.19702021065389,0.2
17,9,5,9.67614709596946,13.8123825321275,5.8244434665767715,62.49543782672907,66.19702021065389,0.2
17,9,6,6.639225904008479,8.403586709279423,3.5226068263059314,62.49543782672907,66.19702021065389,0.2
17,9,7,12.6631000492131,17.12052387612238,7.2117268229631994,62.49543782672907,66.19702021065389,0.2
17,9,8,8.396041133144694,12.314389603957764,5.179410928704176,62.49543782672907,66.19702021065389,0.2
17,9,9,9.545448788840954,7.196806233093027,3.5890675687703393,62.49543782672907,66.19702021065389,0.2
17,10,0,14.89655638576725,19.39641525946051,7.947544083285857,68.92512178032715,68.54538058817744,0.2
17,10,1,9.127940294890513,13.752462863345855,5.558695804380159,68.92512178032715,68.54538058817744,0.2
17,10,2,15.248796671094762,19.834426743179826,8.127636272593849,68.92512178032715,68.54538058817744,0.2
17,10,3,14.057127278365408,9.583091160236158,4.7382339080033935,68.92512178032715,68.54538058817744,0.2
17,10,4,9.00266297315335,13.296303907684743,5.285488760068765,68.92512178032715,68.54538058817744,0.2
17,10,5,11.782701232869329,16.141806581693114,6.495804014956119,68.92512178032715,68.54538058817744,0.2
17,10,6,7.12614416010861,11.194319481428888,4.3056356926177095,68.92512178032715,68.54538058817744,0.2
17,10,7,14.589140235571254,7.808732171360292,4.162782324954084,68.92512178032715,68.54538058817744,0.2
17,10,8,10.477816788055723,14.70724959737462,5.864937252339769,68.92512178032715,68.54538058817744,0.2
17,10,9,7.260592554477358,12.722502852135364,5.347915757511576,68.92512178032715,68.54538058817744,0.2
17,11,0,16.077679868606086,16.265807522624293,7.02620560738807,64.81636717878595,62.07067647503477,0.2
17,11,1,11.245100460372434,11.609144409914945,4.9370408551196245,64.81636717878595,62.07067647503477,0.2
17,11,2,16.442001794497585,16.51811593784409,7.150606178252575,64.81636717878595,62.07067647503477,0.2
17,11,3,9.58532687798026,11.282537979761482,5.311868627991588,64.81636717878595,62.07067647503477,0.2
17,11,4,10.692409547273325,7.549936051312061,3.5565899068376874,64.81636717878595,62.07067647503477,0.2
17,11,5,13.140846574391272,13.387525401098655,5.698448549679491,64.81636717878595,62.07067647503477,0.2
17,11,6,8.710191673215748,8.396428595108352,3.5205061861937645,64.81636717878595,62.07067647503477,0.2
17,11,7,8.4212029379059,10.661493002523303,5.176663687406555,64.81636717878595,62.07067647503477,0.2
17,11,8,11.86461913320971,12.211949489653456,5.149212863879001,64.81636717878595,62.07067647503477,0.2
17,11,9,10.818697777892215,11.544978663055199,4.996420273184348,64.81636717878595,62.07067647503477,0.2
17,12,0,14.213835527400526,13.144528732625325,6.052703894240634,55.86366961613358,53.28814303205181,0.2
17,12,1,9.98750828369423,9.262374350142737,4.215141927830537,55.86366961613358,53.28814303205181,0.2
17,12,2,14.465494723357379,13.238481234849703,6.124310733648984,55.86366961613358,53.28814303205181,0.2
17,12,3,10.745775350217562,10.503293111364345,5.0523147962827535,55.86366961613358,53.28814303205181,0.2
17,12,4,7.19489106909244,7.48323950004178,3.5345672731896447,55.86366961613358,53.28814303205181,0.2
17,12,5,11.52781671537338,10.663278963428807,4.859481752208003,55.86366961613358,53.28814303205181,0.2
17,12,6,7.121894618503223,6.329927970477653,2.888803690058397,55.86366961613358,53.28814303205181,0.2
17,12,7,10.472259188671297,10.398984650541133,5.087108361659262,55.86366961613358,53.28814303205181,0.2
17,12,8,10.41672686973345,5.466607834979793,2.933552666989332,55.86366961613358,53.28814303205181,0.2
17,12,9,10.107631338618392,9.633813333918738,4.401923863146364,55.86366961613358,53.28814303205181,0.2
17,13,0,12.244466281819319,12.435224231557868,5.822177596163315,50.42884559189855,51.551340857912805,0.2
17,13,1,8.527125084958266,5.115158378512152,2.7816848885473324,50.42884559189855,51.551340857912805,0.2
17,13,2,12.389325099630888,12.522360738365109,5.89048223018859,50.42884559189855,51.551340857912805,0.2
17,13,3,10.220704539517586,10.6859599009723,5.113662258445293,50.42884559189855,51.551340857912805,0.2
17,13,4,7.150339840442894,7.7911568434036536,3.635757122047089,50.42884559189855,51.551340857912805,0.2
17,13,5,9.830608187961289,10.111800040963255,4.682161041090988,50.42884559189855,51.551340857912805,0.2
17,13,6,5.843976509634457,5.926426219692782,2.758632890822985,50.42884559189855,51.551340857912805,0.2
17,13,7,10.291091038761719,10.803580714522479,5.224860954581256,50.42884559189855,51.551340857912805,0.2
17,13,8,5.934502553655563,7.155471116470812,3.5419147918325002,50.42884559189855,51.551340857912805,0.2
17,13,9,8.904980197150984,9.319460926554752,4.30087996580307,50.42884559189855,51.551340857912805,0.2
17,14,0,11.778117434560125,14.819417348719346,6.582785508621814,53.71735827118374,57.707485333170624,0.2
17,14,1,5.627277894243877,9.066566944873674,4.152566369903222,53.71735827118374,57.707485333170624,0.2
17,14,2,11.91629597473459,15.03700036531404,6.695505173936851,53.71735827118374,57.707485333170624,0.2
17,14,3,10.344808897677114,13.426345640936129,5.999748405596786,53.71735827118374,57.707485333170624,0.2
17,14,4,7.3550443351690165,10.155665061742802,4.3769275602503495,53.71735827118374,57.707485333170624,0.2
17,14,5,9.471892892074026,6.125633966071804,3.2966447187641834,53.71735827118374,57.707485333170624,0.2
17,14,6,5.580644288206593,8.293082595854344,3.490117802778524,53.71735827118374,57.707485333170624,0.2
17,14,7,10.569761036293153,13.717610850765123,6.1755020125176685,53.71735827118374,57.707485333170624,0.2
17,14,8,7.1652036840819475,10.1952161336194,4.538045562602999,53.71735827118374,57.707485333170624,0.2
17,14,9,8.70057095863184,7.264299656193553,3.612595970372625,53.71735827118374,57.707485333170624,0.2
17,15,0,13.316807927357063,17.741471672766348,7.466561793150233,63.42403127813988,67.37304168724364,0.2
17,15,1,8.400536320251618,12.464325467508473,5.188893035024014,63.42403127813988,67.37304168724364,0.2
17,15,2,13.54483694800042,18.145683294140998,7.636807287198113,63.42403127813988,67.37304168724364,0.2
17,15,3,12.137338672990833,16.50700756553102,6.933146992500674,63.42403127813988,67.37304168724364,0.2
17,15,4,8.854413311123134,7.9952679412756575,3.702172208438313,63.42403127813988,67.37304168724364,0.2
17,15,5,6.669028554404446,11.038621478261215,4.97859507205397,63.42403127813988,67.37304168724364,0.2
17,15,6,7.0604196905060075,9.082936644730474,3.7196090176421204,63.42403127813988,67.37304168724364,0.2
17,15,7,12.492883756882774,16.959707334637073,7.164240891842485,63.42403127813988,67.37304168724364,0.2
17,15,8,9.180350938615254,13.09102441959912,5.405960761529882,63.42403127813988,67.37304168724364,0.2
17,15,9,7.308189913462393,11.336243265732806,4.933012063003228,63.42403127813988,67.37304168724364,0.2
17,16,0,15.104664909238615,19.22069549278292,7.897075371211076,71.75422866360495,71.93123456715283,0.2
17,16,1,10.496998848361756,14.313462963104369,5.716469288906648,71.75422866360495,71.93123456715283,0.2
17,16,2,15.449067220655909,19.699272824577392,8.088828718086615,71.75422866360495,71.93123456715283,0.2
17,16,3,14.025580312519496,18.101651854958494,7.3954619728382465,71.75422866360495,71.93123456715283,0.2
17,16,4,7.489400368461057,11.463770625333314,4.764339948155998,71.75422866360495,71.93123456715283,0.2
17,16,5,10.071571409366733,14.164007441095071,5.92784334903918,71.75422866360495,71.93123456715283,0.2
17,16,6,7.524674590707696,8.506092625636787,3.552629909477368,71.75422866360495,71.93123456715283,0.2
17,16,7,14.493077402723666,18.656669378460254,7.658808549928231,71.75422866360495,71.93123456715283,0.2
17,16,8,10.936121347085235,9.513186241692846,4.3233415364004895,71.75422866360495,71.93123456715283,0.2
17,16,9,9.979358139545825,13.80433996299741,5.662324049329282,71.75422866360495,71.93123456715283,0.2
17,17,0,15.975582945630139,17.954592574103017,7.529234132098217,69.86031046678323,65.44300835200536,0.2
17,17,1,11.564272213229527,8.225110796903044,3.878875152759394,69.86031046678323,65.44300835200536,0.2
17,17,2,16.363495097169167,18.274868984585616,7.674825206912115,69.86031046678323,65.44300835200536,0.2
17,17,3,14.960831778184257,6.7059643180858,3.6905018680654558,69.86031046678323,65.44300835200536,0.2
17,17,4,9.638138734298645,11.934209458295198,4.900372111964876,69.86031046678323,65.44300835200536,0.2
17,17,5,11.991876569458942,14.230569712565478,5.947329727009589,69.86031046678323,65.44300835200536,0.2
17,17,6,7.186880094988675,9.599445189715958,3.866439204454367,69.86031046678323,65.44300835200536,0.2
17,17,7,15.493575216481167,17.44595962498746,7.307414403089076,69.86031046678323,65.44300835200536,0.2
17,17,8,8.746010145584057,11.795727763487955,5.0257243473930115,69.86031046678323,65.44300835200536,0.2
17,17,9,11.454737768473862,13.599430082404407,5.6033566206279515,69.86031046678323,65.44300835200536,0.2
17,18,0,15.231449459492516,14.05198512843724,6.342263640834314,59.15133394293828,55.844213505640624,0.2
17,18,1,7.846865937807091,8.084281914690703,3.832265473934467,59.15133394293828,55.844213505640624,0.2
17,18,2,15.525976506848806,14.177705952089479,6.4253187635720295,59.15133394293828,55.844213505640624,0.2
17,18,3,7.465791566231566,8.638898163422647,4.406394848807071,59.15133394293828,55.844213505640624,0.2
17,18,4,9.913328347421082,6.073929158642181,3.05423399078668,59.15133394293828,55.844213505640624,0.2
17,18,5,12.031297017275742,11.16449159290318,5.018266042864873,59.15133394293828,55.844213505640624,0.2
17,18,6,7.82170833017189,6.850752076777862,3.0532029140543555,59.15133394293828,55.844213505640624,0.2
17,18,7,14.782713780372454,13.547566537496387,6.121815513513327,59.15133394293828,55.844213505640624,0.2
17,18,8,10.166912736624552,9.726496999946097,4.3909740049238115,59.15133394293828,55.844213505640624,0.2
17,18,9,11.335448157570204,10.60977872516551,4.709536814743606,59.15133394293828,55.844213505640624,0.2
17,19,0,12.83023829639154,12.524690771235653,5.8514678425724815,51.650384290767555,51.56479175697851,0.2
17,19,1,7.752575741103217,8.060785258885728,3.8244652374738086,51.650384290767555,51.56479175697851,0.2
17,19,2,12.998256700672309,12.599603999371723,5.915893263653353,51.650384290767555,51.56479175697851,0.2
17,19,3,8.914024887610916,9.481283352054572,4.702941220898444,51.650384290767555,51.56479175697851,0.2
17,19,4,6.1786378072383465,6.9837820051329995,3.3677277285546,51.650384290767555,51.56479175697851,0.2
17,19,5,10.151824775952756,10.03672626631431,4.657800377581665,51.650384290767555,51.56479175697851,0.2
17,19,6,6.176551965190972,5.960526792774526,2.7697345189948903,51.650384290767555,51.56479175697851,0.2
17,19,7,12.384277332657547,12.054808906421524,5.6414346794229955,51.650384290767555,51.56479175697851,0.2
17,19,8,8.882828912016365,8.973210228708012,4.150064398622489,51.650384290767555,51.56479175697851,0.2
17,19,9,9.527273387020616,5.098448060280279,2.819618602506768,51.650384290767555,51.56479175697851,0.2
17,20,0,11.83737085927903,12.159158103419426,5.731395363797506,52.33763046751722,51.56479175697851,0.2
17,20,1,7.736796060814606,7.988331952891238,3.80036967615747,52.33763046751722,51.56479175697851,0.2
17,20,2,11.96770185017177,12.3072261425839,5.819459221250488,52.33763046751722,51.56479175697851,0.2
17,20,3,9.51393066815368,9.785479925731634,4.808061941350801,52.33763046751722,51.56479175697851,0.2
17,20,4,6.812827678200536,7.0259847955695385,3.38196060537762,52.33763046751722,51.56479175697851,0.2
17,20,5,9.42261188838467,9.70611948366166,4.549863411945147,52.33763046751722,51.56479175697851,0.2
17,20,6,5.603102600094861,5.7982874619387585,2.7167439732005483,52.33763046751722,51.56479175697851,0.2
17,20,7,11.412479103596937,11.737773750598283,5.537163489069136,52.33763046751722,51.56479175697851,0.2
17,20,8,8.395474895883218,8.647956279033146,4.044182874010195,52.33763046751722,51.56479175697851,0.2
17,20,9,5.70401683433352,5.871516479487134,3.11249717936325,52.33763046751722,51.56479175697851,0.2
18,0,0,2.0,2.0,1.3861131022801125,18.34715341293398,18.34715341293398,0.0
18,0,1,2.0,2.0,1.4919278803709173,18.34715341293398,18.34715341293398,0.0
18,0,2,2.0,2.0,1.851124608203604,18.34715341293398,18.34715341293398,0.0
18,0,3,2.0,2.0,1.615661887410798,18.34715341293398,18.34715341293398,0.0
18,0,4,2.0,2.0,1.8152755766571995,18.34715341293398,18.34715341293398,0.0
18,0,5,2.0,2.0,1.7244863897188085,18.34715341293398,18.34715341293398,0.0
18,0,6,2.0,2.0,1.5137555668223883,18.34715341293398,18.34715341293398,0.0
18,0,7,2.0,2.0,1.6291282549873167,18.34715341293398,18.34715341293398,0.0
18,0,8,2.0,2.0,1.6190261484218003,18.34715341293398,18.34715341293398,0.0
18,0,9,2.0,2.0,1.4978125738227532,18.34715341293398,18.34715341293398,0.0
18,1,0,2.804071608361097,3.0911684300984263,1.8800246358480295,18.34715341293398,28.84053484342834,0.0
18,1,1,3.0181322174855425,2.8040716083610957,1.890075719342127,18.34715341293398,28.84053484342834,0.0
18,1,2,3.744778076813335,4.551851370069705,3.291897530927379,18.34715341293398,28.84053484342834,0.0
18,1,3,3.268442971751226,3.9348729798380395,2.5946631606204376,18.34715341293398,28.84053484342834,0.0
18,1,4,3.6722563963089403,4.457916849563047,3.181368247136956,18.34715341293398,28.84053484342834,0.0
18,1,5,3.4885921765411916,4.220023707841561,2.9084338978177646,18.34715341293398,28.84053484342834,0.0
18,1,6,3.062289072906717,3.6678498289147377,2.3143169635864558,18.34715341293398,28.84053484342834,0.0
18,1,7,3.295685091407231,3.970158641031683,2.632690350180783,18.34715341293398,28.84053484342834,0.0
18,1,8,3.275248786347848,3.9436882875687,2.6041420627906042,18.34715341293398,28.84053484342834,0.0
18,1,9,3.030036802908664,3.6260747142669914,2.27165407911131,18.34715341293398,28.84053484342834,0.0
18,2,0,3.80324209887999,6.018634130128817,2.997272522151633,31.26738216913695,43.49513471615236,0.2
18,2,1,3.8235751855615203,5.734620613878795,3.1187467973217595,31.26738216913695,43.49513471615236,0.2
18,2,2,6.659425113955868,9.030221297105047,5.317451441037882,31.26738216913695,43.49513471615236,0.2
18,2,3,5.248937687688017,7.368423611495091,4.025239198205399,31.26738216913695,43.49513471615236,0.2
18,2,4,6.435827179516477,8.801909146995634,5.121832653802533,31.26738216913695,43.49513471615236,0.2
18,2,5,5.8836879214620526,8.059169507800311,4.574482572382842,31.26738216913695,43.49513471615236,0.2
18,2,6,4.681804449915526,4.447103152316081,2.6484318285497706,31.26738216913695,43.49513471615236,0.2
18,2,7,5.325865726544677,7.435963325968545,4.084795757896903,31.26738216913695,43.49513471615236,0.2
18,2,8,5.268113266080628,7.364571604482217,4.032144693547581,31.26738216913695,43.49513471615236,0.2
18,2,9,4.595498517960362,5.064619292171713,2.8702467812701857,31.26738216913695,43.49513471615236,0.2
18,3,0,6.063406202611463,7.209412405677176,3.401007427753219,47.450136123835726,58.3459282468884,0.2
18,3,1,6.309145576685975,6.391512789129724,3.3647236172491013,47.450136123835726,58.3459282468884,0.2
18,3,2,10.757069239245917,14.3158256562969,7.341522561355117,47.450136123835726,58.3459282468884,0.2
18,3,3,8.1429566851241,11.292766700955639,5.427373785043541,47.450136123835726,58.3459282468884,0.2
18,3,4,10.36133740001407,13.915041785593733,7.057659925088771,47.450136123835726,58.3459282468884,0.2
18,3,5,9.254062084155372,12.490513687127672,6.2164863428001516,47.450136123835726,58.3459282468884,0.2
18,3,6,5.357710337561989,8.380703971080814,4.12696804956375,47.450136123835726,58.3459282468884,0.2
18,3,7,8.263438093061085,11.396885220621531,5.507881666682663,47.450136123835726,58.3459282468884,0.2
18,3,8,8.156926326850181,11.268305582704574,5.4304259655183715,47.450136123835726,58.3459282468884,0.2
18,3,9,5.806436354371244,8.813506641206091,4.230002172069996,47.450136123835726,58.3459282468884,0.2
18,4,0,6.880151664608382,8.22450440929485,3.7295332913919768,59.169306033334536,64.45269407769463,0.2
18,4,1,6.806750437312871,9.39814586381847,4.407135057719717,59.169306033334536,64.45269407769463,0.2
18,4,2,14.851713718436647,17.491028893496733,8.446667667483405,59.169306033334536,64.45269407769463,0.2
18,4,3,10.979439349912745,6.992905811294442,3.880519395404931,59.169306033334536,64.45269407769463,0.2
18,4,4,14.277466813389976,16.874012081906898,8.077452570490552,59.169306033334536,64.45269407769463,0.2
18,4,5,12.575794016329684,15.034789509077479,7.077940715907422,59.169306033334536,64.45269407769463,0.2
18,4,6,8.348751568222674,10.714305472932498,4.901280674080304,59.169306033334536,64.45269407769463,0.2
18,4,7,11.142304750133123,13.472782754391728,6.192334295746403,59.169306033334536,64.45269407769463,0.2
18,4,8,10.98561383350935,13.30140482071548,6.099034974918442,59.169306033334536,64.45269407769463,0.2
18,4,9,8.557186981708707,10.833086192063288,4.887232656723615,59.169306033334536,64.45269407769463,0.2
18,5,0,7.544751144496704,6.593240138035445,3.194823699806017,59.57489810696284,59.92884542066627,0.2
18,5,1,8.915522311445084,9.175046411616876,4.333637910485787,59.57489810696284,59.92884542066627,0.2
18,5,2,17.087394205199192,16.553014895435354,8.126969527528635,59.57489810696284,59.92884542066627,0.2
18,5,3,7.850192198926781,8.837703058019311,4.571587822012717,59.57489810696284,59.92884542066627,0.2
18,5,4,16.3404814394567,15.760027796451794,7.700367510692991,59.57489810696284,59.92884542066627,0.2
18,5,5,14.318494338226255,14.024637974789558,6.741599298525772,59.57489810696284,59.92884542066627,0.2
18,5,6,9.915166345509487,9.796835056776679,4.603570661197438,59.57489810696284,59.92884542066627,0.2
18,5,7,12.526935038432562,12.216409100730008,5.7822221965588,59.57489810696284,59.92884542066627,0.2
18,5,8,12.338192881546007,12.039999433853072,5.688154611292186,59.57489810696284,59.92884542066627,0.2
18,5,9,9.886747563118023,5.744858776493331,3.134960152808056,59.57489810696284,59.92884542066627,0.2
18,6,0,6.463047218591854,6.115831337352348,3.0310738773778265,54.18212295802509,54.590754727621714,0.2
18,6,1,8.766839448902923,4.509424477331612,2.635794912798648,54.18212295802509,54.590754727621714,0.2
18,6,2,16.440652986161307,15.45969398443013,7.747387568399128,54.18212295802509,54.590754727621714,0.2
18,6,3,9.248206077662966,9.372459207339725,4.763508829784822,54.18212295802509,54.590754727621714,0.2
18,6,4,15.57764793880214,14.586321417067552,7.294299866180047,54.18212295802509,54.590754727621714,0.2
18,6,5,13.638084191576315,13.007729982249067,6.395578492108534,54.18212295802509,54.590754727621714,0.2
18,6,6,9.312906549193846,5.307751121662956,2.997589382731575,54.18212295802509,54.590754727621714,0.2
18,6,7,11.69728867574712,11.135330804051542,5.419091267673252,54.18212295802509,54.590754727621714,0.2
18,6,8,11.5069923394097,10.965342100775091,5.327805917350658,54.18212295802509,54.590754727621714,0.2
18,6,9,6.341944783129232,7.034957505097168,3.612596942245035,54.18212295802509,54.590754727621714,0.2
18,7,0,6.131785485916688,7.743407160197819,3.5754453043460854,53.06540443469433,57.07215104857856,0.2
18,7,1,5.332146177886502,8.065806087614842,3.9598640563922536,53.06540443469433,57.07215104857856,0.2
18,7,2,15.672768321561954,17.204859441048793,8.349691841913282,53.06540443469433,57.07215104857856,0.2
18,7,3,9.636457402938337,11.436938205377869,5.475784216009776,53.06540443469433,57.07215104857856,0.2
18,7,4,14.756183405222751,16.282397925199867,7.878153211424306,53.06540443469433,57.07215104857856,0.2
18,7,5,12.938092886695976,14.503622407537554,6.9019580193701495,53.06540443469433,57.07215104857856,0.2
18,7,6,6.06404720351865,8.534469753672257,4.17982728680645,53.06540443469433,57.07215104857856,0.2
18,7,7,10.962684027590505,5.043411002319761,3.1127291451448555,53.06540443469433,57.07215104857856,0.2
18,7,8,10.778016081895583,6.169084595357107,3.5619463511773413,53.06540443469433,57.07215104857856,0.2
18,7,9,7.3081918795356,9.222186983094021,4.366366854062572,53.06540443469433,57.07215104857856,0.2
18,8,0,7.233035059457071,11.443720809617368,4.699749923289887,60.82171488847562,67.81980737231079,0.2
18,8,1,8.010704433306213,11.84977593346058,5.183509869760525,60.82171488847562,67.81980737231079,0.2
18,8,2,16.891214572576683,21.50714096960745,9.761634317857668,60.82171488847562,67.81980737231079,0.2
18,8,3,11.07737242247201,15.200319313830462,6.682306339156012,60.82171488847562,67.81980737231079,0.2
18,8,4,15.937303896871654,20.534378087887745,9.267415941024348,60.82171488847562,67.81980737231079,0.2
18,8,5,13.962485811857624,8.206657262752664,4.632924059135067,60.82171488847562,67.81980737231079,0.2
18,8,6,8.45568446291075,12.477010022017815,5.452706516066058,60.82171488847562,67.81980737231079,0.2
18,8,7,6.29697201913826,11.355418533839948,5.493845997137481,60.82171488847562,67.81980737231079,0.2
18,8,8,7.20572701997544,11.925960112536547,5.650387243173939,60.82171488847562,67.81980737231079,0.2
18,8,9,8.833049270673131,7.088842697756016,3.6319445776638397,60.82171488847562,67.81980737231079,0.2
18,9,0,9.507474754128147,10.233951513709773,4.3461831156718,74.52961594313128,79.40926136735476,0.2
18,9,1,10.486108841728361,8.952264727238429,4.259708438902594,74.52961594313128,79.40926136735476,0.2
18,9,2,19.74753834797566,25.708829326015465,11.060436532938423,74.52961594313128,79.40926136735476,0.2
18,9,3,13.518136040396618,18.660973796757002,7.71406857936568,74.52961594313128,79.40926136735476,0.2
18,9,4,18.747747121322526,24.68946024712694,10.543375753107785,74.52961594313128,79.40926136735476,0.2
18,9,5,9.372287727851225,14.983905367788793,7.061163851216703,74.52961594313128,79.40926136735476,0.2
18,9,6,11.030686821497596,15.857350757296441,6.449056758264866,74.52961594313128,79.40926136735476,0.2
18,9,7,11.113910947050789,16.262070480178885,7.064108584705534,74.52961594313128,79.40926136735476,0.2
18,9,8,11.430589912732763,16.522739867221112,7.0988877954705965,74.52961594313128,79.40926136735476,0.2
18,9,9,7.347331654693593,12.46234999756105,5.390839922213571,74.52961594313128,79.40926136735476,0.2
18,10,0,8.792218080434,13.479287477544608,5.270411520362035,82.68186381824286,82.13984159440099,0.2
18,10,1,8.617282005180215,13.623278869615437,5.715101997505615,82.68186381824286,82.13984159440099,0.2
18,10,2,22.374982248616654,27.37535328954661,11.557568339416349,82.68186381824286,82.13984159440099,0.2
18,10,3,15.605364852815933,9.305521447735536,4.73966867445233,82.68186381824286,82.13984159440099,0.2
18,10,4,21.328981420736785,26.28344996061562,11.015373479185934,82.68186381824286,82.13984159440099,0.2
18,10,5,14.284555166971632,19.506183313662106,8.492965991449072,82.68186381824286,82.13984159440099,0.2
18,10,6,13.046278061157336,11.014086284840287,4.996877335497179,82.68186381824286,82.13984159440099,0.2
18,10,7,14.29051228804396,18.94569209717856,7.861250067615406,82.68186381824286,82.13984159440099,0.2
18,10,8,14.360869748273641,18.937101240252762,7.8100230691469905,82.68186381824286,82.13984159440099,0.2
18,10,9,10.905532273111609,15.43904247123655,6.262831517025435,82.68186381824286,82.13984159440099,0.2
18,11,0,10.661908674202758,9.568983907519522,4.146519849589768,77.67126080715471,74.17324718425259,0.2
18,11,1,11.56150621744485,12.505423770995012,5.382644805879918,77.67126080715471,74.17324718425259,0.2
18,11,2,23.38066726946015,23.41422399966469,10.35977910794022,77.67126080715471,74.17324718425259,0.2
18,11,3,9.588229374073453,11.843294825555677,5.611258313434925,77.67126080715471,74.17324718425259,0.2
18,11,4,22.2838208351609,22.26966307575486,9.808918365428738,77.67126080715471,74.17324718425259,0.2
18,11,5,17.18105453892901,17.932392434834075,8.00728964277271,77.67126080715471,74.17324718425259,0.2
18,11,6,10.108555964071073,11.513074794429517,5.154288036728923,77.67126080715471,74.17324718425259,0.2
18,11,7,15.903109266167556,16.354519623094845,7.092196070579289,77.67126080715471,74.17324718425259,0.2
18,11,8,15.799478349072443,16.22314565503832,7.008537689767105,77.67126080715471,74.17324718425259,0.2
18,11,9,12.669549126945041,8.558334780773295,4.143897121092886,77.67126080715471,74.17324718425259,0.2
18,12,0,8.388304363196708,7.9409589741701385,3.639055996240461,66.75599510702087,63.09956503704764,0.2
18,12,1,10.888953760867109,7.000873300445774,3.586190745924698,66.75599510702087,63.09956503704764,0.2
18,12,2,20.957570069629966,19.666337551673713,9.168981566372128,66.75599510702087,63.09956503704764,0.2
18,12,3,11.351433081471132,11.736657190228543,5.575843518580445,66.75599510702087,63.09956503704764,0.2
18,12,4,19.84319277552875,18.542351875824227,8.628532523709374,66.75599510702087,63.09956503704764,0.2
18,12,5,16.19854361832979,15.721707091161237,7.302785837635961,66.75599510702087,63.09956503704764,0.2
18,12,6,10.426993815535049,10.539372750295499,4.8451261782231745,66.75599510702087,63.09956503704764,0.2
18,12,7,14.347332558741408,13.787945205961803,6.2933801096437065,66.75599510702087,63.09956503704764,0.2
18,12,8,14.178093778694512,5.744136714443979,3.388365128377383,66.75599510702087,63.09956503704764,0.2
18,12,9,8.382998650046426,9.24367458723366,4.373485881617065,66.75599510702087,63.09956503704764,0.2
18,13,0,7.36171787389394,7.253793908721081,3.4156496706853083,59.71381326339895,61.370824812557274,0.2
18,13,1,7.254772814911751,8.753659941111543,4.193335423264865,59.71381326339895,61.370824812557274,0.2
18,13,2,18.54861688094385,18.72075543800947,8.858108920499896,59.71381326339895,61.370824812557274,0.2
18,13,3,11.279789850767934,12.018768791524552,5.669326510332257,59.71381326339895,61.370824812557274,0.2
18,13,4,17.455302191252454,17.633667337751533,8.330314885415572,59.71381326339895,61.370824812557274,0.2
18,13,5,14.773350309993901,15.25366298365239,7.14991167561106,59.71381326339895,61.370824812557274,0.2
18,13,6,9.80156722632088,10.47775873051156,4.825281249244892,59.71381326339895,61.370824812557274,0.2
18,13,7,12.731348154091798,6.116552659812022,3.562779808784778,59.71381326339895,61.370824812557274,0.2
18,13,8,6.854576613996807,9.06388472825758,4.662865920133733,59.71381326339895,61.370824812557274,0.2
18,13,9,8.8474508826425,9.697374340483632,4.522664660904189,59.71381326339895,61.370824812557274,0.2
18,14,0,6.90977255024972,10.77587469659811,4.5060337957420185,63.949424573467184,69.75061272518484,0.2
18,14,1,8.483011079954192,12.066529545837291,5.249700163269426,63.949424573467184,69.75061272518484,0.2
18,14,2,17.919729412329286,22.003123361253127,9.918675699031612,63.949424573467184,69.75061272518484,0.2
18,14,3,11.468903569269484,15.225920262873926,6.690182564318169,63.949424573467184,69.75061272518484,0.2
18,14,4,16.85201548162061,20.91990474980871,9.38887073008214,63.949424573467184,69.75061272518484,0.2
18,14,5,14.46408976214909,7.787065138103037,4.465812031472707,63.949424573467184,69.75061272518484,0.2
18,14,6,9.761421438919832,9.423915410109835,4.480192985386292,63.949424573467184,69.75061272518484,0.2
18,14,7,7.207413083551308,11.971588857046656,5.7008620806374095,63.949424573467184,69.75061272518484,0.2
18,14,8,9.432859352338248,13.528325922440885,6.17168435508496,63.949424573467184,69.75061272518484,0.2
18,14,9,9.149235765045592,12.766275145888834,5.482535031609599,63.949424573467184,69.75061272518484,0.2
18,15,0,9.11559194712986,14.719261809989481,5.6052875000684415,76.66015972816405,81.88231357197931,0.2
18,15,1,10.620010124727626,12.008617511652718,5.232050672868557,76.66015972816405,81.88231357197931,0.2
18,15,2,20.06522907434085,26.249656635026152,11.222799291497168,76.66015972816405,81.88231357197931,0.2
18,15,3,13.534069443898781,18.87844573083462,7.776888071425193,76.66015972816405,81.88231357197931,0.2
18,15,4,18.993447075486596,25.15512374827931,10.682184833357399,76.66015972816405,81.88231357197931,0.2
18,15,5,9.034224339363766,15.025849407987138,7.074994335737765,76.66015972816405,81.88231357197931,0.2
18,15,6,9.06331664395558,14.21053390097263,5.97258078634827,76.66015972816405,81.88231357197931,0.2
18,15,7,11.53269922721449,16.900118028257108,7.256999537393067,76.66015972816405,81.88231357197931,0.2
18,15,8,12.48516073283813,17.772025550172494,7.470483592939155,76.66015972816405,81.88231357197931,0.2
18,15,9,11.09102915100708,10.595577455611847,4.811978924334582,76.66015972816405,81.88231357197931,0.2
18,16,0,11.339354277647518,12.843139349413118,5.09503894604803,87.20702085595836,87.4924021517372,0.2
18,16,1,10.584305653819944,15.642244047698313,6.295586176563129,87.20702085595836,87.4924021517372,0.2
18,16,2,22.703437986305627,28.743090375092336,11.958813128320235,87.20702085595836,87.4924021517372,0.2
18,16,3,15.732447090077802,11.13214526454347,5.373220818610855,87.20702085595836,87.4924021517372,0.2
18,16,4,21.60978866530462,27.612715821997753,11.402444155640937,87.20702085595836,87.4924021517372,0.2
18,16,5,14.31253388596043,20.291170888331283,8.730794175361712,87.20702085595836,87.4924021517372,0.2
18,16,6,12.08237926911808,17.21895678757557,6.831869178773182,87.20702085595836,87.4924021517372,0.2
18,16,7,14.680725787253444,20.10213056015799,8.194146826104268,87.20702085595836,87.4924021517372,0.2
18,16,8,15.112598610625394,20.419058628953827,8.23299529640008,87.20702085595836,87.4924021517372,0.2
18,16,9,9.734511173412034,15.300145390198637,6.223337665196757,87.20702085595836,87.4924021517372,0.2
18,17,0,10.307134409598973,10.6868382893381,4.479939388361701,84.97346687548932,80.43082178120554,0.2
18,17,1,12.735810971451162,14.378391061082734,5.935045282691784,84.97346687548932,80.43082178120554,0.2
18,17,2,24.192375288609124,25.573811085629917,11.019743203710066,84.97346687548932,80.43082178120554,0.2
18,17,3,10.86988927392498,13.834930854441826,6.2562396796675355,84.97346687548932,80.43082178120554,0.2
18,17,4,23.06685498474883,24.393569957262073,10.454766120581453,84.97346687548932,80.43082178120554,0.2
18,17,5,17.662174915816372,19.570023139564906,8.512413495182816,84.97346687548932,80.43082178120554,0.2
18,17,6,13.820697867094959,9.371720835135143,4.462808963155121,84.97346687548932,80.43082178120554,0.2
18,17,7,16.57655095534756,18.09695510977475,7.613040416356656,84.97346687548932,80.43082178120554,0.2
18,17,8,16.655140424277302,18.09917808705398,7.566483046360255,84.97346687548932,80.43082178120554,0.2
18,17,9,12.58965406756248,14.191827418913661,5.904230446473386,84.97346687548932,80.43082178120554,0.2
18,18,0,9.062803623614416,8.414875052324014,3.7897541918136852,72.69822274817928,67.21848640633475,0.2
18,18,1,12.006445898359553,7.350536978074136,3.710651600763563,72.69822274817928,67.21848640633475,0.2
18,18,2,22.292660676912856,20.849086269855107,9.551587878183144,72.69822274817928,67.21848640633475,0.2
18,18,3,12.656214007356446,12.708746131677655,5.895238454602708,72.69822274817928,67.21848640633475,0.2
18,18,4,21.149726384199234,19.68604792236189,8.997721448981105,72.69822274817928,67.21848640633475,0.2
18,18,5,17.22039634515217,16.612220294268436,7.58993665444079,72.69822274817928,67.21848640633475,0.2
18,18,6,9.028149208414165,9.896524463704235,4.636311936220135,72.69822274817928,67.21848640633475,0.2
18,18,7,15.400987444455478,14.664909906802539,6.570975660091401,72.69822274817928,67.21848640633475,0.2
18,18,8,15.306803067183434,14.546518052212798,6.493281053731741,72.69822274817928,67.21848640633475,0.2
18,18,9,11.94410826717046,6.316271930039828,3.3501098555528896,72.69822274817928,67.21848640633475,0.2
18,19,0,7.666576496861296,6.806336380514146,3.2667587118306263,62.17046380248948,61.593583491876764,0.2
18,19,1,7.506553963817943,8.679047545052565,4.168283797071086,62.17046380248948,61.593583491876764,0.2
18,19,2,19.32261973422055,18.713510052702578,8.855708969425592,62.17046380248948,61.593583491876764,0.2
18,19,3,11.92591769594961,12.063697266176924,5.684153330072123,62.17046380248948,61.593583491876764,0.2
18,19,4,18.202162012267696,17.603262754393455,8.320257889716519,62.17046380248948,61.593583491876764,0.2
18,19,5,15.3542491207732,15.210421872554324,7.135717627478529,62.17046380248948,61.593583491876764,0.2
18,19,6,9.379141317166003,9.81609645320818,4.6099044975536145,62.17046380248948,61.593583491876764,0.2
18,19,7,13.292916903667363,13.156741135860972,6.090291922465928,62.17046380248948,61.593583491876764,0.2
18,19,8,13.135742687899876,5.653473286186751,3.350839351647073,62.17046380248948,61.593583491876764,0.2
18,19,9,6.77718716848849,8.101849668910782,3.9879104864545054,62.17046380248948,61.593583491876764,0.2
18,20,0,6.608569921272835,6.920790948958261,3.305115824352114,62.51673093456723,61.593583491876764,0.2
18,20,1,8.432332276299789,8.677255782621483,4.167681407937964,62.51673093456723,61.593583491876764,0.2
18,20,2,17.914874372247898,18.375769115052208,8.743524374603112,62.51673093456723,61.593583491876764,0.2
18,20,3,11.498897849105994,11.839173148935812,5.609891269885178,62.51673093456723,61.593583491876764,0.2
18,20,4,16.831670434698587,17.286136468049122,8.215048346973058,62.51673093456723,61.593583491876764,0.2
18,20,5,14.435375563206255,14.812836837243863,7.004635511100755,62.51673093456723,61.593583491876764,0.2
18,20,6,9.325719739307369,9.62231917772425,4.546012099796889,62.51673093456723,61.593583491876764,0.2
18,20,7,12.320505908446789,12.673957651878622,5.932979601703426,62.51673093456723,61.593583491876764,0.2
18,20,8,6.7786629205629385,6.973873011669883,3.8811880942834587,62.51673093456723,61.593583491876764,0.2
18,20,9,8.067441649139521,8.334400999164872,4.067696573525192,62.51673093456723,61.593583491876764,0.2
19,0,0,2.0,2.0,1.2966122787582421,17.807848745760047,17.807848745760047,0.0
19,0,1,2.0,2.0,2.1006696579043926,17.807848745760047,17.807848745760047,0.0
19,0,2,2.0,2.0,1.3888086062046099,17.807848745760047,17.807848745760047,0.0
19,0,3,2.0,2.0,1.2784785542017734,17.807848745760047,17.807848745760047,0.0
19,0,4,2.0,2.0,1.6484915954601311,17.807848745760047,17.807848745760047,0.0
19,0,5,2.0,2.0,1.8006608902257977,17.807848745760047,17.807848745760047,0.0
19,0,6,2.0,2.0,1.3796529612808117,17.807848745760047,17.807848745760047,0.0
19,0,7,2.0,2.0,1.820570554137484,17.807848745760047,17.807848745760047,0.0
19,0,8,2.0,2.0,1.3309327224040448,17.807848745760047,17.807848745760047,0.0
19,0,9,2.0,2.0,1.5939218166340503,17.807848745760047,17.807848745760047,0.0
19,1,0,2.623013715069574,2.586329650761266,1.5522720874242226,17.807848745760047,27.334156295832393,0.0
19,1,1,4.249601375663902,5.130008140297768,4.061808120735889,17.807848745760047,27.334156295832393,0.0
19,1,2,2.80952454435346,3.2984064036016454,1.9712164629483826,17.807848745760047,27.334156295832393,0.0
19,1,3,2.5863296507612645,2.8103325266147157,1.622194211396955,17.807848745760047,27.334156295832393,0.0
19,1,4,3.3348566374906867,3.9665646248937487,2.66229339323759,17.807848745760047,27.334156295832393,0.0
19,1,5,3.642691256768752,4.358092639945431,3.1061216123817275,17.807848745760047,27.334156295832393,0.0
19,1,6,2.7910029071617863,3.2748491446352226,1.9484208569388315,17.807848745760047,27.334156295832393,0.0
19,1,7,3.682968001296263,4.409319736737151,3.1662604186124828,17.807848745760047,27.334156295832393,0.0
19,1,8,2.692443101066464,3.1494931163402935,1.828957316741632,17.807848745760047,27.334156295832393,0.0
19,1,9,3.224463360615194,3.8261578679426376,2.5100365045122426,17.807848745760047,27.334156295832393,0.0
19,2,0,3.140207016034732,4.649201406167582,2.3402054443744817,29.634246237547103,40.656283621516664,0.2
19,2,1,8.216934686809116,10.657204414633881,6.776213372064324,29.634246237547103,40.656283621516664,0.2
19,2,2,3.987720849471152,5.551107070856362,2.837834897636026,29.634246237547103,40.656283621516664,0.2
19,2,3,3.2816576973000053,3.775929589572379,1.994753205005543,29.634246237547103,40.656283621516664,0.2
19,2,4,5.385751930938919,7.246117209716624,4.059191015593162,29.634246237547103,40.656283621516664,0.2
19,2,5,6.283605148143444,8.336340572524914,4.890955925765167,29.634246237547103,40.656283621516664,0.2
19,2,6,3.9416059173623506,5.4606913791236975,2.7869052460809987,29.634246237547103,40.656283621516664,0.2
19,2,7,6.405264426044354,8.448106995981654,4.9913508839003615,29.634246237547103,40.656283621516664,0.2
19,2,8,3.699934209079503,4.18431346390531,2.23137238537383,29.634246237547103,40.656283621516664,0.2
19,2,9,5.077740111304692,6.873301481856102,3.7823506949933607,29.634246237547103,40.656283621516664,0.2
19,3,0,4.734176189163852,4.977597249522867,2.454725650066237,44.35314902965068,53.65411436828274,0.2
19,3,1,13.708107583390095,17.601381449372994,9.627632271184096,44.35314902965068,53.65411436828274,0.2
19,3,2,5.740867936813869,8.117605329730878,3.7027207074196578,44.35314902965068,53.65411436828274,0.2
19,3,3,4.035335080984609,6.376839280818171,2.8786991551771197,44.35314902965068,53.65411436828274,0.2
19,3,4,8.211640349561495,11.083874069430077,5.465751068436834,44.35314902965068,53.65411436828274,0.2
19,3,5,9.894279641844161,13.096873570831836,6.710088985133233,44.35314902965068,53.65411436828274,0.2
19,3,6,5.637838544974013,5.5892652516714145,2.8326777082047707,44.35314902965068,53.65411436828274,0.2
19,3,7,10.097376092823822,13.283088883528306,6.851661080699646,44.35314902965068,53.65411436828274,0.2
19,3,8,4.514009674401954,6.83091626708519,3.144635979335521,44.35314902965068,53.65411436828274,0.2
19,3,9,7.651599410790677,10.414277899694065,5.0592533946490015,44.35314902965068,53.65411436828274,0.2
19,4,0,4.965847657268213,6.713029657439704,3.0264404237505738,54.41128127349244,58.75037171736023,0.2
19,4,1,19.476455610267212,21.85066145900167,11.20113360471041,54.41128127349244,58.75037171736023,0.2
19,4,2,7.490509967972292,5.134445569537814,2.686995196761047,54.41128127349244,58.75037171736023,0.2
19,4,3,5.823535292153953,5.893424996642004,2.7241428836668997,54.41128127349244,58.75037171736023,0.2
19,4,4,11.057075619703529,12.91874534177866,6.084431085781457,54.41128127349244,58.75037171736023,0.2
19,4,5,13.574339627724175,15.610000341543483,7.5873998870798145,54.41128127349244,58.75037171736023,0.2
19,4,6,5.730435073550882,7.555634415831991,3.4981507070372935,54.41128127349244,58.75037171736023,0.2
19,4,7,13.86073638211669,15.91170904266389,7.774783375769836,54.41128127349244,58.75037171736023,0.2
19,4,8,6.36151873449616,7.92879606118465,3.490440016264133,54.41128127349244,58.75037171736023,0.2
19,4,9,10.234741147820769,12.033844837475714,5.597951136782104,54.41128127349244,58.75037171736023,0.2
19,5,0,6.122412126885982,4.439872894205387,2.265940538004791,54.30412892576357,54.82783246766567,0.2
19,5,1,22.659608852092514,21.21738295390831,10.972890266849602,54.30412892576357,54.82783246766567,0.2
19,5,2,5.435723052214305,6.0467498069683225,3.012914459786809,54.30412892576357,54.82783246766567,0.2
19,5,3,5.5108718795341245,5.584638727951676,2.6234271513812013,54.30412892576357,54.82783246766567,0.2
19,5,4,12.30864958465825,11.773233627431207,5.701547855641099,54.30412892576357,54.82783246766567,0.2
19,5,5,15.349117304818046,14.55620008824215,7.2251113842787476,54.30412892576357,54.82783246766567,0.2
19,5,6,7.076670051842067,7.146875844366192,3.364575101976169,54.30412892576357,54.82783246766567,0.2
19,5,7,15.728189344211522,14.979657470356024,7.453115219609615,54.30412892576357,54.82783246766567,0.2
19,5,8,7.061071520205432,4.949832410494055,2.509853961468152,54.30412892576357,54.82783246766567,0.2
19,5,9,11.324513001011434,10.862707646902308,5.2107793331774115,54.30412892576357,54.82783246766567,0.2
19,6,0,4.583940169385747,4.66040745021924,2.344152462381094,49.570258519624836,50.23867933815656,0.2
19,6,1,22.19787837538014,19.7944215816907,10.452417214089584,49.570258519624836,50.23867933815656,0.2
19,6,2,6.09504944525191,5.946469379136924,2.9778501042378624,49.570258519624836,50.23867933815656,0.2
19,6,3,5.307126510593407,4.101069344520459,2.113491129263776,49.570258519624836,50.23867933815656,0.2
19,6,4,11.534086532633076,10.495043294933549,5.260835286295375,49.570258519624836,50.23867933815656,0.2
19,6,5,14.616216863238622,13.184407443846041,6.741450748417676,49.570258519624836,50.23867933815656,0.2
19,6,6,6.806449994686975,3.5264083072570145,2.052020417289869,49.570258519624836,50.23867933815656,0.2
19,6,7,15.077462832414607,13.669306538049216,6.990513120479981,49.570258519624836,50.23867933815656,0.2
19,6,8,5.077370831361809,5.09865716613399,2.562442763709314,49.570258519624836,50.23867933815656,0.2
19,6,9,10.5412742737676,9.620864314199016,4.786255526986897,49.570258519624836,50.23867933815656,0.2
19,7,0,4.742160906364654,6.068346973035363,2.8199305746751953,48.834932776543845,52.40920101131739,0.2
19,7,1,21.14497460601193,21.983921939820785,11.248908569546657,48.834932776543845,52.40920101131739,0.2
19,7,2,6.024115144365106,3.912191490136591,2.221342239692731,48.834932776543845,52.40920101131739,0.2
19,7,3,4.275538886648483,5.68646444710379,2.6568196834389095,48.834932776543845,52.40920101131739,0.2
19,7,4,10.642536195855088,11.7361290125351,5.6889635713373785,48.834932776543845,52.40920101131739,0.2
19,7,5,13.637783678479765,14.672468165025112,7.265460702484705,48.834932776543845,52.40920101131739,0.2
19,7,6,4.151185197250241,6.088786682595793,3.0076021860363693,48.834932776543845,52.40920101131739,0.2
19,7,7,14.141630532724307,15.180068627028762,7.522776023042751,48.834932776543845,52.40920101131739,0.2
19,7,8,5.183756642908924,6.502715542136381,3.038095597265533,48.834932776543845,52.40920101131739,0.2
19,7,9,9.682473393771554,4.596049394553163,2.853745891829913,48.834932776543845,52.40920101131739,0.2
19,8,0,5.704647946108342,5.847930343345355,2.747835099547578,55.85241528271686,61.49832733538973,0.2
19,8,1,22.756256392807195,26.84957386136616,12.938768532518102,55.85241528271686,61.49832733538973,0.2
19,8,2,4.4937189443844465,7.065029114746065,3.3597051977283607,55.85241528271686,61.49832733538973,0.2
19,8,3,5.374678755010028,7.65950192496362,3.2727499217900213,55.85241528271686,61.49832733538973,0.2
19,8,4,11.508628845039214,14.355297369212071,6.550497355769244,55.85241528271686,61.49832733538973,0.2
19,8,5,14.697842509379573,17.919568359124842,8.356803992609363,55.85241528271686,61.49832733538973,0.2
19,8,6,6.084302850349267,8.39653461340284,3.766334759091788,55.85241528271686,61.49832733538973,0.2
19,8,7,15.218384868863986,18.432648587709853,8.61783029670509,55.85241528271686,61.49832733538973,0.2
19,8,8,6.145990246947078,5.123748799164894,2.5712635094698966,55.85241528271686,61.49832733538973,0.2
19,8,9,5.773055474040438,8.736410741152852,4.473826616392995,55.85241528271686,61.49832733538973,0.2
19,9,0,5.558800630644614,8.960331107147088,3.7043837789603757,67.58271506567094,71.62478569293116,0.2
19,9,1,26.17480018730686,32.59860318118799,14.82095059312875,67.58271506567094,71.62478569293116,0.2
19,9,2,6.796598302055073,10.299739412069993,4.374211399232327,67.58271506567094,71.62478569293116,0.2
19,9,3,6.620689986885977,7.315142468769805,3.1690449737953714,67.58271506567094,71.62478569293116,0.2
19,9,4,13.251489814028949,17.58011216319967,7.548851628497806,67.58271506567094,71.62478569293116,0.2
19,9,5,16.905602272836106,21.858477127691568,9.603838893028948,67.58271506567094,71.62478569293116,0.2
19,9,6,7.619199579154243,6.37080699117586,3.1044521769022073,67.58271506567094,71.62478569293116,0.2
19,9,7,17.43365185778429,22.365563410451447,9.867165379263257,67.58271506567094,71.62478569293116,0.2
19,9,8,5.201600787597504,8.704952804035884,3.726246665485727,67.58271506567094,71.62478569293116,0.2
19,9,9,9.050437641143262,13.12057984578615,5.947208137845901,67.58271506567094,71.62478569293116,0.2
19,10,0,7.4938743194688096,7.820849063033461,3.3679595440198566,74.57657551148478,74.3805002532257,0.2
19,10,1,29.98240670169817,34.2522129278149,15.343301183196665,74.57657551148478,74.3805002532257,0.2
19,10,2,8.848918586355115,6.813515375571599,3.2755276537676035,74.57657551148478,74.3805002532257,0.2
19,10,3,6.410897510471165,9.115449781415874,3.696724811284551,74.57657551148478,74.3805002532257,0.2
19,10,4,15.271135156562059,18.384760367819815,7.789082823056384,74.57657551148478,74.3805002532257,0.2
19,10,5,19.428322210444286,22.902314004453196,9.922622982843002,74.57657551148478,74.3805002532257,0.2
19,10,6,6.280227922560327,9.37015192747382,4.066975004897427,74.57657551148478,74.3805002532257,0.2
19,10,7,19.961025005450328,23.43444965282532,10.194944088802455,74.57657551148478,74.3805002532257,0.2
19,10,8,7.538102383745609,10.186678502190855,4.159660878402782,74.57657551148478,74.3805002532257,0.2
19,10,9,12.03105104548511,15.168794194726516,6.582816656590215,74.57657551148478,74.3805002532257,0.2
19,11,0,6.813296635000262,7.450915364809415,3.2556362403685863,70.334044015599,66.95931176517502,0.2
19,11,1,31.039108681363977,29.894856706828346,13.949360523329474,70.334044015599,66.95931176517502,0.2
19,11,2,6.626309268141715,7.822589664036772,3.6080021444169708,70.334044015599,66.95931176517502,0.2
19,11,3,7.478380422344681,6.58617488321018,2.9445282902900325,70.334044015599,66.95931176517502,0.2
19,11,4,15.757116762966534,15.636421447784613,6.9544357243009545,70.334044015599,66.95931176517502,0.2
19,11,5,20.07321432925796,19.680269588856493,8.9234473439321,70.334044015599,66.95931176517502,0.2
19,11,6,8.227387162265286,8.88348379881202,3.9179345861013206,70.334044015599,66.95931176517502,0.2
19,11,7,20.62411301156771,20.26960434880895,9.210393970232865,70.334044015599,66.95931176517502,0.2
19,11,8,8.414888330795467,5.857026211984006,2.8236386842829684,70.334044015599,66.95931176517502,0.2
19,11,9,13.316870938906199,13.504103378609095,6.068369904495113,70.334044015599,66.95931176517502,0.2
19,12,0,6.586069443937899,5.101791122139307,2.4974396628595246,60.26344616491997,57.5545204174627,0.2
19,12,1,28.219202122769286,24.82925018038184,12.249300494534202,60.26344616491997,57.5545204174627,0.2
19,12,2,7.298896720205066,7.080692372916271,3.3649174214780913,60.26344616491997,57.5545204174627,0.2
19,12,3,5.956705960889022,5.673775665503374,2.652668392290435,60.26344616491997,57.5545204174627,0.2
19,12,4,14.068646876366978,12.660588676844172,5.999063651980126,60.26344616491997,57.5545204174627,0.2
19,12,5,18.05190738379492,16.088347143958117,7.749415284823026,60.26344616491997,57.5545204174627,0.2
19,12,6,7.925882179622136,4.414385077943077,2.401364085211636,60.26344616491997,57.5545204174627,0.2
19,12,7,18.632393122369496,16.69522490904566,8.040834234475483,60.26344616491997,57.5545204174627,0.2
19,12,8,5.71214935768489,5.868225722961801,2.827417055073574,60.26344616491997,57.5545204174627,0.2
19,12,9,12.276158222757338,11.184961619678381,5.3185122857286,60.26344616491997,57.5545204174627,0.2
19,13,0,5.052257020512675,5.62420858893323,2.673819748078368,54.46630072101134,55.84643320327166,0.2
19,13,1,24.780023854118152,23.806216926490958,11.893783701396684,54.46630072101134,55.84643320327166,0.2
19,13,2,6.80714249834685,4.320815998213813,2.381318263104914,54.46630072101134,55.84643320327166,0.2
19,13,3,5.3662807984303456,4.969205005199794,2.417537893896448,54.46630072101134,55.84643320327166,0.2
19,13,4,12.135953433812269,12.075085012236551,5.803485159936156,54.46630072101134,55.84643320327166,0.2
19,13,5,15.676870340397723,15.366977606107909,7.504518902401082,54.46630072101134,55.84643320327166,0.2
19,13,6,4.857898566576863,5.842509348334122,2.9219208783689945,54.46630072101134,55.84643320327166,0.2
19,13,7,16.26640347554713,15.959312863856203,7.791058212391426,54.46630072101134,55.84643320327166,0.2
19,13,8,5.719792905850166,6.21474341026741,2.943278429287964,54.46630072101134,55.84643320327166,0.2
19,13,9,10.759215301117223,10.82207818898446,5.197128861989259,54.46630072101134,55.84643320327166,0.2
19,14,0,5.409069454093237,8.030840403007817,3.431008782293077,58.192916238907216,62.2872724063351,0.2
19,14,1,24.060822409234152,28.000542135546723,13.324572175084473,58.192916238907216,62.2872724063351,0.2
19,14,2,4.817346377478258,7.980483673415582,3.658826800100912,58.192916238907216,62.2872724063351,0.2
19,14,3,4.890617770844927,7.610327799204633,3.25802794356056,58.192916238907216,62.2872724063351,0.2
19,14,4,11.740303110729364,5.249291490035684,3.2391885084587786,58.192916238907216,62.2872724063351,0.2
19,14,5,15.18145117740871,18.473368851391722,8.536762638274887,58.192916238907216,62.2872724063351,0.2
19,14,6,5.9109717406424735,8.686990765645762,3.8570690377579737,58.192916238907216,62.2872724063351,0.2
19,14,7,15.761112925430288,19.0463521647803,8.817689144469648,58.192916238907216,62.2872724063351,0.2
19,14,8,5.954177523819542,6.624392336568455,3.077778333781972,58.192916238907216,62.2872724063351,0.2
19,14,9,10.513659717180202,13.440246387498648,6.048268733677481,58.192916238907216,62.2872724063351,0.2
19,15,0,6.940843643018518,8.474531385740438,3.5626250541646303,68.45749542752365,73.0853685211607,0.2
19,15,1,26.955271159511867,33.409941092910245,15.078209128457175,68.45749542752365,73.0853685211607,0.2
19,15,2,7.401713708063874,10.830894643684726,4.530920416179132,68.45749542752365,73.0853685211607,0.2
19,15,3,6.590907798762774,7.627563255910037,3.2631912138677963,68.45749542752365,73.0853685211607,0.2
19,15,4,6.552796099941395,10.932487610512629,5.413386505991294,68.45749542752365,73.0853685211607,0.2
19,15,5,17.26965404332996,22.203355152074007,9.70965857677663,68.45749542752365,73.0853685211607,0.2
19,15,6,7.802752720881605,11.12121623844476,4.585170188601308,68.45749542752365,73.0853685211607,0.2
19,15,7,17.83796123179893,22.752812049538385,9.986448639181567,68.45749542752365,73.0853685211607,0.2
19,15,8,6.226267415256634,9.57390281930457,3.9828817831181857,68.45749542752365,73.0853685211607,0.2
19,15,9,12.235494064622031,16.32780968792473,6.930994733920889,68.45749542752365,73.0853685211607,0.2
19,16,0,7.20710001888443,10.515057089349758,4.143403966826059,77.83802116543197,77.98655726925506,0.2
19,16,1,30.50283418610501,36.30581251667988,15.981593427625455,77.83802116543197,77.98655726925506,0.2
19,16,2,9.16593694832852,12.548597733336395,5.022709267462045,77.83802116543197,77.98655726925506,0.2
19,16,3,6.601352963483459,10.0041890487892,3.945479338102495,77.83802116543197,77.98655726925506,0.2
19,16,4,10.95114343956884,15.296927002004153,6.8483930253126815,77.83802116543197,77.98655726925506,0.2
19,16,5,19.642392743588022,24.247330063028702,10.32703578569958,77.83802116543197,77.98655726925506,0.2
19,16,6,9.27568286037483,8.708106687677061,3.86362955272598,77.83802116543197,77.98655726925506,0.2
19,16,7,20.20233201130684,24.796079341394925,10.60607342408948,77.83802116543197,77.98655726925506,0.2
19,16,8,8.057268709983944,7.70371634207872,3.4207812582374513,77.83802116543197,77.98655726925506,0.2
19,16,9,14.021226348064863,17.93477486120208,7.4017288014490665,77.83802116543197,77.98655726925506,0.2
19,17,0,8.382001011487297,6.46750321112852,2.9485248351311872,75.74129841994419,71.85848946958347,0.2
19,17,1,32.330357683696946,32.66541829198063,14.842208298206193,75.74129841994419,71.85848946958347,0.2
19,17,2,10.160813306486093,11.033833201672584,4.590181858886631,75.74129841994419,71.85848946958347,0.2
19,17,3,7.98160451347699,7.227826765719377,3.1425186579549163,75.74129841994419,71.85848946958347,0.2
19,17,4,13.854125189054548,15.079927919538434,6.780242489442262,75.74129841994419,71.85848946958347,0.2
19,17,5,20.8913311601879,21.56655929735646,9.513877159725073,75.74129841994419,71.85848946958347,0.2
19,17,6,7.816024476070813,9.284032746199292,4.040773664360164,75.74129841994419,71.85848946958347,0.2
19,17,7,21.45581721705162,22.163154286199685,9.804571456678703,75.74129841994419,71.85848946958347,0.2
19,17,8,6.92015362156137,8.392069675727981,3.631980118262168,75.74129841994419,71.85848946958347,0.2
19,17,9,14.97350941333045,15.770179200198427,6.764437023920412,75.74129841994419,71.85848946958347,0.2
19,18,0,5.964790869618469,6.855160652662427,3.0711531847880362,64.95003231495237,60.31205991503418,0.2
19,18,1,30.025410499273217,27.445167538353182,13.139017344915471,64.95003231495237,60.31205991503418,0.2
19,18,2,9.285821342100764,5.746576753423943,2.9074205134336584,64.95003231495237,60.31205991503418,0.2
19,18,3,6.35723544710831,6.843413068195185,3.0245681793399672,64.95003231495237,60.31205991503418,0.2
19,18,4,13.71625838553434,13.467775528520797,6.264304337794433,64.95003231495237,60.31205991503418,0.2
19,18,5,19.246331908367644,18.05336086450101,8.400431199515529,64.95003231495237,60.31205991503418,0.2
19,18,6,8.174382515688697,8.634769509292887,3.8408238077532864,64.95003231495237,60.31205991503418,0.2
19,18,7,19.83439908950842,18.68337366502143,8.699719036948853,64.95003231495237,60.31205991503418,0.2
19,18,8,7.347403552421529,7.785175815530416,3.4460613366718356,64.95003231495237,60.31205991503418,0.2
19,18,9,13.684284330131614,4.585142493313829,2.849003638414366,64.95003231495237,60.31205991503418,0.2
19,19,0,6.212864907074223,6.135902966535783,2.8418691082037086,55.7827011327622,56.231960648410734,0.2
19,19,1,26.579898449871312,24.434835747469425,12.112766975529237,55.7827011327622,56.231960648410734,0.2
19,19,2,5.881637870585863,6.293679556981754,3.098522406504284,55.7827011327622,56.231960648410734,0.2
19,19,3,6.118624623985203,5.491444451582643,2.5927047707436515,55.7827011327622,56.231960648410734,0.2
19,19,4,12.672528605961405,12.03105595440259,5.788664281064621,55.7827011327622,56.231960648410734,0.2
19,19,5,16.99385900458219,15.843599740250559,7.666702983185147,55.7827011327622,56.231960648410734,0.2
19,19,6,7.769889033097032,7.611724470365609,3.5163087549866576,55.7827011327622,56.231960648410734,0.2
19,19,7,17.59931069989773,16.458481371074114,7.960848322057468,55.7827011327622,56.231960648410734,0.2
19,19,8,6.971294578297434,4.927631568794405,2.5019686638285012,55.7827011327622,56.231960648410734,0.2
19,19,9,5.763462015800765,6.901140912406816,3.7930681411808034,55.7827011327622,56.231960648410734,0.2
19,20,0,5.749029042351635,5.956329523170548,2.7833911013912376,57.0747495839968,56.231960648410734,0.2
19,20,1,24.50382001216494,25.127366969856386,12.352067414023667,57.0747495839968,56.231960648410734,0.2
19,20,2,6.268232147619909,6.468715993028037,3.158595853574758,57.0747495839968,56.231960648410734,0.2
19,20,3,5.244975914696646,5.446842895180171,2.577946170344103,57.0747495839968,56.231960648410734,0.2
19,20,4,11.71032084911863,12.042382781861962,5.792478623073755,57.0747495839968,56.231960648410734,0.2
19,20,5,15.509545454496669,15.93123055434995,7.696361543304529,57.0747495839968,56.231960648410734,0.2
19,20,6,7.113403321756561,7.333076431444544,3.4256990607611684,57.0747495839968,56.231960648410734,0.2
19,20,7,16.104594005806696,16.52675280494473,7.983949643843104,57.0747495839968,56.231960648410734,0.2
19,20,8,5.061419074468054,5.233767932998236,2.609787995928736,57.0747495839968,56.231960648410734,0.2
19,20,9,7.673280532279905,7.895365347513635,4.167797212971576,57.0747495839968,56.231960648410734,0.2
20,0,0,2.0,2.0,1.3144352973346811,17.723329568948994,17.723329568948994,0.0
20,0,1,2.0,2.0,1.6692043868123196,17.723329568948994,17.723329568948994,0.0
20,0,2,2.0,2.0,1.3295721842659372,17.723329568948994,17.723329568948994,0.0
20,0,3,2.0,2.0,1.4560836408633424,17.723329568948994,17.723329568948994,0.0
20,0,4,2.0,2.0,1.5284034995235996,17.723329568948994,17.723329568948994,0.0
20,0,5,2.0,2.0,1.5214233504051764,17.723329568948994,17.723329568948994,0.0
20,0,6,2.0,2.0,1.4560537721111744,17.723329568948994,17.723329568948994,0.0
20,0,7,2.0,2.0,1.3044219803112762,17.723329568948994,17.723329568948994,0.0
20,0,8,2.0,2.0,1.624875641228953,17.723329568948994,17.723329568948994,0.0
20,0,9,2.0,2.0,1.464029239199906,17.723329568948994,17.723329568948994,0.0
20,1,0,2.659069229070037,2.6388125429997147,1.5958945580771056,17.723329568948994,26.23208894748048,0.0
20,1,1,3.376758088436529,4.107974286884617,2.7626630683547777,17.723329568948994,26.23208894748048,0.0
20,1,2,2.689690766961199,3.2085139280473522,1.8509883016566886,17.723329568948994,26.23208894748048,0.0
20,1,3,2.9456202311540154,3.5435588363186397,2.1730668127505983,17.723329568948994,26.23208894748048,0.0
20,1,4,3.0919214688065066,3.735086157738435,2.3666141856390333,17.723329568948994,26.23208894748048,0.0
20,1,5,3.0778008043867704,3.7166003740473657,2.3476383039688695,17.723329568948994,26.23208894748048,0.0
20,1,6,2.9455598074268363,3.543479733812038,2.172988280646135,17.723329568948994,26.23208894748048,0.0
20,1,7,2.6388125429997147,2.9024299956429105,1.6928962343110265,17.723329568948994,26.23208894748048,0.0
20,1,8,3.2870821617606256,3.990576851923263,2.6352638620885656,17.723329568948994,26.23208894748048,0.0
20,1,9,2.9616939748264106,3.5646014544137414,2.1939990714164974,17.723329568948994,26.23208894748048,0.0
20,2,0,3.2284541664606974,4.80994082779192,2.429495111720813,28.439443119500957,37.9721304956632,0.2
20,2,1,5.588797235015164,7.589566108276942,4.245612802108068,28.439443119500957,37.9721304956632,0.2
20,2,2,3.744502332130155,4.293166048909517,2.2695267404419672,28.439443119500957,37.9721304956632,0.2
20,2,3,4.396058981537787,6.134630865287517,3.190929656683791,28.439443119500957,37.9721304956632,0.2
20,2,4,4.787600402145225,6.550254710557059,3.5066930944742656,28.439443119500957,37.9721304956632,0.2
20,2,5,4.749212675380795,6.522351460794129,3.4802626327996538,28.439443119500957,37.9721304956632,0.2
20,2,6,4.395900113084622,6.187968695394399,3.2102591492576886,28.439443119500957,37.9721304956632,0.2
20,2,7,3.4246860943196444,3.8477332129922783,2.062246512487031,28.439443119500957,37.9721304956632,0.2
20,2,8,5.331071875784968,7.2375000547539114,3.997708625318485,28.439443119500957,37.9721304956632,0.2
20,2,9,4.438404409286335,6.157132824191525,3.2165752740888247,28.439443119500957,37.9721304956632,0.2
20,3,0,4.914806918874145,5.891856373738332,2.8002365635438493,41.424926550742754,49.012868902170396,0.2
20,3,1,8.588766889875206,11.775966903938423,5.7741242361788405,41.424926550742754,49.012868902170396,0.2
20,3,2,4.591194965851765,7.072810977123881,3.218884250071206,41.424926550742754,49.012868902170396,0.2
20,3,3,6.4551696682369775,5.037267558004579,2.7797250393272135,41.424926550742754,49.012868902170396,0.2
20,3,4,7.093951084710331,9.877765791898835,4.674962522335586,41.424926550742754,49.012868902170396,0.2
20,3,5,7.040482931890953,9.840882837376288,4.641441951840009,41.424926550742754,49.012868902170396,0.2
20,3,6,6.494272740880425,9.320700454617247,4.276322030401841,41.424926550742754,49.012868902170396,0.2
20,3,7,4.171872328163,6.671586026214374,3.0314993162693082,41.424926550742754,49.012868902170396,0.2
20,3,8,8.087263035257342,11.11381237251586,5.3976320213430204,41.424926550742754,49.012868902170396,0.2
20,3,9,6.507050101028539,9.214863978448872,4.26551038566055,41.424926550742754,49.012868902170396,0.2
20,4,0,5.664807461679393,7.336710685825084,3.264894794608285,49.70453854762154,53.30375508158513,0.2
20,4,1,11.68090670752986,13.57436818110905,6.378113709150881,49.70453854762154,53.30375508158513,0.2
20,4,2,6.5117211008090985,5.788526620301642,2.7976188670742315,49.70453854762154,53.30375508158513,0.2
20,4,3,5.623313169038,7.777729426578231,3.767578476108102,49.70453854762154,53.30375508158513,0.2
20,4,4,9.45733047142374,11.176227773657386,5.097106376265859,49.70453854762154,53.30375508158513,0.2
20,4,5,9.389519208498587,11.10278235681161,5.050464922050889,49.70453854762154,53.30375508158513,0.2
20,4,6,8.650890878914483,10.298824398663527,4.585722539473693,49.70453854762154,53.30375508158513,0.2
20,4,7,6.132646137990991,6.514378902613731,2.981317449917891,49.70453854762154,53.30375508158513,0.2
20,4,8,10.919272517178802,12.754553862214422,5.9438086777333154,49.70453854762154,53.30375508158513,0.2
20,4,9,8.629019196142801,10.275978772345479,4.603678558401694,49.70453854762154,53.30375508158513,0.2
20,5,0,6.604799264062465,5.568437456435296,2.6917303930642675,49.26971359608248,48.79891994382885,0.2
20,5,1,12.902762074255646,12.634810621081492,6.065779740070428,49.26971359608248,48.79891994382885,0.2
20,5,2,5.6595119281924875,6.389796724408464,2.9980015526855346,49.26971359608248,48.79891994382885,0.2
20,5,3,7.621715587096556,8.09457895648395,3.8743719353663684,49.26971359608248,48.79891994382885,0.2
20,5,4,10.311316768431412,10.335573074550812,4.825598887726424,49.26971359608248,48.79891994382885,0.2
20,5,5,10.216962290920355,10.208432489955642,4.762120967741418,49.26971359608248,48.79891994382885,0.2
20,5,6,9.276800252163827,4.730961413088747,2.6602411122724026,49.26971359608248,48.79891994382885,0.2
20,5,7,6.03112949662954,6.465260481929168,2.9655642000790547,49.26971359608248,48.79891994382885,0.2
20,5,8,12.024174023999798,11.895599363052446,5.6606924696725525,49.26971359608248,48.79891994382885,0.2
20,5,9,9.313124822498224,9.323752242924895,4.300730815158722,49.26971359608248,48.79891994382885,0.2
20,6,0,5.445302234094943,5.60022602925897,2.7024776133817476,44.11947305268079,44.51595463064476,0.2
20,6,1,12.270918385898213,11.386411074140442,5.639743099719736,44.11947305268079,44.51595463064476,0.2
20,6,2,6.064881012869283,6.078624497126488,2.8950405087339632,44.11947305268079,44.51595463064476,0.2
20,6,3,7.837756043371138,7.604208313121394,3.708541382653941,44.11947305268079,44.51595463064476,0.2
20,6,4,9.762064013502181,9.280085184939797,4.475106758892871,44.11947305268079,44.51595463064476,0.2
20,6,5,9.63364979326649,9.128373642130237,4.4035655576969805,44.11947305268079,44.51595463064476,0.2
20,6,6,5.381600218659888,6.022943077337979,3.1500869961768605,44.11947305268079,44.51595463064476,0.2
20,6,7,5.999261072227637,4.993095018793712,2.4748905244925985,44.11947305268079,44.51595463064476,0.2
20,6,8,11.45143712425898,10.739890568409349,5.269859426421386,44.11947305268079,44.51595463064476,0.2
20,6,9,8.700269230665706,4.246086318301795,2.4798243864552307,44.11947305268079,44.51595463064476,0.2
20,7,0,5.4670435878931825,4.687505682744528,2.3860386873362307,43.27210986655251,46.79235520867377,0.2
20,7,1,11.409057080811504,12.015760476516359,5.856179826181299,43.27210986655251,46.79235520867377,0.2
20,7,2,5.856593435443673,5.25235812019409,2.6135989960718877,43.27210986655251,46.79235520867377,0.2
20,7,3,7.502285046166917,8.235259761773186,3.92138458584255,43.27210986655251,46.79235520867377,0.2
20,7,4,9.053027336913868,9.725779944421042,4.624493078095145,43.27210986655251,46.79235520867377,0.2
20,7,5,8.908301303539355,9.577062312785648,4.5539860889973385,43.27210986655251,46.79235520867377,0.2
20,7,6,6.372546003148592,7.319204334159888,3.6106145426503544,43.27210986655251,46.79235520867377,0.2
20,7,7,5.006640686186355,5.889654083725981,2.778177329647786,43.27210986655251,46.79235520867377,0.2
20,7,8,10.660791802180139,11.297722828804353,5.46000162879984,43.27210986655251,46.79235520867377,0.2
20,7,9,5.016621763651269,6.380360889356575,3.2977704671289554,43.27210986655251,46.79235520867377,0.2
20,8,0,4.826895675832542,8.21819359247038,3.534774174056561,49.86655023813257,54.76044538579148,0.2
20,8,1,11.84690308246833,15.71036786560696,7.065110659272181,49.86655023813257,54.76044538579148,0.2
20,8,2,5.2872444019688825,8.573189302874379,3.6829058202120217,49.86655023813257,54.76044538579148,0.2
20,8,3,7.932861441492845,11.321160905477518,4.899920115788764,49.86655023813257,54.76044538579148,0.2
20,8,4,9.355232067295251,6.730805755761813,3.5740775096204938,49.86655023813257,54.76044538579148,0.2
20,8,5,9.212598218733426,5.549793701232259,3.108299569136384,49.86655023813257,54.76044538579148,0.2
20,8,6,7.304181535494608,10.855539942630323,4.757868312957279,49.86655023813257,54.76044538579148,0.2
20,8,7,5.620182191657489,8.753922206358066,3.6663927828713083,49.86655023813257,54.76044538579148,0.2
20,8,8,11.045444649313335,14.732332999476839,6.574900727626341,49.86655023813257,54.76044538579148,0.2
20,8,9,6.671305914760266,10.248161381967344,4.594951402429061,49.86655023813257,54.76044538579148,0.2
20,9,0,7.150758395642834,10.619632501213202,4.2295567608022875,60.178215208911695,64.05321509715193,0.2
20,9,1,14.292539459446617,18.94364986677842,8.054026998643314,60.178215208911695,64.05321509715193,0.2
20,9,2,7.45042495431041,7.4861787474793475,3.3494466023636207,60.178215208911695,64.05321509715193,0.2
20,9,3,9.91241397063434,13.79488792442467,5.626885127212511,60.178215208911695,64.05321509715193,0.2
20,9,4,7.230268045459593,11.306321704150404,5.138566288471846,60.178215208911695,64.05321509715193,0.2
20,9,5,6.2880110993532865,10.50578393328035,4.8587998085747435,60.178215208911695,64.05321509715193,0.2
20,9,6,9.625046780625786,13.63942029614515,5.5823049241971345,60.178215208911695,64.05321509715193,0.2
20,9,7,7.417019499085484,8.39908859609014,3.5617187701069684,60.178215208911695,64.05321509715193,0.2
20,9,8,13.30085721562136,17.67122659937432,7.467682041672862,60.178215208911695,64.05321509715193,0.2
20,9,9,9.295470007574142,13.117832116540987,5.461754829527862,60.178215208911695,64.05321509715193,0.2
20,10,0,8.556285926024454,8.620234757393648,3.6549511876473746,66.69296649522221,66.0736383611633,0.2
20,10,1,16.29309210245497,20.010186613335584,8.368821746976648,66.69296649522221,66.0736383611633,0.2
20,10,2,6.775845424128579,10.163088790187654,4.148670351357833,66.69296649522221,66.0736383611633,0.2
20,10,3,11.383045728931714,7.381227537559376,3.632079458458918,66.69296649522221,66.0736383611633,0.2
20,10,4,10.395189118033125,14.04433670923821,5.980918570003289,66.69296649522221,66.0736383611633,0.2
20,10,5,9.82922863330779,13.568860437082884,5.8117837099597445,66.69296649522221,66.0736383611633,0.2
20,10,6,11.292861110256109,14.570572219647623,5.846420416702469,66.69296649522221,66.0736383611633,0.2
20,10,7,7.205266629249039,10.352018574707643,4.123012402084436,66.69296649522221,66.0736383611633,0.2
20,10,8,15.106931143553439,18.666059294560867,7.759540066123842,66.69296649522221,66.0736383611633,0.2
20,10,9,11.048991329867123,14.295251485297761,5.80046770902038,66.69296649522221,66.0736383611633,0.2
20,11,0,7.393873442483742,8.50218522902295,3.619841957287924,62.479092946989056,58.96680602234918,0.2
20,11,1,16.929913884754445,17.167780528166503,7.51775948583614,62.479092946989056,58.96680602234918,0.2
20,11,2,8.392654773665841,9.255838252434037,3.8858135058948515,62.479092946989056,58.96680602234918,0.2
20,11,3,7.34760451511701,9.339379749258015,4.2824070946869135,62.479092946989056,58.96680602234918,0.2
20,11,4,12.099246393730953,12.939703790534132,5.647601706586804,62.479092946989056,58.96680602234918,0.2
20,11,5,11.757090866702114,12.628736726825682,5.52689249539178,62.479092946989056,58.96680602234918,0.2
20,11,6,11.827160044913214,6.476934577887794,3.3144774913874793,62.479092946989056,58.96680602234918,0.2
20,11,7,8.340749393817726,7.523291825892135,3.297483621942775,62.479092946989056,58.96680602234918,0.2
20,11,8,15.697352515870836,16.070937830942356,6.987599191880048,62.479092946989056,58.96680602234918,0.2
20,11,9,11.73419888414884,12.287249987184577,5.217314771341799,62.479092946989056,58.96680602234918,0.2
20,12,0,7.3228483609947945,7.183762405660417,3.217100203019784,53.07018316895676,50.51016345951893,0.2
20,12,1,15.208236541479875,13.96124288775939,6.504821422507373,53.07018316895676,50.51016345951893,0.2
20,12,2,7.860902050014611,6.034149648662035,2.8801968919308534,53.07018316895676,50.51016345951893,0.2
20,12,3,8.663200809445227,8.658232221589694,4.0613066896611745,53.07018316895676,50.51016345951893,0.2
20,12,4,11.424954842950083,10.90835918891269,5.011279517628738,53.07018316895676,50.51016345951893,0.2
20,12,5,11.180763173869945,10.66705115493184,4.910889304686983,53.07018316895676,50.51016345951893,0.2
20,12,6,6.705103800594015,7.441660418423226,3.6527950914707246,53.07018316895676,50.51016345951893,0.2
20,12,7,6.670725634232478,6.777363332796705,3.0650647213826994,53.07018316895676,50.51016345951893,0.2
20,12,8,14.135735729159995,13.126754374377803,6.0646994376066035,53.07018316895676,50.51016345951893,0.2
20,12,9,10.554495299219862,5.14896498032588,2.838132782311724,53.07018316895676,50.51016345951893,0.2
20,13,0,6.508112018926356,5.701652717470724,2.736646795247196,47.79992487990362,49.21513950474045,0.2
20,13,1,13.15908856088855,13.067553420207933,6.210470730990969,47.79992487990362,49.21513950474045,0.2
20,13,2,5.826565175574746,6.448945953493997,3.017401069005244,47.79992487990362,49.21513950474045,0.2
20,13,3,8.215920304477802,8.556462684534576,4.027831630685023,47.79992487990362,49.21513950474045,0.2
20,13,4,10.137691212808798,10.328435811802398,4.823266013207345,47.79992487990362,49.21513950474045,0.2
20,13,5,9.93460436123497,10.125276506021775,4.734933728007722,47.79992487990362,49.21513950474045,0.2
20,13,6,7.389511714668101,7.891515836900877,3.8059994351942503,47.79992487990362,49.21513950474045,0.2
20,13,7,6.200548100209496,5.122514140023794,2.5196216272892067,47.79992487990362,49.21513950474045,0.2
20,13,8,12.268732961446002,12.274385414615187,5.78627353668092,47.79992487990362,49.21513950474045,0.2
20,13,9,5.741470549948625,6.85192569775547,3.4665510870421827,47.79992487990362,49.21513950474045,0.2
20,14,0,5.5361669751494045,8.540190059745628,3.63116088171237,51.28299743801211,55.034736602275856,0.2
20,14,1,12.56362458639406,15.948885887255292,7.140025551283362,51.28299743801211,55.034736602275856,0.2
20,14,2,6.104125741772395,8.993259881767479,3.808315534514846,51.28299743801211,55.034736602275856,0.2
20,14,3,8.148201110200777,11.214947092641786,4.867695309444194,51.28299743801211,55.034736602275856,0.2
20,14,4,9.757344667588736,6.781025009875328,3.5927232852535957,51.28299743801211,55.034736602275856,0.2
20,14,5,9.578650697650444,5.58569884587551,3.1223626431932368,51.28299743801211,55.034736602275856,0.2
20,14,6,7.699440211704931,10.900702987624554,4.771715820892162,51.28299743801211,55.034736602275856,0.2
20,14,7,5.097130571287594,8.186333643975711,3.498321506445909,51.28299743801211,55.034736602275856,0.2
20,14,8,11.705484433938542,14.957691462668032,6.645142991796433,51.28299743801211,55.034736602275856,0.2
20,14,9,7.012744823000689,10.321617358520184,4.617981427083635,51.28299743801211,55.034736602275856,0.2
20,15,0,7.345746257684151,7.521568518460063,3.322263747989296,60.486518091970275,64.27949451685663,0.2
20,15,1,14.444090383672382,19.141932885112702,8.11294576758262,60.486518091970275,64.27949451685663,0.2
20,15,2,7.704125621817816,8.447269761411318,3.64495673946736,60.486518091970275,64.27949451685663,0.2
20,15,3,9.847224005683353,13.763166763387213,5.617824736856193,60.486518091970275,64.27949451685663,0.2
20,15,4,7.267987976093425,11.389138480393253,5.164884784270475,60.486518091970275,64.27949451685663,0.2
20,15,5,6.316460341066848,10.583537324979218,4.88394396470207,60.486518091970275,64.27949451685663,0.2
20,15,6,9.653059937548468,13.704495819968676,5.600935362578396,60.486518091970275,64.27949451685663,0.2
20,15,7,7.0770155747085886,10.537769171152211,4.174660744845154,60.486518091970275,64.27949451685663,0.2
20,15,8,13.442955532376576,17.856746150757388,7.522475094356969,60.486518091970275,64.27949451685663,0.2
20,15,9,9.342059162649235,13.201299675436402,5.48605852533007,60.486518091970275,64.27949451685663,0.2
20,16,0,6.72085519998318,10.569485002046129,4.215566016099206,68.45951188243242,68.28938250514086,0.2
20,16,1,16.412283275895668,20.96069444420034,8.645149091623653,68.45951188243242,68.28938250514086,0.2
20,16,2,7.373654927604462,11.094955661818751,4.411424222341768,68.45951188243242,68.28938250514086,0.2
20,16,3,11.364716789311254,7.71713835395864,3.747008912678188,68.45951188243242,68.28938250514086,0.2
20,16,4,10.448430766728539,14.663845536264812,6.16439614999798,68.45951188243242,68.28938250514086,0.2
20,16,5,9.88009462266815,14.177612687028098,5.993096296237793,68.45951188243242,68.28938250514086,0.2
20,16,6,11.330550014018927,15.31064976896206,6.052739072287139,68.45951188243242,68.28938250514086,0.2
20,16,7,8.445232679716975,9.009693784730167,3.7410553423368786,68.45951188243242,68.28938250514086,0.2
20,16,8,15.217776097774129,19.534689651821175,8.010575026736033,68.45951188243242,68.28938250514086,0.2
20,16,9,11.098157089331563,14.970730568266154,5.99099351507138,68.45951188243242,68.28938250514086,0.2
20,17,0,8.527983004756916,10.01963093899502,4.060826397571715,66.32330853351694,62.80345572330323,0.2
20,17,1,17.488917086198747,18.79144206618627,8.008673655571874,66.32330853351694,62.80345572330323,0.2
20,17,2,8.924199182560793,7.071000026850382,3.218307304883989,66.32330853351694,62.80345572330323,0.2
20,17,3,7.58010388260049,10.382563886721274,4.611885899802898,66.32330853351694,62.80345572330323,0.2
20,17,4,12.470416879016465,14.165651059330534,6.017035921335615,66.32330853351694,62.80345572330323,0.2
20,17,5,12.123881624674514,13.851882564091696,5.896376967962379,66.32330853351694,62.80345572330323,0.2
20,17,6,12.244537446114123,7.980197026349969,3.8358882508823022,66.32330853351694,62.80345572330323,0.2
20,17,7,7.568059960978953,9.346747088779745,3.8384815310564573,66.32330853351694,62.80345572330323,0.2
20,17,8,16.205189866661886,17.566166779229963,7.436576201128138,66.32330853351694,62.80345572330323,0.2
20,17,9,12.119627751770755,13.50224962273814,5.573308026491926,66.32330853351694,62.80345572330323,0.2
20,18,0,8.214948685776875,5.789673997131424,2.7661523332102873,56.765547241927976,52.894250045873974,0.2
20,18,1,16.201343441078283,14.650125806287697,6.727868097387434,56.765547241927976,52.894250045873974,0.2
20,18,2,6.510553955345721,6.762324220531248,3.1193069743047577,56.765547241927976,52.894250045873974,0.2
20,18,3,9.329728065743948,8.995678085587736,4.171469375127713,56.765547241927976,52.894250045873974,0.2
20,18,4,12.172310878348826,11.370067042950792,5.15882913960828,56.765547241927976,52.894250045873974,0.2
20,18,5,11.928220879565968,11.123453705711634,5.057045214326765,56.765547241927976,52.894250045873974,0.2
20,18,6,7.7599045268755615,7.910685300468385,3.8124687484555255,56.765547241927976,52.894250045873974,0.2
20,18,7,7.765150666816747,5.153600574113042,2.5303152937078384,56.765547241927976,52.894250045873974,0.2
20,18,8,15.044004818001657,13.74334412163016,6.262731977941954,56.765547241927976,52.894250045873974,0.2
20,18,9,11.274660614656575,10.400891301656097,4.64278041558118,56.765547241927976,52.894250045873974,0.2
20,19,0,5.595855929215005,6.696505914425504,3.062753153617447,48.92195932467362,48.31208806533243,0.2
20,19,1,13.610306320349663,13.599750339881544,6.386459692244273,48.92195932467362,48.31208806533243,0.2
20,19,2,6.310278800498013,7.207873387445493,3.26178948431425,48.92195932467362,48.31208806533243,0.2
20,19,3,8.438776619817002,9.073724021094767,4.196770512633216,48.92195932467362,48.31208806533243,0.2
20,19,4,10.436180351347822,4.241812926640285,2.5870396462974936,48.92195932467362,48.31208806533243,0.2
20,19,5,10.230274055101178,10.638818546133162,4.901787292783221,48.92195932467362,48.31208806533243,0.2
20,19,6,7.7125274681573055,8.540883309415314,4.022614073034239,48.92195932467362,48.31208806533243,0.2
20,19,7,5.118763586908358,6.414931773643565,2.949385498605925,48.92195932467362,48.31208806533243,0.2
20,19,8,12.669347761906753,12.803599210332887,5.959798559601925,48.92195932467362,48.31208806533243,0.2
20,19,9,9.392226886659385,5.240311792426043,2.873285246563472,48.92195932467362,48.31208806533243,0.2
20,20,0,6.195871857318001,6.407557128463213,2.96963420486488,49.03617616055471,48.31208806533243,0.2
20,20,1,12.91964578612414,13.287663333739028,6.283513487382885,49.03617616055471,48.31208806533243,0.2
20,20,2,6.598517300190735,6.812917881742529,3.1356250967573476,49.03617616055471,48.31208806533243,0.2
20,20,3,8.489960178519187,8.754874716816705,4.092986202046797,49.03617616055471,48.31208806533243,0.2
20,20,4,5.233515511796499,5.381084702093354,3.0558068928629454,49.03617616055471,48.31208806533243,0.2
20,20,5,9.916191222280926,10.202431802333887,4.7601613167918115,49.03617616055471,48.31208806533243,0.2
20,20,6,8.137646123562611,8.40601435801457,3.978043300439659,49.03617616055471,48.31208806533243,0.2
20,20,7,5.9665319699730475,6.17053428539225,2.870271972048169,49.03617616055471,48.31208806533243,0.2
20,20,8,12.056521148989138,12.39266158948641,5.82524699468544,49.03617616055471,48.31208806533243,0.2
20,20,9,5.8125830925038535,5.987613275790165,3.15432452994861,49.03617616055471,48.31208806533243,0.2
21,0,0,2.0,2.0,1.3037588002071294,17.212165020489707,17.212165020489707,0.0
21,0,1,2.0,2.0,1.2731325652616943,17.212165020489707,17.212165020489707,0.0
21,0,2,2.0,2.0,1.373701754373094,17.212165020489707,17.212165020489707,0.0
21,0,3,2.0,2.0,1.4557223214323851,17.212165020489707,17.212165020489707,0.0
21,0,4,2.0,2.0,1.3567999065383807,17.212165020489707,17.212165020489707,0.0
21,0,5,2.0,2.0,2.0782285447959574,17.212165020489707,17.212165020489707,0.0
21,0,6,2.0,2.0,1.7485439014740933,17.212165020489707,17.212165020489707,0.0
21,0,7,2.0,2.0,1.3587300767485375,17.212165020489707,17.212165020489707,0.0
21,0,8,2.0,2.0,1.4364047305540306,17.212165020489707,17.212165020489707,0.0
21,0,9,2.0,2.0,1.3261664659640184,17.212165020489707,17.212165020489707,0.0
21,1,0,2.6374709464891493,2.5755148508861114,1.556256207833789,17.212165020489707,25.39942499775623,0.0
21,1,1,2.5755148508861105,2.824545008823582,1.6211252855696954,17.212165020489707,25.39942499775623,0.0
21,1,2,2.778963766706391,3.3121458501788847,1.9554561104061496,17.212165020489707,25.39942499775623,0.0
21,1,3,2.9448892911201683,3.528121255972621,2.1658979801771743,17.212165020489707,25.39942499775623,0.0
21,1,4,2.744771757725163,3.2676401417249656,1.9131929146376485,17.212165020489707,25.39942499775623,0.0
21,1,5,4.204203573692425,5.1672959047272915,4.038839928765006,17.212165020489707,25.39942499775623,0.0
21,1,6,3.5372599119300565,4.299174929973116,2.9876183996933396,17.212165020489707,25.39942499775623,0.0
21,1,7,2.7486764430475237,3.272722638827044,1.9180001311642711,17.212165020489707,25.39942499775623,0.0
21,1,8,2.905810295304586,3.4772544468478555,2.11554057647463,17.212165020489707,25.39942499775623,0.0
21,1,9,2.6828010853177777,3.1869765960300986,1.8375630817487518,17.212165020489707,25.39942499775623,0.0
21,2,0,3.148266790454568,4.7041314678400505,2.372530866772316,27.536712914397864,36.9162436071675,0.2
21,2,1,3.2794952874946786,3.7656260635307404,1.9826162614381775,27.536712914397864,36.9162436071675,0.2
21,2,2,3.955838056480637,5.537584437079011,2.8021779343215587,27.536712914397864,36.9162436071675,0.2
21,2,3,4.38155661527982,6.202758595983203,3.2148962335499753,27.536712914397864,36.9162436071675,0.2
21,2,4,3.8703406846297277,5.392675508751207,2.7168008844490217,27.536712914397864,36.9162436071675,0.2
21,2,5,8.170470617683012,10.654884476483378,6.702802614521971,27.536712914397864,36.9162436071675,0.2
21,2,6,6.043876158025339,8.072688763154328,4.643744214861216,27.536712914397864,36.9162436071675,0.2
21,2,7,3.880065561593499,5.431987038149069,2.7345338233994796,27.536712914397864,36.9162436071675,0.2
21,2,8,4.279684866314455,5.914370534017511,3.0682574713169117,27.536712914397864,36.9162436071675,0.2
21,2,9,3.7173434531628304,4.191365329009517,2.2260038267318327,27.536712914397864,36.9162436071675,0.2
21,3,0,4.799569697835651,7.218077814233195,3.2016315253830525,40.273028139174244,47.89470838512235,0.2
21,3,1,4.010782352341075,6.3824653382558765,2.868431978249776,40.273028139174244,47.89470838512235,0.2
21,3,2,5.668734805465497,8.126912404045628,3.665382998073005,40.273028139174244,47.89470838512235,0.2
21,3,3,6.503653444654301,9.35516050265677,4.286407088034751,40.273028139174244,47.89470838512235,0.2
21,3,4,5.496019201551646,5.576251238131472,2.7812142180446453,40.273028139174244,47.89470838512235,0.2
21,3,5,13.559599485000307,17.58342523994317,9.517979041487731,40.273028139174244,47.89470838512235,0.2
21,3,6,9.394176628129154,12.608660936417106,6.344885951781075,40.273028139174244,47.89470838512235,0.2
21,3,7,5.5318924867561385,4.862245112851984,2.5304513146331904,40.273028139174244,47.89470838512235,0.2
21,3,8,6.207006952252952,8.754317477841324,4.037489765207664,40.273028139174244,47.89470838512235,0.2
21,3,9,4.5031492165929325,6.915922716611679,3.1606189310007187,40.273028139174244,47.89470838512235,0.2
21,4,0,6.476819276863173,5.888398288531959,2.7763504212395533,48.57059854845569,51.990586088731185,0.2
21,4,1,5.802765053944223,5.269358695243873,2.508320710701123,48.57059854845569,51.990586088731185,0.2
21,4,2,7.41497673007997,8.91871734385879,3.9118584914495913,48.57059854845569,51.990586088731185,0.2
21,4,3,8.671292694416124,10.290997265774655,4.582239327204257,48.57059854845569,51.990586088731185,0.2
21,4,4,5.626325739768669,7.373511132902102,3.381947381210235,48.57059854845569,51.990586088731185,0.2
21,4,5,19.25462991101447,21.561191697064324,10.978505941469564,48.57059854845569,51.990586088731185,0.2
21,4,6,12.835543164848529,14.768602836636619,7.087500978168609,48.57059854845569,51.990586088731185,0.2
21,4,7,5.119038753786367,6.996297992305347,3.264525019307349,48.57059854845569,51.990586088731185,0.2
21,4,8,8.167739271091197,9.743214245276745,4.351584352772561,48.57059854845569,51.990586088731185,0.2
21,4,9,6.393851839859977,7.914611689905278,3.473583742778826,48.57059854845569,51.990586088731185,0.2
21,5,0,5.616486402338295,6.098180839868794,2.845224012368152,48.05592556028384,47.62347326466995,0.2
21,5,1,5.0742691039939265,5.678416785647236,2.643088567132034,48.05592556028384,47.62347326466995,0.2
21,5,2,7.913590394431878,4.177694048419585,2.300525745817104,48.05592556028384,47.62347326466995,0.2
21,5,3,9.269753802191921,8.942914090832007,4.153296016264985,48.05592556028384,47.62347326466995,0.2
21,5,4,6.841593674443435,7.209096413629461,3.3289815765823327,48.05592556028384,47.62347326466995,0.2
21,5,5,22.209238742537572,21.156551159872773,10.833872480127079,48.05592556028384,47.62347326466995,0.2
21,5,6,14.337834506017023,13.97270202480306,6.81791876222229,48.05592556028384,47.62347326466995,0.2
21,5,7,6.60405121801837,7.021905497143852,3.272884491942231,48.05592556028384,47.62347326466995,0.2
21,5,8,8.8031446459353,8.817967693449813,4.058016252996028,48.05592556028384,47.62347326466995,0.2
21,5,9,7.026971706975785,4.880047744215538,2.476132581068844,48.05592556028384,47.62347326466995,0.2
21,6,0,5.7558159282852674,5.8672704278435095,2.7693734857284564,43.05674280894365,43.201653591343835,0.2
21,6,1,5.346901055395273,5.540753827958416,2.5980698837362612,43.05674280894365,43.201653591343835,0.2
21,6,2,4.653905166568335,5.643831284882892,2.8397052982669364,43.05674280894365,43.201653591343835,0.2
21,6,3,8.402012376313563,3.719252052921595,2.247379796683382,43.05674280894365,43.201653591343835,0.2
21,6,4,6.734445196641161,6.819195267416251,3.2019017143396,43.05674280894365,43.201653591343835,0.2
21,6,5,21.916648922917286,20.11300368198826,10.456977217828774,43.05674280894365,43.201653591343835,0.2
21,6,6,13.792476528655245,13.002616981706517,6.483015838897188,43.05674280894365,43.201653591343835,0.2
21,6,7,6.620962218886759,6.708071048884061,3.169790428833413,43.05674280894365,43.201653591343835,0.2
21,6,8,8.209263834658225,4.435538716119005,2.508524181339442,43.05674280894365,43.201653591343835,0.2
21,6,9,5.0091533351005735,5.616554382603434,2.7321593332965235,43.05674280894365,43.201653591343835,0.2
21,7,0,5.602372238964578,6.319737534253433,2.917195837869266,41.99453243521956,45.57976238912738,0.2
21,7,1,5.255829402044453,4.861692193413824,2.370848764569189,41.99453243521956,45.57976238912738,0.2
21,7,2,5.744651709795142,6.649636367725831,3.185150689694128,41.99453243521956,45.57976238912738,0.2
21,7,3,4.546392261005195,5.975382097343768,3.131940634590514,41.99453243521956,45.57976238912738,0.2
21,7,4,6.4773658622613635,4.250787284405049,2.299976342928388,41.99453243521956,45.57976238912738,0.2
21,7,5,21.1541993777842,21.497395339073627,10.95575720061346,41.99453243521956,45.57976238912738,0.2
21,7,6,13.11497641895404,13.690667331632799,6.721292199986004,41.99453243521956,45.57976238912738,0.2
21,7,7,6.412405547083794,7.131374599973634,3.3085177348067534,41.99453243521956,45.57976238912738,0.2
21,7,8,5.074680719928519,6.34504740997687,3.222999512332505,41.99453243521956,45.57976238912738,0.2
21,7,9,5.527088953573256,6.347973565060081,2.9766078425621587,41.99453243521956,45.57976238912738,0.2
21,8,0,5.901413103694414,5.268656266328506,2.56842070236276,48.57429169537173,53.62532972980882,0.2
21,8,1,4.796166847792323,7.185169562355995,3.1164383865361893,48.57429169537173,53.62532972980882,0.2
21,8,2,6.443478964762122,8.897112432898528,3.9052227539044244,48.57429169537173,53.62532972980882,0.2
21,8,3,6.335836374449731,9.205237427838894,4.238205791435685,48.57429169537173,53.62532972980882,0.2
21,8,4,4.6527937384754425,7.241814659384334,3.3395503219131646,48.57429169537173,53.62532972980882,0.2
21,8,5,22.163218617444148,26.335982757802306,12.628651513711802,48.57429169537173,53.62532972980882,0.2
21,8,6,13.597003446888245,16.800891218380404,7.756899555132742,48.57429169537173,53.62532972980882,0.2
21,8,7,6.693047364367225,5.99811876304649,2.931046675664175,48.57429169537173,53.62532972980882,0.2
21,8,8,6.520046171864908,9.115778254503406,4.153473618586289,48.57429169537173,53.62532972980882,0.2
21,8,9,6.021602080539892,8.390711637897233,3.618563533347102,48.57429169537173,53.62532972980882,0.2
21,9,0,5.195849861007129,8.848742802669644,3.692269190247368,58.93079594941726,62.38619839315416,0.2
21,9,1,6.304475720284211,9.682621490841441,3.8401456659546263,58.93079594941726,62.38619839315416,0.2
21,9,2,7.9001664658792015,6.393796500415678,3.0988647554769626,58.93079594941726,62.38619839315416,0.2
21,9,3,8.573782695371097,12.732831221383252,5.318694333492383,58.93079594941726,62.38619839315416,0.2
21,9,4,6.755825500073424,10.22122301606793,4.250566479442025,58.93079594941726,62.38619839315416,0.2
21,9,5,25.547441333059048,32.016833208593056,14.478953393303547,58.93079594941726,62.38619839315416,0.2
21,9,6,15.692010829186303,20.53069219992166,8.92561311595455,58.93079594941726,62.38619839315416,0.2
21,9,7,5.929432996839374,9.552131679748904,4.059592136242675,58.93079594941726,62.38619839315416,0.2
21,9,8,8.402371661299707,12.106066234625832,5.06591573694768,58.93079594941726,62.38619839315416,0.2
21,9,9,7.320262141825514,7.400387268684211,3.314020252390704,58.93079594941726,62.38619839315416,0.2
21,10,0,7.469366814127985,10.10223203696924,4.051057370062375,64.95724895133199,64.73749362267077,0.2
21,10,1,7.768517169458388,7.729629045646286,3.2799232890435213,64.95724895133199,64.73749362267077,0.2
21,10,2,6.268924710898375,9.45849168441967,4.07611826678155,64.95724895133199,64.73749362267077,0.2
21,10,3,10.759583579120621,13.711707687216343,5.601722963164654,64.95724895133199,64.73749362267077,0.2
21,10,4,8.598788053333138,6.810007554784609,3.198881288852294,64.95724895133199,64.73749362267077,0.2
21,10,5,29.29055505078213,33.565235514323426,14.965633239599846,64.95724895133199,64.73749362267077,0.2
21,10,6,18.05628868560091,21.44311993959838,9.20146812862995,64.95724895133199,64.73749362267077,0.2
21,10,7,8.21245180644981,10.896211375046555,4.451486449550245,64.95724895133199,64.73749362267077,0.2
21,10,8,10.248218897114228,12.982010503093862,5.319798700978586,64.95724895133199,64.73749362267077,0.2
21,10,9,6.704178817714204,9.54996697097569,3.961670519214813,64.95724895133199,64.73749362267077,0.2
21,11,0,8.195186191190265,6.765225217250501,3.0596647087640636,61.21563730299088,57.60388479005226,0.2
21,11,1,6.635201526686588,7.721120132823265,3.277395453076916,61.21563730299088,57.60388479005226,0.2
21,11,2,8.24588374888214,9.32504724381088,4.03577721852209,61.21563730299088,57.60388479005226,0.2
21,11,3,11.332143310005398,5.761975515276281,3.053216005119101,61.21563730299088,57.60388479005226,0.2
21,11,4,6.471255618198169,8.214034432569791,3.647408210316958,61.21563730299088,57.60388479005226,0.2
21,11,5,30.275096021584684,29.724826851577763,13.74535124371994,61.21563730299088,57.60388479005226,0.2
21,11,6,18.61433637146058,18.833288769928256,8.402409812863056,61.21563730299088,57.60388479005226,0.2
21,11,7,9.005244050903938,9.75989610091431,4.121201299899355,61.21563730299088,57.60388479005226,0.2
21,11,8,10.76181768650202,11.397040137299157,4.856353412059322,61.21563730299088,57.60388479005226,0.2
21,11,9,8.014358861724764,8.902124028182373,3.77157365549278,61.21563730299088,57.60388479005226,0.2
21,12,0,6.189624011804446,6.225880190891673,2.8868006020682437,51.84355272511953,49.576861322184044,0.2
21,12,1,6.630087778715451,6.3766469238350485,2.866601274007102,51.84355272511953,49.576861322184044,0.2
21,12,2,8.164274832632954,7.8100998934851,3.5647663367573146,51.84355272511953,49.576861322184044,0.2
21,12,3,6.176578448082532,6.732690330165691,3.4047842090125933,51.84355272511953,49.576861322184044,0.2
21,12,4,7.378614190883033,7.328547538698243,3.367497985494213,51.84355272511953,49.576861322184044,0.2
21,12,5,27.80649653052412,24.717431316087215,12.080214446179182,51.84355272511953,49.576861322184044,0.2
21,12,6,16.997861689141338,15.433046406053924,7.3092313334327175,51.84355272511953,49.576861322184044,0.2
21,12,7,8.3370855800866,5.382141589514216,2.7169445507682433,51.84355272511953,49.576861322184044,0.2
21,12,8,9.824279635278407,9.192941205853012,4.178053218479379,51.84355272511953,49.576861322184044,0.2
21,12,9,7.629797733542223,4.739309460674705,2.425926241254028,51.84355272511953,49.576861322184044,0.2
21,13,0,5.839924313494764,6.454579692422481,2.960627937603129,46.91670120768933,48.01967270304737,0.2
21,13,1,5.799061585748342,5.107332465377732,2.454078895935748,46.91670120768933,48.01967270304737,0.2
21,13,2,7.211431779195871,7.713862238520348,3.5339611504949007,46.91670120768933,48.01967270304737,0.2
21,13,3,6.887791997192341,7.632338897112844,3.717216845400257,46.91670120768933,48.01967270304737,0.2
21,13,4,6.812362913823236,7.4125412976571425,3.394468604358093,46.91670120768933,48.01967270304737,0.2
21,13,5,24.437967071895724,23.77533988098953,11.756039119109058,46.91670120768933,48.01967270304737,0.2
21,13,6,14.786389384320353,14.812151727339927,7.10212399454176,46.91670120768933,48.01967270304737,0.2
21,13,7,5.496309834867314,6.499369320241986,3.1004308050433553,46.91670120768933,48.01967270304737,0.2
21,13,8,8.452095567733977,4.334535953330913,2.4684006749470235,46.91670120768933,48.01967270304737,0.2
21,13,9,4.90758718454412,5.988317945996254,2.857527644695081,46.91670120768933,48.01967270304737,0.2
21,14,0,5.989275138585287,8.157748360037612,3.48799191144424,50.037301061949826,54.04925931643535,0.2
21,14,1,4.964539290085253,7.197355040883853,3.1201371089587466,50.037301061949826,54.04925931643535,0.2
21,14,2,7.149113669622692,5.408982704201993,2.7564642917732596,50.037301061949826,54.04925931643535,0.2
21,14,3,7.519835287006805,10.049212915165334,4.506610018778034,50.037301061949826,54.04925931643535,0.2
21,14,4,6.866923790920299,6.237453451602077,3.0081530616385024,50.037301061949826,54.04925931643535,0.2
21,14,5,23.78216861701263,27.2606398498001,12.937415918744245,50.037301061949826,54.04925931643535,0.2
21,14,6,14.367416496817846,17.13877712661528,7.865773305139966,50.037301061949826,54.04925931643535,0.2
21,14,7,6.272092789404511,8.520482118325507,3.7474609031411865,50.037301061949826,54.04925931643535,0.2
21,14,8,4.99351188535232,7.784483425796056,3.7189187369492434,50.037301061949826,54.04925931643535,0.2
21,14,9,5.7807058640566735,8.01780624008308,3.505225276275202,50.037301061949826,54.04925931643535,0.2
21,15,0,7.056119066319481,7.570220682586876,3.310184752625355,59.40341870130739,63.044162175544564,0.2
21,15,1,6.3119581418234345,6.733149661333072,2.9778678266299856,59.40341870130739,63.044162175544564,0.2
21,15,2,5.576257267396205,9.084903291127867,3.962740850825217,59.40341870130739,63.044162175544564,0.2
21,15,3,9.116757631699693,13.08063533337716,5.41998059024112,59.40341870130739,63.044162175544564,0.2
21,15,4,6.085417257704005,9.393663197870676,4.006630543464744,59.40341870130739,63.044162175544564,0.2
21,15,5,26.172063883989253,32.49002700826252,14.62841792326168,59.40341870130739,63.044162175544564,0.2
21,15,6,15.91225966082123,20.56516457663568,8.936101157952221,59.40341870130739,63.044162175544564,0.2
21,15,7,7.581018247829748,10.879960349798438,4.44683802750974,59.40341870130739,63.044162175544564,0.2
21,15,8,7.5232781703942955,11.045552867294234,4.751022102481536,59.40341870130739,63.044162175544564,0.2
21,15,9,7.090981725765914,10.351329839599007,4.1915470758473194,59.40341870130739,63.044162175544564,0.2
21,16,0,6.6964196990836955,10.152227770317099,4.0650809924883875,67.14384738110957,66.97417279275567,0.2
21,16,1,6.024150996314345,9.44412273840878,3.773686045800562,67.14384738110957,66.97417279275567,0.2
21,16,2,8.016524115393695,11.493487036724062,4.671837444126824,67.14384738110957,66.97417279275567,0.2
21,16,3,10.964483104562746,14.773205277724847,5.901872962990776,67.14384738110957,66.97417279275567,0.2
21,16,4,8.105311849113075,11.417829925310917,4.593072565005399,67.14384738110957,66.97417279275567,0.2
21,16,5,29.592917999536613,35.31699288017357,15.508182785501612,67.14384738110957,66.97417279275567,0.2
21,16,6,18.07750572823949,22.48379035062661,9.511832913718447,67.14384738110957,66.97417279275567,0.2
21,16,7,8.995840411153315,6.938752862355171,3.2457060549415986,67.14384738110957,66.97417279275567,0.2
21,16,8,9.611197070679088,13.138494832916434,5.364605122837248,67.14384738110957,66.97417279275567,0.2
21,16,9,8.47939329853998,8.013915696786464,3.504034581942103,67.14384738110957,66.97417279275567,0.2
21,17,0,8.223555623256432,9.555081658097958,3.8961918893261362,65.04596414496231,61.30083923812153,0.2
21,17,1,7.6340710454949665,6.17262484576562,2.8020865653811917,65.04596414496231,61.30083923812153,0.2
21,17,2,9.451008517562483,10.851468856709287,4.487592626467549,65.04596414496231,61.30083923812153,0.2
21,17,3,11.939339137948688,6.966370670489386,3.487081915949321,65.04596414496231,61.30083923812153,0.2
21,17,4,9.29166916717537,10.674180683035692,4.381562317999595,65.04596414496231,61.30083923812153,0.2
21,17,5,31.37265997599055,32.25836883188628,14.555327809467956,65.04596414496231,61.30083923812153,0.2
21,17,6,19.24219645060575,20.45043609778707,8.901175120448713,65.04596414496231,61.30083923812153,0.2
21,17,7,6.565980930976169,8.912341651917304,3.867287601162057,65.04596414496231,61.30083923812153,0.2
21,17,8,10.85245994015322,12.232895306463133,5.103008726387567,65.04596414496231,61.30083923812153,0.2
21,17,9,7.08857298136534,8.995491891452867,3.7992203820323818,65.04596414496231,61.30083923812153,0.2
21,18,0,7.881897256157948,5.127234046890213,2.5199646911555176,55.40739192875734,51.55903816258062,0.2
21,18,1,5.668549968419264,6.046189581491884,2.761784974368952,55.40739192875734,51.55903816258062,0.2
21,18,2,9.078285929963975,8.605359360879033,3.8151337135039123,55.40739192875734,51.55903816258062,0.2
21,18,3,7.0542781685407645,7.471879370233015,3.6623381472198324,55.40739192875734,51.55903816258062,0.2
21,18,4,8.863789308359515,4.396202983194695,2.3547739551264177,55.40739192875734,51.55903816258062,0.2
21,18,5,29.445058555308197,26.3558698349055,12.63532614482366,55.40739192875734,51.55903816258062,0.2
21,18,6,18.006851241246302,16.459675148227245,7.646284016512173,55.40739192875734,51.55903816258062,0.2
21,18,7,7.8234246151682205,7.769346630090736,3.513025810739241,55.40739192875734,51.55903816258062,0.2
21,18,8,10.32325707284933,9.744549425844134,4.352001773749524,55.40739192875734,51.55903816258062,0.2
21,18,9,7.6857263592988785,7.497159414710987,3.34429644228337,55.40739192875734,51.55903816258062,0.2
21,19,0,5.097824580777725,5.717841850760769,2.7198111713554267,47.687020150989404,47.43847384313972,0.2
21,19,1,5.587020873179268,5.910567509046379,2.7182729132856274,47.687020150989404,47.43847384313972,0.2
21,19,2,7.71791862477877,4.650217059007864,2.4797203917978043,47.687020150989404,47.43847384313972,0.2
21,19,3,7.408817074121859,7.618480169712344,3.712490776942898,47.687020150989404,47.43847384313972,0.2
21,19,4,4.763647916477019,5.853004250429928,2.8771333801333414,47.687020150989404,47.43847384313972,0.2
21,19,5,25.56094394230952,23.819838002511066,11.771436688270212,47.687020150989404,47.43847384313972,0.2
21,19,6,15.468238403415791,14.78394296526912,7.092653420288014,47.687020150989404,47.43847384313972,0.2
21,19,7,7.106762008907795,7.2856078629102345,3.3584450482024812,47.687020150989404,47.43847384313972,0.2
21,19,8,8.803989077972128,8.755819052982641,4.037974521080041,47.687020150989404,47.43847384313972,0.2
21,19,9,6.765426781064179,4.042896198937,2.1705103379437496,47.687020150989404,47.43847384313972,0.2
21,20,0,5.502108935523128,5.6942818098392065,2.7119615354205298,48.149468452167596,47.43847384313972,0.2
21,20,1,5.49899707850889,5.69141684752367,2.647322840491558,48.149468452167596,47.43847384313972,0.2
21,20,2,5.016411385100031,5.17387396361231,2.6720374914389655,48.149468452167596,47.43847384313972,0.2
21,20,3,7.51027457052656,7.77220488242592,3.7647705512672602,48.149468452167596,47.43847384313972,0.2
21,20,4,5.820367769000094,5.996119453049064,2.926199968786629,48.149468452167596,47.43847384313972,0.2
21,20,5,23.813317508435375,24.4139455452397,11.976195828595502,48.149468452167596,47.43847384313972,0.2
21,20,6,14.348257765588684,14.731673420266851,7.075090536260085,48.149468452167596,47.43847384313972,0.2
21,20,7,6.794049051563178,7.005935833471541,3.2676723314055742,48.149468452167596,47.43847384313972,0.2
21,20,8,8.168719919911617,8.411158685941132,3.926041702013829,48.149468452167596,47.43847384313972,0.2
21,20,9,4.390887297920063,4.534100998306827,2.3519109707664985,48.149468452167596,47.43847384313972,0.2
22,0,0,2.0,2.0,1.561440238410066,17.758464088394078,17.758464088394078,0.0
22,0,1,2.0,2.0,1.4652869403615374,17.758464088394078,17.758464088394078,0.0
22,0,2,2.0,2.0,1.490500749430684,17.758464088394078,17.758464088394078,0.0
22,0,3,2.0,2.0,1.7724720853115097,17.758464088394078,17.758464088394078,0.0
22,0,4,2.0,2.0,1.6066914224079212,17.758464088394078,17.758464088394078,0.0
22,0,5,2.0,2.0,1.5524042542402954,17.758464088394078,17.758464088394078,0.0
22,0,6,2.0,2.0,1.3850599027175994,17.758464088394078,17.758464088394078,0.0
22,0,7,2.0,2.0,1.3533261716350593,17.758464088394078,17.758464088394078,0.0
22,0,8,2.0,2.0,1.5161562184975486,17.758464088394078,17.758464088394078,0.0
22,0,9,2.0,2.0,1.8528969645664608,17.758464088394078,17.758464088394078,0.0
22,1,0,3.1587539526723574,3.793177253083349,2.4440301901097756,17.758464088394078,27.25480350824823,0.0
22,1,1,2.964238272339602,3.541194195431511,2.1857802751809703,17.758464088394078,27.25480350824823,0.0
22,1,2,3.0152451678325676,3.607270480210495,2.252352174927512,17.758464088394078,27.25480350824823,0.0
22,1,3,3.585666020225096,4.3462154860236515,3.05166098731893,17.758464088394078,27.25480350824823,0.0
22,1,4,3.2502959488373047,3.911764258808212,2.5696403912747705,17.758464088394078,27.25480350824823,0.0
22,1,5,3.140474386147537,3.7694972029321487,2.419258218245115,17.758464088394078,27.25480350824823,0.0
22,1,6,2.801941012390015,2.7377444802242477,1.7255303330301097,17.758464088394078,27.25480350824823,0.0
22,1,7,2.7377444802242485,3.0070096470332643,1.8004284154745613,17.758464088394078,27.25480350824823,0.0
22,1,8,3.06714553028585,3.674504196288522,2.3209301909900164,17.758464088394078,27.25480350824823,0.0
22,1,9,3.7483635087299727,4.556980040097648,3.2976477367502395,17.758464088394078,27.25480350824823,0.0
22,2,0,4.944211013365965,6.786347479882949,3.6723970941683555,29.548216143131363,40.36933308554172,0.2
22,2,1,4.421777993201647,4.132337885454843,2.4352231259440495,29.548216143131363,40.36933308554172,0.2
22,2,2,4.556451255929536,6.332773346760742,3.3398500070402513,29.548216143131363,40.36933308554172,0.2
22,2,3,6.173432686559333,8.287801481515752,4.79474974926453,29.548216143131363,40.36933308554172,0.2
22,2,4,5.198317260704582,7.155997947020758,3.921756484216146,29.548216143131363,40.36933308554172,0.2
22,2,5,4.894097943318108,6.780131763688772,3.648803879714739,29.548216143131363,40.36933308554172,0.2
22,2,6,3.4907040473511146,5.189645845107182,2.699876910346275,29.548216143131363,40.36933308554172,0.2
22,2,7,3.64222096625023,4.676824960249591,2.4527160033067865,29.548216143131363,40.36933308554172,0.2
22,2,8,4.695182841023333,6.599281060995917,3.496798379294817,29.548216143131363,40.36933308554172,0.2
22,2,9,6.671057634320614,8.907803826290795,5.27193107630734,29.548216143131363,40.36933308554172,0.2
22,3,0,7.429166068372015,10.307487492395762,4.920523853923612,44.040106155276916,53.12650610826645,0.2
22,3,1,4.926394546196364,7.646990973267702,3.7466669228348177,44.040106155276916,53.12650610826645,0.2
22,3,2,6.756431755475621,5.764192034737535,3.1270016502440896,44.040106155276916,53.12650610826645,0.2
22,3,3,9.699656989745533,13.03960630874198,6.584814466572554,44.040106155276916,53.12650610826645,0.2
22,3,4,7.9336137824590205,11.004828826897732,5.3005359258819595,44.040106155276916,53.12650610826645,0.2
22,3,5,7.381437594634528,10.331585463251987,4.900052216553901,44.040106155276916,53.12650610826645,0.2
22,3,6,5.461782431692038,6.647360934808303,3.2107171074973118,44.040106155276916,53.12650610826645,0.2
22,3,7,4.96178219290478,7.464746698046381,3.4024522293428894,44.040106155276916,53.12650610826645,0.2
22,3,8,7.073934327158677,10.052308597862776,4.694712735402604,44.040106155276916,53.12650610826645,0.2
22,3,9,10.664982697294047,14.21684171554105,7.312947617947249,44.040106155276916,53.12650610826645,0.2
22,4,0,9.95409480969069,12.048897503734517,5.488674636745269,53.87622740528556,58.381309891491036,0.2
22,4,1,7.579412045831496,9.713878003823297,4.429722629111123,53.87622740528556,58.381309891491036,0.2
22,4,2,6.325844934532479,8.862051678438576,4.225568988204797,53.87622740528556,58.381309891491036,0.2
22,4,3,13.320912457770106,15.700185504061778,7.498799744153713,53.87622740528556,58.381309891491036,0.2
22,4,4,10.722849581620936,12.886569124436004,5.919807622177697,53.87622740528556,58.381309891491036,0.2
22,4,5,9.912681207127777,12.000939309006666,5.441698738763922,53.87622740528556,58.381309891491036,0.2
22,4,6,6.495199178770254,8.582684220195016,3.8395802890402297,53.87622740528556,58.381309891491036,0.2
22,4,7,6.883074461536459,7.497201464442834,3.412800569574498,53.87622740528556,58.381309891491036,0.2
22,4,8,9.497284650941419,6.501400092358356,3.4604117635432874,53.87622740528556,58.381309891491036,0.2
22,4,9,14.793907333525686,17.282251047420534,8.383984940799087,53.87622740528556,58.381309891491036,0.2
22,5,0,11.103449416293628,11.245081988420687,5.229717243340336,53.962997790968444,54.753567679766554,0.2
22,5,1,8.961216394803998,9.404064533566816,4.330346040220765,53.962997790968444,54.753567679766554,0.2
22,5,2,8.548218763321188,9.145510214458673,4.319731557641902,53.962997790968444,54.753567679766554,0.2
22,5,3,15.169881465500795,15.068104005931419,7.286172243993605,53.962997790968444,54.753567679766554,0.2
22,5,4,11.975620498069269,11.946127244901838,5.613974990983499,53.962997790968444,54.753567679766554,0.2
22,5,5,11.008418367535715,5.813375194633509,3.2763000954848973,53.962997790968444,54.753567679766554,0.2
22,5,6,7.767373426317172,6.796820121981324,3.2610811286460275,53.962997790968444,54.753567679766554,0.2
22,5,7,6.904008891049738,7.499950279483125,3.413676422945842,53.962997790968444,54.753567679766554,0.2
22,5,8,7.000325127458184,8.15475012875196,4.055182605631288,53.962997790968444,54.753567679766554,0.2
22,5,9,16.96058864081846,16.69962095367639,8.185117202912233,53.962997790968444,54.753567679766554,0.2
22,6,0,10.579585185137097,10.040281006102441,4.830882535189972,49.50311516251264,50.90090016812069,0.2
22,6,1,8.760180078947204,5.21520081298106,2.8661004475536336,49.50311516251264,50.90090016812069,0.2
22,6,2,8.738707250223579,8.478355638162284,4.096654540238338,49.50311516251264,50.90090016812069,0.2
22,6,3,14.73974143192418,13.749104374490223,6.833614780750837,49.50311516251264,50.90090016812069,0.2
22,6,4,11.35692885116734,10.615521546411635,5.16857013099187,49.50311516251264,50.90090016812069,0.2
22,6,5,6.627871898121198,7.295263452613765,3.8407188183694823,49.50311516251264,50.90090016812069,0.2
22,6,6,6.597084314661187,6.63189687479306,3.2054868144514748,49.50311516251264,50.90090016812069,0.2
22,6,7,6.905780720179434,5.962697356990611,2.907310524380899,49.50311516251264,50.90090016812069,0.2
22,6,8,8.203531437994126,8.03829451888671,4.0145576112982395,49.50311516251264,50.90090016812069,0.2
22,6,9,16.55828425691918,15.32274772980118,7.706655201797569,49.50311516251264,50.90090016812069,0.2
22,7,0,9.772752698153349,6.21470244423192,3.453016136061339,49.478650130195774,53.47112102352742,0.2
22,7,1,5.798048426550456,7.654008972762743,3.7490735350412527,49.478650130195774,53.47112102352742,0.2
22,7,2,8.287428108607903,9.509072641851207,4.439232765768828,49.478650130195774,53.47112102352742,0.2
22,7,3,13.824229175569705,14.937887284420361,7.24203854376882,49.478650130195774,53.47112102352742,0.2
22,7,4,10.455886129563961,11.592732338511329,5.497200081242759,49.478650130195774,53.47112102352742,0.2
22,7,5,7.769676642239589,9.326508920188047,4.561284951314049,49.478650130195774,53.47112102352742,0.2
22,7,6,6.484618428751287,5.495052890038935,2.8101394611672483,49.478650130195774,53.47112102352742,0.2
22,7,7,5.881415365525082,7.241481864751602,3.330893114811151,49.478650130195774,53.47112102352742,0.2
22,7,8,8.12134810604831,9.420151495630899,4.486043449282659,49.478650130195774,53.47112102352742,0.2
22,7,9,15.590367778243444,16.666330685422086,8.173692009004208,49.478650130195774,53.47112102352742,0.2
22,8,0,6.985363960859272,10.416006359682113,4.9567296867484645,56.98410201662021,62.214853480952314,0.2
22,8,1,7.584280561214042,10.54426981268464,4.691516404007881,56.98410201662021,62.214853480952314,0.2
22,8,2,8.980455159771761,6.500689987617273,3.4015966923864225,56.98410201662021,62.214853480952314,0.2
22,8,3,14.650460077055904,18.29659716892233,8.34675441922798,56.98410201662021,62.214853480952314,0.2
22,8,4,11.120696174025554,14.448469836810256,6.413377105543909,56.98410201662021,62.214853480952314,0.2
22,8,5,9.227363631860218,12.465794479546089,5.5884040794802345,56.98410201662021,62.214853480952314,0.2
22,8,6,5.68484077210738,8.757730194055029,3.8942304895492,56.98410201662021,62.214853480952314,0.2
22,8,7,6.738312189938395,7.563366957433827,3.433856198145582,56.98410201662021,62.214853480952314,0.2
22,8,8,9.075151983857177,12.30570431273502,5.408757212894926,56.98410201662021,62.214853480952314,0.2
22,8,9,16.53517137976304,20.429759332629253,9.425720299562245,56.98410201662021,62.214853480952314,0.2
22,9,0,10.027338290121133,15.1537555470495,6.444193373688073,68.37013131633687,71.9236924118997,0.2
22,9,1,9.490818553694297,9.916325944548628,4.494146622752275,68.37013131633687,71.9236924118997,0.2
22,9,2,6.8813437319981645,12.207306900894169,5.287435785322822,68.37013131633687,71.9236924118997,0.2
22,9,3,16.88527224107425,22.7574746344439,9.724006811120951,68.37013131633687,71.9236924118997,0.2
22,9,4,12.974099029715788,8.220197944056332,4.321445806592405,68.37013131633687,71.9236924118997,0.2
22,9,5,11.30519954651805,16.447250864804484,6.784989015454785,68.37013131633687,71.9236924118997,0.2
22,9,6,7.877929394215004,12.521912521420413,5.001692930801611,68.37013131633687,71.9236924118997,0.2
22,9,7,6.946603892983744,11.42497460379534,4.583319725164126,68.37013131633687,71.9236924118997,0.2
22,9,8,10.941778497186467,16.11582117061338,6.532804507987876,68.37013131633687,71.9236924118997,0.2
22,9,9,19.06799281882422,25.363783588926832,10.966804464950034,68.37013131633687,71.9236924118997,0.2
22,10,0,13.036439557654344,16.359325238945733,6.798923281831106,74.88780072887829,75.08065027933556,0.2
22,10,1,9.091544498022435,12.481350878867763,5.279402777685924,74.88780072887829,75.08065027933556,0.2
22,10,2,10.696348329921497,13.999688218788974,5.8196123444684975,74.88780072887829,75.08065027933556,0.2
22,10,3,19.671418857322063,23.41965414291791,9.9212122600778,74.88780072887829,75.08065027933556,0.2
22,10,4,8.742175132320545,13.094544092460838,5.986524246696077,74.88780072887829,75.08065027933556,0.2
22,10,5,13.725860487129202,17.012643503393832,6.947428539017096,74.88780072887829,75.08065027933556,0.2
22,10,6,10.11829779108959,10.451740940334574,4.4073709558830005,74.88780072887829,75.08065027933556,0.2
22,10,7,9.271939419830204,9.442339974705805,4.010857449741269,74.88780072887829,75.08065027933556,0.2
22,10,8,13.21569763224149,16.471133940310285,6.633296401804946,74.88780072887829,75.08065027933556,0.2
22,10,9,22.185566952674,26.169348634103212,11.209476013453981,74.88780072887829,75.08065027933556,0.2
22,11,0,13.754049154175862,15.07661702690961,6.421213383150233,70.99610440220953,66.73386162079225,0.2
22,11,1,10.680097759454107,12.429248213088732,5.2639661106541755,70.99610440220953,66.73386162079225,0.2
22,11,2,11.77292799552091,13.221007200323482,5.591088684600694,70.99610440220953,66.73386162079225,0.2
22,11,3,20.070360472926424,21.028683811094638,9.200827127655305,70.99610440220953,66.73386162079225,0.2
22,11,4,12.11058653533559,14.207543931372168,6.338329078577586,70.99610440220953,66.73386162079225,0.2
22,11,5,14.054471518471097,7.1924835271866865,3.8027610798996214,70.99610440220953,66.73386162079225,0.2
22,11,6,8.915999527439245,10.636604862537908,4.461795672518112,70.99610440220953,66.73386162079225,0.2
22,11,7,8.113862773176711,10.032181286548855,4.184641364599434,70.99610440220953,66.73386162079225,0.2
22,11,8,13.4189901816441,8.527910806649409,4.184203603411897,70.99610440220953,66.73386162079225,0.2
22,11,9,22.676485333142082,23.479822795560708,10.390026215256976,70.99610440220953,66.73386162079225,0.2
22,12,0,12.989951620326886,12.000814750661098,5.473333134700679,60.06054081418204,57.88022632204793,0.2
22,12,1,10.648869774031962,10.070686838999178,4.543003232120746,60.06054081418204,57.88022632204793,0.2
22,12,2,11.3106304345066,10.490634592338859,4.755239921680599,60.06054081418204,57.88022632204793,0.2
22,12,3,18.613039642765806,16.89788864316486,7.894799735374081,60.06054081418204,57.88022632204793,0.2
22,12,4,12.822278776856468,11.91141531759337,5.602551217263121,60.06054081418204,57.88022632204793,0.2
22,12,5,7.692889101175409,8.36967687612088,4.2284374585439135,60.06054081418204,57.88022632204793,0.2
22,12,6,9.02609934718597,6.169274388225124,3.0472733977145845,60.06054081418204,57.88022632204793,0.2
22,12,7,8.46542322004214,6.8950348814148,3.2185259195116096,60.06054081418204,57.88022632204793,0.2
22,12,8,8.464537640275816,8.548567615667196,4.191295685842728,60.06054081418204,57.88022632204793,0.2
22,12,9,21.018759199667365,18.94743060788744,8.941605406715968,60.06054081418204,57.88022632204793,0.2
22,13,0,11.072413947223982,11.777288845935727,5.401770124498471,54.774530128833234,55.99800192670522,0.2
22,13,1,9.19038017815962,6.384890530840038,3.3022435524399842,54.774530128833234,55.99800192670522,0.2
22,13,2,9.619729611815766,5.442010397765905,3.003604586539038,54.774530128833234,55.99800192670522,0.2
22,13,3,15.970979392117089,16.39666171284233,7.730137390786207,54.774530128833234,55.99800192670522,0.2
22,13,4,11.33381884701475,12.0813496733837,5.658382426270865,54.774530128833234,55.99800192670522,0.2
22,13,5,8.55402160597819,9.87203118448195,4.746444316444074,54.774530128833234,55.99800192670522,0.2
22,13,6,6.164556704203745,7.552377973224775,3.5108005811913925,54.774530128833234,55.99800192670522,0.2
22,13,7,6.510996207186119,7.668417877027849,3.4671730904318556,54.774530128833234,55.99800192670522,0.2
22,13,8,8.478884742944233,9.586865717982553,4.541471630178146,54.774530128833234,55.99800192670522,0.2
22,13,9,18.088640683719238,18.36946876318606,8.749795255908566,54.774530128833234,55.99800192670522,0.2
22,14,0,10.92764379478348,6.578282750752951,3.5932145170432297,58.35085338048085,62.53536795829969,0.2
22,14,1,6.680354852759482,9.748163421831626,4.440661229054982,58.35085338048085,62.53536795829969,0.2
22,14,2,6.076215808077157,9.461691688674414,4.423737580930486,58.35085338048085,62.53536795829969,0.2
22,14,3,15.637871650284547,18.88123535562527,8.5325666879507,58.35085338048085,62.53536795829969,0.2
22,14,4,11.446763965116268,14.469474482815286,6.4199021529807,58.35085338048085,62.53536795829969,0.2
22,14,5,9.601936325768962,12.610700209917697,5.633797961043207,58.35085338048085,62.53536795829969,0.2
22,14,6,7.102260426037723,9.83189439937411,4.2227328176038545,58.35085338048085,62.53536795829969,0.2
22,14,7,7.014003120063473,7.789690245986064,3.505464840789354,58.35085338048085,62.53536795829969,0.2
22,14,8,9.187281786321687,12.173068475729742,5.367882490882295,58.35085338048085,62.53536795829969,0.2
22,14,9,17.70061361926847,21.1314431054851,9.651185936535782,58.35085338048085,62.53536795829969,0.2
22,15,0,7.268981725530013,12.7381716202128,5.706625031680748,68.7301675073574,72.31429764218194,0.2
22,15,1,8.983344904726701,13.541877839455873,5.5895507820062695,68.7301675073574,72.31429764218194,0.2
22,15,2,8.949108794312817,13.78255371173062,5.756281012033745,68.7301675073574,72.31429764218194,0.2
22,15,3,17.261165742371844,23.04639837300086,9.810260789263713,68.7301675073574,72.31429764218194,0.2
22,15,4,12.98729903498997,8.557799362739747,4.444930229038256,68.7301675073574,72.31429764218194,0.2
22,15,5,11.397030216233713,16.44196735468457,6.783463216387133,68.7301675073574,72.31429764218194,0.2
22,15,6,8.542481262214324,10.177602252593028,4.326128266202763,68.7301675073574,72.31429764218194,0.2
22,15,7,7.0914663586947855,11.445722337194955,4.589144449609654,68.7301675073574,72.31429764218194,0.2
22,15,8,10.859089972486187,15.944335434784385,6.484066350114942,68.7301675073574,72.31429764218194,0.2
22,15,9,19.524104077175764,25.739569346937486,11.080290999908529,68.7301675073574,72.31429764218194,0.2
22,16,0,11.544357530836622,16.11442115853599,6.727514879411693,77.01680848480329,77.4491546315164,0.2
22,16,1,11.307519296610018,15.300377812982473,6.088259995379256,77.01680848480329,77.4491546315164,0.2
22,16,2,11.644810318177088,15.848307589715365,6.347449083833208,77.01680848480329,77.4491546315164,0.2
22,16,3,19.84590846485875,24.889680789705828,10.353136405577755,77.01680848480329,77.4491546315164,0.2
22,16,4,8.991980983290205,14.446551272741043,6.412780966016512,77.01680848480329,77.4491546315164,0.2
22,16,5,13.722773834359938,18.126916658653787,7.262908684362443,77.01680848480329,77.4491546315164,0.2
22,16,6,8.751647629210662,12.873310034475674,5.0995366787786205,77.01680848480329,77.4491546315164,0.2
22,16,7,9.283722689476358,11.486611147260538,4.60061432261781,77.01680848480329,77.4491546315164,0.2
22,16,8,13.117101576471939,9.994817685099896,4.675901652759333,77.01680848480329,77.4491546315164,0.2
22,16,9,22.415147331132964,27.80634149613566,11.695827905586121,77.01680848480329,77.4491546315164,0.2
22,17,0,13.609591769354,15.34718365437117,6.501662972125272,75.21936778238447,72.04280126143132,0.2
22,17,1,12.316395371547149,8.747621931332809,4.116467445933501,75.21936778238447,72.04280126143132,0.2
22,17,2,12.840728315904418,14.32646847719614,5.91437157237942,75.21936778238447,72.04280126143132,0.2
22,17,3,20.944132051428753,22.34638213680433,9.600712443261608,75.21936778238447,72.04280126143132,0.2
22,17,4,12.972893054589624,15.096942915620042,6.613536994175817,75.21936778238447,72.04280126143132,0.2
22,17,5,14.692679841521596,16.06915097658695,6.67542435747156,75.21936778238447,72.04280126143132,0.2
22,17,6,10.316233208702089,9.95777166166863,4.2605049488205715,75.21936778238447,72.04280126143132,0.2
22,17,7,9.306925951317526,10.9537331107722,4.450153507755347,75.21936778238447,72.04280126143132,0.2
22,17,8,9.459230308423654,12.059111751653797,5.332657342882374,75.21936778238447,72.04280126143132,0.2
22,17,9,23.660362860998273,25.0034033299537,10.857495585775135,75.21936778238447,72.04280126143132,0.2
22,18,0,13.152699095968048,12.669604802293813,5.685105361466534,65.11662441735959,61.49749063300836,0.2
22,18,1,8.327509113720367,9.18092416467374,4.258161823782961,65.11662441735959,61.49749063300836,0.2
22,18,2,11.964623507364893,6.808847479925991,3.5136842015785055,65.11662441735959,61.49749063300836,0.2
22,18,3,19.421997481954854,18.112408816723075,8.287847584891907,65.11662441735959,61.49749063300836,0.2
22,18,4,13.379017401760747,12.893183689415316,5.921934468846092,65.11662441735959,61.49749063300836,0.2
22,18,5,13.504213966203041,12.716328199556353,5.666788932185841,65.11662441735959,61.49749063300836,0.2
22,18,6,8.618893324518515,8.706064767906105,3.878134663337458,65.11662441735959,61.49749063300836,0.2
22,18,7,9.002547543500235,7.808877707118079,3.5115068399329816,65.11662441735959,61.49749063300836,0.2
22,18,8,10.787830392554062,10.605457512284158,4.87408995834496,65.11662441735959,61.49749063300836,0.2
22,18,9,21.964437865782095,20.301299342717133,9.384193566474844,65.11662441735959,61.49749063300836,0.2
22,19,0,11.500823784441968,11.665628430552541,5.365869021497063,56.879107515623375,56.74695559361278,0.2
22,19,1,8.614153242066374,9.309270752729553,4.2997444545503285,56.879107515623375,56.74695559361278,0.2
22,19,2,7.108093916857118,8.403528379274654,4.071311870870427,56.879107515623375,56.74695559361278,0.2
22,19,3,16.766105211032833,16.4349120624859,7.742756054985504,56.879107515623375,56.74695559361278,0.2
22,19,4,11.979923054872442,12.090461910796005,5.66136953332347,56.879107515623375,56.74695559361278,0.2
22,19,5,11.46377011311597,5.990134543953904,3.345718758076586,56.879107515623375,56.74695559361278,0.2
22,19,6,7.845367946509751,7.046869075382886,3.344605515871795,56.879107515623375,56.74695559361278,0.2
22,19,7,7.10368916953794,7.754008187021502,3.494216919485874,56.879107515623375,56.74695559361278,0.2
22,19,8,9.860160218030371,10.116528871678376,4.7156875520225965,56.879107515623375,56.74695559361278,0.2
22,19,9,18.983985292276188,18.420712504026714,8.766874105514452,56.879107515623375,56.74695559361278,0.2
22,20,0,10.855016775047861,11.158254977707209,5.201418127379591,57.59746312973659,56.74695559361278,0.2
22,20,1,8.698273848201568,8.942095672714528,4.1803168476248675,57.59746312973659,56.74695559361278,0.2
22,20,2,8.236160532002687,8.478914792666465,4.09684366277497,57.59746312973659,56.74695559361278,0.2
22,20,3,15.663398887534154,16.072602875291526,7.622874278988519,57.59746312973659,56.74695559361278,0.2
22,20,4,11.452806806832118,11.786391593442438,5.561322550879783,57.59746312973659,56.74695559361278,0.2
22,20,5,6.768304089797009,6.96921586962496,3.7197398644016166,57.59746312973659,56.74695559361278,0.2
22,20,6,6.766052029085261,6.987568496282235,3.324878766222033,57.59746312973659,56.74695559361278,0.2
22,20,7,7.06871209951616,7.289853933507115,3.346452478599918,57.59746312973659,56.74695559361278,0.2
22,20,8,9.539716172350424,9.846145525417896,4.627104733630406,57.59746312973659,56.74695559361278,0.2
22,20,9,17.735163698338177,18.19549257475195,8.691704339600733,57.59746312973659,56.74695559361278,0.2
23,0,0,2.0,2.0,1.511456509044099,18.02267505194494,18.02267505194494,0.0
23,0,1,2.0,2.0,1.3372002443862763,18.02267505194494,18.02267505194494,0.0
23,0,2,2.0,2.0,1.3920177425070808,18.02267505194494,18.02267505194494,0.0
23,0,3,2.0,2.0,1.6896097128121077,18.02267505194494,18.02267505194494,0.0
23,0,4,2.0,2.0,1.5179405785605464,18.02267505194494,18.02267505194494,0.0
23,0,5,2.0,2.0,1.8423410365999953,18.02267505194494,18.02267505194494,0.0
23,0,6,2.0,2.0,1.9059368883826373,18.02267505194494,18.02267505194494,0.0
23,0,7,2.0,2.0,1.677787632620834,18.02267505194494,18.02267505194494,0.0
23,0,8,2.0,2.0,1.555401697639959,18.02267505194494,18.02267505194494,0.0
23,0,9,2.0,2.0,1.2854749149129343,18.02267505194494,18.02267505194494,0.0
23,1,0,3.0576381374011805,3.621973524583872,2.2905319196856615,18.02267505194494,27.757871631577668,0.0
23,1,1,2.7051221388854163,2.600483110821451,1.606990378776499,18.02267505194494,27.757871631577668,0.0
23,1,2,2.8160165456038033,3.3137161212790973,1.9821863643432704,18.02267505194494,27.757871631577668,0.0
23,1,3,3.4180375447819284,4.081765982059829,2.7839348765758065,18.02267505194494,27.757871631577668,0.0
23,1,4,3.0707552453830633,3.638708145092265,2.3077928848349405,18.02267505194494,27.757871631577668,0.0
23,1,5,3.7270091345003515,4.475947558437403,3.2379379466964138,18.02267505194494,27.757871631577668,0.0
23,1,6,3.8556619277680175,4.640080969220716,3.435226758654676,18.02267505194494,27.757871631577668,0.0
23,1,7,3.394121776752907,4.051254584068346,2.749974499476075,18.02267505194494,27.757871631577668,0.0
23,1,8,3.146538138031016,3.7353908857728766,2.408556342220454,18.02267505194494,27.757871631577668,0.0
23,1,9,2.600483110821449,2.8330290402361844,1.6402812767014248,18.02267505194494,27.757871631577668,0.0
23,2,0,4.633687910077522,6.310982459076489,3.3786448234218938,30.093615989377156,41.21039519376009,0.2
23,2,1,3.2509007299795427,4.795976175399571,2.4665468119707854,30.093615989377156,41.21039519376009,0.2
23,2,2,4.00991268143445,3.864959415399814,2.207624627942771,30.093615989377156,41.21039519376009,0.2
23,2,3,5.6318295628915624,7.552464246899435,4.282796854856561,30.093615989377156,41.21039519376009,0.2
23,2,4,4.668606404267054,6.398447196379229,3.425989181079727,30.093615989377156,41.21039519376009,0.2
23,2,5,6.550266245251629,8.667881120220075,5.142663300868219,30.093615989377156,41.21039519376009,0.2
23,2,6,6.949376502091016,9.165160133829149,5.532043148858944,30.093615989377156,41.21039519376009,0.2
23,2,7,5.563128582374209,7.495556373709459,4.230373414567053,30.093615989377156,41.21039519376009,0.2
23,2,8,4.872448319872816,6.659774986928949,3.610299746249436,30.093615989377156,41.21039519376009,0.2
23,2,9,3.3182473711263394,4.339460153864651,2.2107905656397655,30.093615989377156,41.21039519376009,0.2
23,3,0,6.834912683899426,9.240046761572339,4.412112490480386,44.95764582457565,54.50000867598409,0.2
23,3,1,4.989761567626509,5.3353409703292725,2.6575960888863546,44.95764582457565,54.50000867598409,0.2
23,3,2,4.465968564145411,6.746334153671777,3.2604028775140637,44.95764582457565,54.50000867598409,0.2
23,3,3,8.66398928437125,11.459247016780111,5.734224042633974,44.95764582457565,54.50000867598409,0.2
23,3,4,6.93068911722658,9.419946685000582,4.491254706722659,44.95764582457565,54.50000867598409,0.2
23,3,5,10.403477270075605,13.524302634373386,7.0214926424098785,44.95764582457565,54.50000867598409,0.2
23,3,6,11.191182815043542,14.478430643609705,7.618905058762968,44.95764582457565,54.50000867598409,0.2
23,3,7,8.557937995853296,11.373442876387946,5.664223184499896,44.95764582457565,54.50000867598409,0.2
23,3,8,7.30354471036917,9.884715779856611,4.759885459448266,44.95764582457565,54.50000867598409,0.2
23,3,9,4.472373175713816,5.97475855114313,2.765456686576675,44.95764582457565,54.50000867598409,0.2
23,4,0,8.925591531528033,10.786041435305807,4.916749896123876,55.26911284234586,59.696386865059885,0.2
23,4,1,5.376249403514957,7.324356298716635,3.3175240065807023,55.26911284234586,59.696386865059885,0.2
23,4,2,6.595712229844047,8.46415018927868,3.8214847117343442,55.26911284234586,59.696386865059885,0.2
23,4,3,11.60018962917368,13.683010869323295,6.492210172752951,55.26911284234586,59.696386865059885,0.2
23,4,4,9.085694225328906,5.546557394173109,3.0999181856897144,55.26911284234586,59.696386865059885,0.2
23,4,5,14.204301318925902,16.472291782473736,8.060775900276424,55.26911284234586,59.696386865059885,0.2
23,4,6,15.412851467122659,17.760399815568523,8.790314943716089,55.26911284234586,59.696386865059885,0.2
23,4,7,11.4585796706993,13.531027519764601,6.396575582930923,55.26911284234586,59.696386865059885,0.2
23,4,8,9.62912741675568,11.550839848014729,5.308246295703595,55.26911284234586,59.696386865059885,0.2
23,4,9,5.594448653739753,6.514609257692229,2.938085769116724,55.26911284234586,59.696386865059885,0.2
23,5,0,9.946460188893882,9.709741446342855,4.567936143330746,55.178549411025415,55.85350680463301,0.2
23,5,1,6.711266823469786,6.724805114576231,3.125008783822175,55.178549411025415,55.85350680463301,0.2
23,5,2,7.73076653292812,4.884917169978858,2.600900970312914,55.178549411025415,55.85350680463301,0.2
23,5,3,13.13357632287265,12.612708300696161,6.132410896831129,55.178549411025415,55.85350680463301,0.2
23,5,4,6.271055773469033,7.086992816529094,3.680079229143719,55.178549411025415,55.85350680463301,0.2
23,5,5,16.30674495908398,15.520222121952873,7.731746056958559,55.178549411025415,55.85350680463301,0.2
23,5,6,17.782583918787196,16.834337229869334,8.46690593073423,55.178549411025415,55.85350680463301,0.2
23,5,7,12.940109976110556,12.37914252893251,6.010344784668425,55.178549411025415,55.85350680463301,0.2
23,5,8,10.738447463980787,10.334390049422701,4.910446299678016,55.178549411025415,55.85350680463301,0.2
23,5,9,5.943672904150275,5.553656553246101,2.6275314460201757,55.178549411025415,55.85350680463301,0.2
23,6,0,9.240818824416365,8.533372057873866,4.173103299865558,50.49757845463047,51.487405385945095,0.2
23,6,1,6.321813416365776,4.565611463109203,2.383003692486193,50.49757845463047,51.487405385945095,0.2
23,6,2,5.261556618299278,5.393437056480791,2.7875951748583216,50.49757845463047,51.487405385945095,0.2
23,6,3,12.405711524061031,11.269584177795267,5.667622617700531,50.49757845463047,51.487405385945095,0.2
23,6,4,7.444706832354825,7.197492047838968,3.7201513551075656,50.49757845463047,51.487405385945095,0.2
23,6,5,15.641125941102374,14.095048755270142,7.227625417399994,50.49757845463047,51.487405385945095,0.2
23,6,6,17.12833569784566,15.355388037466055,7.939078125951884,50.49757845463047,51.487405385945095,0.2
23,6,7,12.158774878779045,10.99636545521851,5.532104907336848,50.49757845463047,51.487405385945095,0.2
23,6,8,9.933708173351048,9.034357340800504,4.469404447029779,50.49757845463047,51.487405385945095,0.2
23,6,9,5.3154293944277535,4.115706392558964,2.1303633346599096,50.49757845463047,51.487405385945095,0.2
23,7,0,8.442082008071434,4.98293206122003,2.8636117410213906,50.04876748325671,53.39119668557237,0.2
23,7,1,4.820755958318499,6.513858891227842,3.0560629285522714,50.04876748325671,53.39119668557237,0.2
23,7,2,5.639234253371186,7.265507385369359,3.4340762803278704,50.04876748325671,53.39119668557237,0.2
23,7,3,11.465456637742424,12.756016537507584,6.181102592769869,50.04876748325671,53.39119668557237,0.2
23,7,4,7.525771725628724,9.080582654339489,4.377371188500629,50.04876748325671,53.39119668557237,0.2
23,7,5,14.621302688404093,15.855082898162237,7.848144501229936,50.04876748325671,53.39119668557237,0.2
23,7,6,16.060553451895398,17.25616176547618,8.614864699725278,50.04876748325671,53.39119668557237,0.2
23,7,7,11.19130775087611,12.47741085741171,6.043703150554918,50.04876748325671,53.39119668557237,0.2
23,7,8,9.041491704813565,4.026236293555596,2.538347362301513,50.04876748325671,53.39119668557237,0.2
23,7,9,4.309670929729175,5.984360278847116,2.768566893597091,50.04876748325671,53.39119668557237,0.2
23,8,0,5.793013836431419,8.470303439217993,4.151489428524584,56.89892675677038,62.75856516956328,0.2
23,8,1,6.182337701895947,5.802777548327762,2.8185165919595154,56.89892675677038,62.75856516956328,0.2
23,8,2,6.94704911364997,9.29688720529957,4.0809386613419845,56.89892675677038,62.75856516956328,0.2
23,8,3,12.504213588517516,15.420584562165505,7.058883047674423,56.89892675677038,62.75856516956328,0.2
23,8,4,8.855310759808402,11.423160841079095,5.140249248590048,56.89892675677038,62.75856516956328,0.2
23,8,5,15.876597038159224,19.181959363930538,8.967556165534226,56.89892675677038,62.75856516956328,0.2
23,8,6,17.427652530399495,20.934713907666797,9.862668586950226,56.89892675677038,62.75856516956328,0.2
23,8,7,12.226258005898877,15.157242871388554,6.925484131706528,56.89892675677038,62.75856516956328,0.2
23,8,8,5.135012257715151,8.104570510803253,4.142214410203365,56.89892675677038,62.75856516956328,0.2
23,8,9,5.600740523564609,6.528428053909664,2.942446971803907,56.89892675677038,62.75856516956328,0.2
23,9,0,8.39835769518939,12.777596647913004,5.535910758314686,68.96763556923912,72.71498576015529,0.2
23,9,1,5.701787494979767,9.828905956316001,4.075952142585417,68.96763556923912,72.71498576015529,0.2
23,9,2,8.255635284673685,8.281924060129935,3.763705594595271,68.96763556923912,72.71498576015529,0.2
23,9,3,14.279941159322012,19.286370066739124,8.255449925625514,68.96763556923912,72.71498576015529,0.2
23,9,4,10.398593703616864,6.968072984696359,3.636743385556538,68.96763556923912,72.71498576015529,0.2
23,9,5,18.1411384098413,23.81523029637535,10.433917024347057,68.96763556923912,72.71498576015529,0.2
23,9,6,19.951928108788053,25.977003284408493,11.47096232029024,68.96763556923912,72.71498576015529,0.2
23,9,7,14.01007853971586,19.04797553312562,8.126624048319133,68.96763556923912,72.71498576015529,0.2
23,9,8,8.379594568645981,13.091599857250255,5.794506809260668,68.96763556923912,72.71498576015529,0.2
23,9,9,5.952495506442485,9.820207039105053,3.91585913025622,68.96763556923912,72.71498576015529,0.2
23,10,0,11.199006890762352,14.017578925604262,5.906711582319834,75.7117047387404,75.98620266534104,0.2
23,10,1,8.245547683851754,7.958579356062099,3.5160928582894377,75.7117047387404,75.98620266534104,0.2
23,10,2,7.613880846140129,10.477329108630137,4.437099666573345,75.7117047387404,75.98620266534104,0.2
23,10,3,16.70056556901025,19.844248755881488,8.421891928920106,75.7117047387404,75.98620266534104,0.2
23,10,4,7.357039521204457,10.846373875907313,4.957160419136254,75.7117047387404,75.98620266534104,0.2
23,10,5,21.107549191937867,24.623600546293822,10.680586923682903,75.7117047387404,75.98620266534104,0.2
23,10,6,23.205465491953525,26.90760608755776,11.7570959246636,75.7117047387404,75.98620266534104,0.2
23,10,7,16.439954090493234,19.590794596991223,8.288051245274422,75.7117047387404,75.98620266534104,0.2
23,10,8,11.722140135299993,14.729202752951732,6.2928450762530534,75.7117047387404,75.98620266534104,0.2
23,10,9,7.921683585149521,8.820866084814435,3.6324568945845295,75.7117047387404,75.98620266534104,0.2
23,11,0,11.949127541984375,6.244339126518145,3.353630379880102,71.85239282671468,68.24954210707172,0.2
23,11,1,7.112966568220347,8.30935271259942,3.623868969484851,71.85239282671468,68.24954210707172,0.2
23,11,2,8.976139954265058,9.810040273448633,4.237340139205341,71.85239282671468,68.24954210707172,0.2
23,11,3,17.037273515215634,17.25381914104949,7.636336707388444,71.85239282671468,68.24954210707172,0.2
23,11,4,10.028209650804051,11.196254732913186,5.06856141988694,71.85239282671468,68.24954210707172,0.2
23,11,5,21.606556134608812,21.5556671919317,9.730654611122672,71.85239282671468,68.24954210707172,0.2
23,11,6,23.78430650781402,23.562559779431695,10.713792904034827,71.85239282671468,68.24954210707172,0.2
23,11,7,16.766517210815117,16.941620512453678,7.486597009242238,71.85239282671468,68.24954210707172,0.2
23,11,8,12.730265795128602,13.290857120385681,5.856102426267413,71.85239282671468,68.24954210707172,0.2
23,11,9,7.348368058814892,7.362188903090264,3.2007184907133954,71.85239282671468,68.24954210707172,0.2
23,12,0,6.784309099805814,7.398263447343391,3.7762915152373813,61.42465473620756,58.743146988390365,0.2
23,12,1,7.330994904411311,6.930411431061745,3.1915875533597324,61.42465473620756,58.743146988390365,0.2
23,12,2,8.572031502890608,5.507298146921536,2.828660237934075,61.42465473620756,58.743146988390365,0.2
23,12,3,15.448115249650375,13.923882740103508,6.572001448970995,61.42465473620756,58.743146988390365,0.2
23,12,4,10.253571046518559,9.577203491993675,4.5436081998152975,61.42465473620756,58.743146988390365,0.2
23,12,5,19.684867187918044,17.581015523696223,8.436839726901425,61.42465473620756,58.743146988390365,0.2
23,12,6,21.67373098966174,19.245842493661225,9.298724222311114,61.42465473620756,58.743146988390365,0.2
23,12,7,15.145195642638765,13.586552744440636,6.414938352870776,61.42465473620756,58.743146988390365,0.2
23,12,8,11.846746504407955,10.784098480254642,5.05906504582774,61.42465473620756,58.743146988390365,0.2
23,12,9,6.474972230911135,4.950947635098416,2.4245125819439415,61.42465473620756,58.743146988390365,0.2
23,13,0,7.639341844005001,8.771137059599099,4.2541596734288385,55.59114880918145,56.35622668187691,0.2
23,13,1,6.456500576506445,5.249002712758863,2.6274182269606947,55.59114880918145,56.35622668187691,0.2
23,13,2,5.722307833208834,6.974200847006522,3.337105133140188,55.59114880918145,56.35622668187691,0.2
23,13,3,13.294992048522937,13.623456947651103,6.472417553014952,55.59114880918145,56.35622668187691,0.2
23,13,4,9.19160401244376,9.85330734977955,4.634908818872446,55.59114880918145,56.35622668187691,0.2
23,13,5,17.06751253096261,17.150912287796366,8.29182422173721,55.59114880918145,56.35622668187691,0.2
23,13,6,18.81108297935488,18.756122774282208,9.132457620543354,55.59114880918145,56.35622668187691,0.2
23,13,7,12.977257393413305,13.296190512348554,6.318660948119782,55.59114880918145,56.35622668187691,0.2
23,13,8,10.234360122938098,4.28528354294668,2.6515954540667117,55.59114880918145,56.35622668187691,0.2
23,13,9,4.904727387656847,6.007504398632429,2.7760576281211806,55.59114880918145,56.35622668187691,0.2
23,14,0,8.606056993526535,11.08013537209555,5.0102131761264594,58.72412955904238,63.19274836825176,0.2
23,14,1,5.315200355145393,7.753438700140233,3.452403122039713,58.72412955904238,63.19274836825176,0.2
23,14,2,6.750878945276339,9.117707089585782,4.025721426854925,58.72412955904238,63.19274836825176,0.2
23,14,3,13.09353635573641,15.809576855466357,7.183061301186894,58.72412955904238,63.19274836825176,0.2
23,14,4,9.376302846400966,5.810223931048837,3.202349906177323,58.72412955904238,63.19274836825176,0.2
23,14,5,16.7741498463922,19.782661287581774,9.163224552263726,58.72412955904238,63.19274836825176,0.2
23,14,6,18.474729865984308,21.633010347960813,10.091817527164332,58.72412955904238,63.19274836825176,0.2
23,14,7,12.782490648372903,15.509033897375309,7.037611902209811,58.72412955904238,63.19274836825176,0.2
23,14,8,5.36411027164886,8.620364281080208,4.325033789581873,58.72412955904238,63.19274836825176,0.2
23,14,9,5.61589408929472,6.860423059595656,3.046409196738507,58.72412955904238,63.19274836825176,0.2
23,15,0,10.135534031027282,7.599748124593173,3.8479914417604575,69.45266850426829,73.67440405792993,0.2
23,15,1,6.984123849059779,10.879023168805073,4.376111525507807,69.45266850426829,73.67440405792993,0.2
23,15,2,8.143932221436865,8.894353330510887,3.9564332074179656,69.45266850426829,73.67440405792993,0.2
23,15,3,14.531150612921001,19.501476895921154,8.319795518068634,69.45266850426829,73.67440405792993,0.2
23,15,4,6.478272542968149,11.213422938994588,5.074000620336689,69.45266850426829,73.67440405792993,0.2
23,15,5,18.536970587590336,24.18776991115609,10.54790255210487,69.45266850426829,73.67440405792993,0.2
23,15,6,20.4154905960652,26.42519566378334,11.609145835686977,69.45266850426829,73.67440405792993,0.2
23,15,7,14.236910172185015,19.238339896103614,8.18339109576372,69.45266850426829,73.67440405792993,0.2
23,15,8,8.749433530798635,13.371135598615478,5.880840177394101,69.45266850426829,73.67440405792993,0.2
23,15,9,6.162808447573785,9.956190317876704,3.9537375922913216,69.45266850426829,73.67440405792993,0.2
23,16,0,7.784388974685903,11.728806951378058,5.213775716103825,78.46536096689935,79.19229672793251,0.2
23,16,1,8.85276249356053,8.743134168763921,3.755281090545685,78.46536096689935,79.19229672793251,0.2
23,16,2,8.003763912950731,11.438848598824801,4.718363461632634,78.46536096689935,79.19229672793251,0.2
23,16,3,16.83073506859591,20.893874434108337,8.731295502147082,78.46536096689935,79.19229672793251,0.2
23,16,4,10.264574410910857,13.971662388300162,5.918442490737268,78.46536096689935,79.19229672793251,0.2
23,16,5,21.338139020158938,25.94024095214822,11.077221319264474,78.46536096689935,79.19229672793251,0.2
23,16,6,23.485007234708952,28.366035406527352,12.199627413158746,78.46536096689935,79.19229672793251,0.2
23,16,7,16.55479238598875,20.63761706278486,8.595629280886774,78.46536096689935,79.19229672793251,0.2
23,16,8,11.896790346771859,15.663736449866667,6.569742212333202,78.46536096689935,79.19229672793251,0.2
23,16,9,7.998310751999249,9.719749762378406,3.8877754050415056,78.46536096689935,79.19229672793251,0.2
23,17,0,10.547335880340622,12.094527379775878,5.3270514295677955,76.91232423970294,73.09946071657839,0.2
23,17,1,7.596838288371135,9.047006422328081,3.8461735716453997,76.91232423970294,73.09946071657839,0.2
23,17,2,9.545129469542195,7.105877763135424,3.381085758924525,76.91232423970294,73.09946071657839,0.2
23,17,3,17.663189087172988,18.568088825125706,8.039007687513461,76.91232423970294,73.09946071657839,0.2
23,17,4,11.972858871830043,13.179156693623558,5.681396626877102,76.91232423970294,73.09946071657839,0.2
23,17,5,22.4089374451384,23.211040184154292,10.247908785884919,76.91232423970294,73.09946071657839,0.2
23,17,6,24.679536471843495,25.40156932269222,11.292494886764588,76.91232423970294,73.09946071657839,0.2
23,17,7,17.388739766533934,18.263189487341275,7.890774444728651,76.91232423970294,73.09946071657839,0.2
23,17,8,13.29042167017345,14.37809791521238,6.187462465920015,76.91232423970294,73.09946071657839,0.2
23,17,9,7.864870922169815,8.03171857604483,3.401798200831876,76.91232423970294,73.09946071657839,0.2
23,18,0,10.77648977226955,10.154669308530973,4.713469571038587,66.07169689751173,62.122942242194256,0.2
23,18,1,7.780711469604295,5.324494411972759,2.653812975778667,66.07169689751173,62.122942242194256,0.2
23,18,2,6.839850634438608,6.988681839945341,3.341953959789484,66.07169689751173,62.122942242194256,0.2
23,18,3,16.262708417424445,14.695453295014936,6.824855980608391,66.07169689751173,62.122942242194256,0.2
23,18,4,11.493321108543395,10.574820649112965,4.869954249429319,66.07169689751173,62.122942242194256,0.2
23,18,5,20.731259248833688,18.575925728408293,8.768278892742961,66.07169689751173,62.122942242194256,0.2
23,18,6,22.844430405752295,20.357065801762047,9.67137326244101,66.07169689751173,62.122942242194256,0.2
23,18,7,15.962836331355533,14.35595536880542,6.667122909023924,66.07169689751173,62.122942242194256,0.2
23,18,8,12.517079450404088,11.404138404377923,5.260963724498313,66.07169689751173,62.122942242194256,0.2
23,18,9,6.881751378466417,5.999064849870086,2.773327121653193,66.07169689751173,62.122942242194256,0.2
23,19,0,9.535229253140933,9.637978754348067,4.544277389379064,57.45758850661212,56.96165699978252,0.2
23,19,1,5.368596261762646,6.11797120663062,2.9248301467133806,57.45758850661212,56.96165699978252,0.2
23,19,2,6.760687998461674,7.2058758920735215,3.4143223297374883,57.45758850661212,56.96165699978252,0.2
23,19,3,13.806510345293631,13.374676902120777,6.3894534436469455,57.45758850661212,56.96165699978252,0.2
23,19,4,9.851793783912028,4.463571771284353,2.662634406380383,57.45758850661212,56.96165699978252,0.2
23,19,5,17.738005547229708,16.913347351533737,8.211258538415949,57.45758850661212,56.96165699978252,0.2
23,19,6,19.56494252486554,18.522741254943156,9.052764042564764,57.45758850661212,56.96165699978252,0.2
23,19,7,13.487420346792042,13.040089158181553,6.233218979281025,57.45758850661212,56.96165699978252,0.2
23,19,8,10.642796023078205,10.494592782596833,4.963608112614915,57.45758850661212,56.96165699978252,0.2
23,19,9,5.610370344045695,5.394797027281909,2.574691420419383,57.45758850661212,56.96165699978252,0.2
23,20,0,9.192957765938537,9.453911732054475,4.483350973967788,57.815382420673075,56.96165699978252,0.2
23,20,1,5.9168571166281545,6.115921565539976,2.9241441991653248,57.815382420673075,56.96165699978252,0.2
23,20,2,6.907087373217432,7.128710346239166,3.3886869641929964,57.815382420673075,56.96165699978252,0.2
23,20,3,12.925702069191455,13.280228948806297,6.357835603534721,57.815382420673075,56.96165699978252,0.2
23,20,4,5.386441791867448,5.546610170172813,3.0999388328633195,57.815382420673075,56.96165699978252,0.2
23,20,5,16.611167514836612,17.049771038970217,8.257565260462254,57.815382420673075,56.96165699978252,0.2
23,20,6,18.313511781391586,18.796426641781924,9.146190116646402,57.815382420673075,56.96165699978252,0.2
23,20,7,12.609643715038876,12.965778334996326,6.208333046158449,57.815382420673075,56.96165699978252,0.2
23,20,8,10.041253170985188,10.339138669736798,4.912025625275432,57.815382420673075,56.96165699978252,0.2
23,20,9,5.208535364403417,5.392277828123054,2.573849751976412,57.815382420673075,56.96165699978252,0.2
24,0,0,2.0,2.0,2.0727743710373083,17.44368023314217,17.44368023314217,0.0
24,0,1,2.0,2.0,1.4318417692681487,17.44368023314217,17.44368023314217,0.0
24,0,2,2.0,2.0,1.431816037016127,17.44368023314217,17.44368023314217,0.0
24,0,3,2.0,2.0,2.2035271881801606,17.44368023314217,17.44368023314217,0.0
24,0,4,2.0,2.0,1.7472262764426947,17.44368023314217,17.44368023314217,0.0
24,0,5,2.0,2.0,1.4510263824134226,17.44368023314217,17.44368023314217,0.0
24,0,6,2.0,2.0,1.4377139067612368,17.44368023314217,17.44368023314217,0.0
24,0,7,2.0,2.0,1.4184706442321091,17.44368023314217,17.44368023314217,0.0
24,0,8,2.0,2.0,1.4926917379501352,17.44368023314217,17.44368023314217,0.0
24,0,9,2.0,2.0,1.5730394565522139,17.44368023314217,17.44368023314217,0.0
24,1,0,4.193169918676439,5.11000825232241,3.9969264281248833,17.44368023314217,27.545373577723442,0.0
24,1,1,2.8965795404904613,3.4398058064710058,2.092896627159619,17.44368023314217,27.545373577723442,0.0
24,1,2,2.8965274847980407,2.869530094075354,1.8434602355557201,17.44368023314217,27.545373577723442,0.0
24,1,3,4.457679547551883,5.4507362389955,4.445453106355086,17.44368023314217,27.545373577723442,0.0
24,1,4,3.534594389949972,4.2616644134642625,2.9671098756230005,17.44368023314217,27.545373577723442,0.0
24,1,5,2.935389525728724,3.489798875491841,2.142469217020653,17.44368023314217,27.545373577723442,0.0
24,1,6,2.9084587255278693,3.4551079745558537,2.1080194487920996,17.44368023314217,27.545373577723442,0.0
24,1,7,2.869530094075354,3.150107722919661,1.9495175051983653,17.44368023314217,27.545373577723442,0.0
24,1,8,3.019677481971675,3.598374377085299,2.2517676418267625,17.44368023314217,27.545373577723442,0.0
24,1,9,3.18221887643513,3.8077520179750706,2.4688043791841214,17.44368023314217,27.545373577723442,0.0
24,2,0,8.08568067019701,10.665534236930064,6.689888247735772,29.86323684085828,41.515377998198886,0.2
24,2,1,4.233876731847692,4.862852651350757,2.6668452017586133,29.86323684085828,41.515377998198886,0.2
24,2,2,3.7292732455679785,5.422655763509784,2.878158126717897,29.86323684085828,41.515377998198886,0.2
24,2,3,8.993038750824734,11.772644850937299,7.620952352502574,29.86323684085828,41.515377998198886,0.2
24,2,4,6.002387934603722,8.106640339668845,4.653897235935667,29.86323684085828,41.515377998198886,0.2
24,2,5,4.334160822340448,4.334958462549263,2.4936975014583744,29.86323684085828,41.515377998198886,0.2
24,2,6,4.264469815996591,6.055596195866893,3.122204259552607,29.86323684085828,41.515377998198886,0.2
24,2,7,3.9438244089442125,5.6221447215862925,2.924359562266183,29.86323684085828,41.515377998198886,0.2
24,2,8,4.555268760309761,6.351931753700734,3.351839451543967,29.86323684085828,41.515377998198886,0.2
24,2,9,4.994328568772713,6.919500152875307,3.750342448245506,29.86323684085828,41.515377998198886,0.2
24,3,0,13.53347404892617,17.572755791184626,9.488967185164297,45.29036063694466,55.38168105740692,0.2
24,3,1,5.394960123992936,7.954642426910431,3.7636436259524926,45.29036063694466,55.38168105740692,0.2
24,3,2,5.822440805319274,8.35859204640371,3.8963630482619895,45.29036063694466,55.38168105740692,0.2
24,3,3,15.41699309037098,19.815130139211508,10.972239196853371,45.29036063694466,55.38168105740692,0.2
24,3,4,9.414715931947239,12.633149967077351,6.348722016598641,45.29036063694466,55.38168105740692,0.2
24,3,5,5.044686723022803,7.733031107526208,3.7393760478965823,45.29036063694466,55.38168105740692,0.2
24,3,6,6.316139934983687,5.969918779419643,3.091216141242903,45.29036063694466,55.38168105740692,0.2
24,3,7,5.915905136241018,6.761818618148845,3.327697321927632,45.29036063694466,55.38168105740692,0.2
24,3,8,6.780686097258833,9.492373668335299,4.440291788434381,45.29036063694466,55.38168105740692,0.2
24,3,9,7.586847540404751,10.5084281627094,5.024525457390099,45.29036063694466,55.38168105740692,0.2
24,4,0,19.195939662369845,21.968266141349304,11.093997919690663,56.16322738512595,61.54678251249922,0.2
24,4,1,7.613755485149356,9.613478096766032,4.297247911818062,56.16322738512595,61.54678251249922,0.2
24,4,2,7.882243506338942,7.403180176439352,3.57897816589423,56.16322738512595,61.54678251249922,0.2
24,4,3,22.196561277310376,25.14262364682887,12.962382499700315,56.16322738512595,61.54678251249922,0.2
24,4,4,12.843303426565324,15.18335544800821,7.22080450020799,56.16322738512595,61.54678251249922,0.2
24,4,5,7.564662790968535,9.657115884580804,4.368652714500298,56.16322738512595,61.54678251249922,0.2
24,4,6,6.253451758524031,8.599651021156467,3.9910581545399872,56.16322738512595,61.54678251249922,0.2
24,4,7,6.731847182085763,8.862895493810255,4.021631697597518,56.16322738512595,61.54678251249922,0.2
24,4,8,8.982597535732426,6.443467278443449,3.3855783687674665,56.16322738512595,61.54678251249922,0.2
24,4,9,10.16448741259206,12.276012771148759,5.602201833204612,56.16322738512595,61.54678251249922,0.2
24,5,0,22.442876081792587,21.53128323898699,10.939059208820684,56.88890665413584,58.49846203550912,0.2
24,5,1,8.693223405648869,6.611696554881128,3.3066868610762286,56.88890665413584,58.49846203550912,0.2
24,5,2,7.240181948659062,7.9311502063848485,3.7557921330355604,56.88890665413584,58.49846203550912,0.2
24,5,3,26.22257064328732,24.952928747549837,12.89384618276111,56.88890665413584,58.49846203550912,0.2
24,5,4,14.607504146128129,14.373301588089847,6.948926726103702,56.88890665413584,58.49846203550912,0.2
24,5,5,8.837673508293827,5.832411139810862,3.069361231961877,56.88890665413584,58.49846203550912,0.2
24,5,6,8.073809301747758,8.347955462507738,3.908927027405594,56.88890665413584,58.49846203550912,0.2
24,5,7,8.13565880299957,8.455406660831738,3.891289168521835,56.88890665413584,58.49846203550912,0.2
24,5,8,6.848939070070096,7.883522194511832,3.899000925550954,56.88890665413584,58.49846203550912,0.2
24,5,9,11.333112051936292,11.21017772434145,5.257113672799035,56.88890665413584,58.49846203550912,0.2
24,6,0,22.129439004059247,20.15879879491247,10.446150735366299,52.88890250787814,54.533041899826806,0.2
24,6,1,6.689343553301726,6.95886285227935,3.4272897692842514,52.88890250787814,54.533041899826806,0.2
24,6,2,7.597872114351257,7.551608761802759,3.6290576108663055,52.88890250787814,54.533041899826806,0.2
24,6,3,26.083923414461093,23.582314745306935,12.393898023374573,52.88890250787814,54.533041899826806,0.2
24,6,4,14.057502312903853,13.121724878474405,6.519612816647841,52.88890250787814,54.533041899826806,0.2
24,6,5,6.209239832009937,6.66425282113029,3.3696154205329956,52.88890250787814,54.533041899826806,0.2
24,6,6,7.9076601171095,5.008266800625978,2.733585714780859,52.88890250787814,54.533041899826806,0.2
24,6,7,7.8719791764655715,5.674338804908371,2.9433373370876534,52.88890250787814,54.533041899826806,0.2
24,6,8,7.8875798651109355,7.883295142863776,3.8989223192031783,52.88890250787814,54.533041899826806,0.2
24,6,9,10.635007466254875,9.978609518781372,4.8458240269827755,52.88890250787814,54.533041899826806,0.2
24,7,0,21.132297678679336,22.100787152983695,11.140801917829478,53.00930419275251,57.120704929850845,0.2
24,7,1,6.933320174138513,8.316120781166516,3.8825636322409895,53.00930419275251,57.120704929850845,0.2
24,7,2,7.34149139417089,6.183786531684643,3.155326956949504,53.00930419275251,57.120704929850845,0.2
24,7,3,25.072540983199094,25.925477336611127,13.24360287258799,53.00930419275251,57.120704929850845,0.2
24,7,4,13.189011175637042,14.3403402939442,6.937768041505106,53.00930419275251,57.120704929850845,0.2
24,7,5,6.816646431138692,8.281871896451099,3.923234502189839,53.00930419275251,57.120704929850845,0.2
24,7,6,5.52997448709598,7.328926676560734,3.5684510224356587,53.00930419275251,57.120704929850845,0.2
24,7,7,5.95429669280247,7.574031300779982,3.602701847696272,53.00930419275251,57.120704929850845,0.2
24,7,8,7.887420846465435,9.22751174368441,4.353197355270772,53.00930419275251,57.120704929850845,0.2
24,7,9,9.80297895664109,5.197273341145318,3.0694566912870602,53.00930419275251,57.120704929850845,0.2
24,8,0,22.53755938153411,27.201651364333703,12.883911181617536,60.87345869467908,66.91663749037205,0.2
24,8,1,7.854327638136848,8.052011022471566,3.795832875873095,60.87345869467908,66.91663749037205,0.2
24,8,2,6.3831463107333954,9.467641781810459,4.251434551637889,60.87345869467908,66.91663749037205,0.2
24,8,3,26.791472316613902,31.942487173082082,15.326942453253878,60.87345869467908,66.91663749037205,0.2
24,8,4,14.034928577313226,17.676259669750234,8.031587894017326,60.87345869467908,66.91663749037205,0.2
24,8,5,7.93660377528851,10.960813959158983,4.773580781160803,60.87345869467908,66.91663749037205,0.2
24,8,6,7.218885804757986,10.347143881589128,4.542823025725754,60.87345869467908,66.91663749037205,0.2
24,8,7,7.288174354529457,10.210796277388553,4.440594158990885,60.87345869467908,66.91663749037205,0.2
24,8,8,8.806407709030228,7.004863663711982,3.5894583048525663,60.87345869467908,66.91663749037205,0.2
24,8,9,6.209432943800786,9.976111671507272,4.844974889836518,60.87345869467908,66.91663749037205,0.2
24,9,0,26.063825159427,32.99978337873787,14.749890475903179,73.53709020411274,77.64580653420099,0.2
24,9,1,7.678873520357539,11.815578820233373,4.964694523030394,73.53709020411274,77.64580653420099,0.2
24,9,2,8.600544141342425,12.64395284709415,5.205761087062711,73.53709020411274,77.64580653420099,0.2
24,9,3,31.00601538608673,38.76413107619046,17.550862097064854,73.53709020411274,77.64580653420099,0.2
24,9,4,16.247698363592477,21.48718299052311,9.207755807020087,73.53709020411274,77.64580653420099,0.2
24,9,5,9.656832704815017,8.670303153704301,4.051149867722891,73.53709020411274,77.64580653420099,0.2
24,9,6,9.190015625198528,13.490526293142858,5.469803207277253,73.53709020411274,77.64580653420099,0.2
24,9,7,8.983209223690142,9.884413246702096,4.340752071935901,73.53709020411274,77.64580653420099,0.2
24,9,8,7.2613830036497475,11.819329082245874,5.176832453014276,73.53709020411274,77.64580653420099,0.2
24,9,9,9.801261173756338,14.525189037550463,6.30236968469192,73.53709020411274,77.64580653420099,0.2
24,10,0,29.838653888979454,34.74378938512222,15.291322990160477,80.84573375162593,80.428177173212,0.2
24,10,1,10.043450951668495,13.33628990838029,5.403791076845919,80.84573375162593,80.428177173212,0.2
24,10,2,10.531122489305817,8.876615199262682,4.063866203158835,80.84573375162593,80.428177173212,0.2
24,10,3,35.5049483535544,40.85226488325828,18.20743272201566,80.84573375162593,80.428177173212,0.2
24,10,4,18.62705618518089,22.564690061014108,9.528591665648687,80.84573375162593,80.428177173212,0.2
24,10,5,8.1953733116087,12.059773201897473,5.103777231835765,80.84573375162593,80.428177173212,0.2
24,10,6,11.06527299368179,10.050938373729032,4.451394693737599,80.84573375162593,80.428177173212,0.2
24,10,7,8.781231216866699,12.260649644993471,5.047296212227958,80.84573375162593,80.428177173212,0.2
24,10,8,10.472600597210254,14.07028664122117,5.84872488833939,80.84573375162593,80.428177173212,0.2
24,10,9,12.749533836142172,16.46438423199231,6.880190514127697,80.84573375162593,80.428177173212,0.2
24,11,0,30.933958116733336,30.459575901456677,13.945616874474197,76.05271454395422,72.5664857830688,0.2
24,11,1,10.931732130064352,8.324197548624843,3.885202819256407,76.05271454395422,72.5664857830688,0.2
24,11,2,8.221098135289877,9.890901496871274,4.383604248616242,76.05271454395422,72.5664857830688,0.2
24,11,3,36.83317405554073,35.93168665853895,16.643004824983045,76.05271454395422,72.5664857830688,0.2
24,11,4,19.276098980205862,19.555001437766247,8.62002751312524,76.05271454395422,72.5664857830688,0.2
24,11,5,10.324811739856385,11.301126155086571,4.876851347363095,76.05271454395422,72.5664857830688,0.2
24,11,6,9.00505843122491,10.281810762365053,4.5227252023335245,76.05271454395422,72.5664857830688,0.2
24,11,7,10.210552071411573,7.357862801789022,3.53041317553756,76.05271454395422,72.5664857830688,0.2
24,11,8,11.831821932517288,12.593075163681018,5.411795645961504,76.05271454395422,72.5664857830688,0.2
24,11,9,13.918450701494114,14.493063086457248,6.2926089993734955,76.05271454395422,72.5664857830688,0.2
24,12,0,28.211628816197486,25.52143870654029,12.321530042502104,65.30990827238185,62.653094494909276,0.2
24,12,1,7.8596666464521965,8.427146244364986,3.918775659871592,65.30990827238185,62.653094494909276,0.2
24,12,2,8.867920082146275,9.033700115108683,4.114074900049418,65.30990827238185,62.653094494909276,0.2
24,12,3,33.66837614534053,30.184466394696216,14.731462628669352,65.30990827238185,62.653094494909276,0.2
24,12,4,17.438096770808368,16.245296732856392,7.570725667178253,65.30990827238185,62.653094494909276,0.2
24,12,5,9.86574643789414,5.7388079790781195,3.034795960143664,65.30990827238185,62.653094494909276,0.2
24,12,6,9.14935823881981,9.012849317140875,4.124344688039545,65.30990827238185,62.653094494909276,0.2
24,12,7,7.141936206377673,7.9461163871069855,3.725699304276351,65.30990827238185,62.653094494909276,0.2
24,12,8,10.947925170125265,6.613537962365202,3.4478854410622253,65.30990827238185,62.653094494909276,0.2
24,12,9,12.729788217595955,12.041608321900272,5.527105660164443,65.30990827238185,62.653094494909276,0.2
24,13,0,24.92614239553327,24.439156569049764,11.95339807610683,59.291299121420224,60.710904222284064,0.2
24,13,1,7.9275836505020205,8.705466755106956,4.008930002450316,59.291299121420224,60.710904222284064,0.2
24,13,2,8.322669054150753,6.273252582773871,3.187213580929424,59.291299121420224,60.710904222284064,0.2
24,13,3,29.8013748219635,28.94928609811239,14.306846489657485,59.291299121420224,60.710904222284064,0.2
24,13,4,15.315385781365432,15.495183160658796,7.324295461126778,59.291299121420224,60.710904222284064,0.2
24,13,5,6.139315164837179,7.5393678981331025,3.6735737839134193,59.291299121420224,60.710904222284064,0.2
24,13,6,8.34344457447419,5.474869938776016,2.9094650273741514,59.291299121420224,60.710904222284064,0.2
24,13,7,7.536995085918178,8.371468911843849,3.864208251291395,59.291299121420224,60.710904222284064,0.2
24,13,8,6.974984695159735,8.25597488929662,4.027049671208322,59.291299121420224,60.710904222284064,0.2
24,13,9,11.181194400792153,11.568868079118776,5.374303981494616,59.291299121420224,60.710904222284064,0.2
24,14,0,24.181420775485755,27.880763083387098,13.108237225515726,63.26177629529838,67.50311319002083,0.2
24,14,1,8.109963596250758,7.336313139808336,3.5563830574868756,63.26177629529838,67.50311319002083,0.2
24,14,2,6.447652141348154,9.148953527732406,4.150746597434655,63.26177629529838,67.50311319002083,0.2
24,14,3,28.942387155014462,32.99287323514119,15.67803080102224,63.26177629529838,67.50311319002083,0.2
24,14,4,14.816863732122242,17.777344978154655,8.063711577996798,63.26177629529838,67.50311319002083,0.2
24,14,5,7.431546481846611,10.073226328496666,4.499583610288219,63.26177629529838,67.50311319002083,0.2
24,14,6,5.885773870371164,8.816012349489768,4.061084345718074,63.26177629529838,67.50311319002083,0.2
24,14,7,7.817195168573762,6.418257460461408,3.2084209935673003,63.26177629529838,67.50311319002083,0.2
24,14,8,8.146619226035696,10.829079186999088,4.869262666549213,63.26177629529838,67.50311319002083,0.2
24,14,9,10.872080484934084,13.578086711909481,6.0118152213505995,63.26177629529838,67.50311319002083,0.2
24,15,0,26.51763104992479,33.89903998106281,15.030111853763382,74.19002123585463,77.15259931324337,0.2
24,15,1,7.194472618108271,11.838543881490805,4.97144721050523,74.19002123585463,77.15259931324337,0.2
24,15,2,8.396854966757164,12.84314981510516,5.263035622040719,74.19002123585463,77.15259931324337,0.2
24,15,3,31.71625819844038,39.95709740796205,17.92722912261127,74.19002123585463,77.15259931324337,0.2
24,15,4,16.312683760566674,21.936324419949685,9.342064419134031,74.19002123585463,77.15259931324337,0.2
24,15,5,9.102543385746296,7.753745066974396,3.7463847276494118,74.19002123585463,77.15259931324337,0.2
24,15,6,8.215470508326886,12.97526299451669,5.322709880247232,74.19002123585463,77.15259931324337,0.2
24,15,7,6.4905541985950315,11.22959754527502,4.746290213298498,74.19002123585463,77.15259931324337,0.2
24,15,8,9.85039472930693,14.560166951676866,5.990534592821707,74.19002123585463,77.15259931324337,0.2
24,15,9,12.161749534848306,9.000285370201741,4.508146440552902,74.19002123585463,77.15259931324337,0.2
24,16,0,30.405534620732926,36.69010749623943,15.88602794222272,82.16973903023504,81.8766809885935,0.2
24,16,1,10.057111466959185,13.993329512747351,5.588802635323797,82.16973903023504,81.8766809885935,0.2
24,16,2,10.646987419194824,9.961114728726686,4.405363862993024,82.16973903023504,81.8766809885935,0.2
24,16,3,36.26632928915192,43.21749544022317,18.939091089750367,82.16973903023504,81.8766809885935,0.2
24,16,4,18.898759096990602,23.77949781586668,9.884848798194577,82.16973903023504,81.8766809885935,0.2
24,16,5,7.5788411721371975,12.233117648280135,5.155019572637181,82.16973903023504,81.8766809885935,0.2
24,16,6,10.767706928238955,14.836272036675537,5.846269455606329,82.16973903023504,81.8766809885935,0.2
24,16,7,9.601624579018603,13.543790031261485,5.41149802139073,82.16973903023504,81.8766809885935,0.2
24,16,8,12.118699363713073,8.572915702185496,4.134653495309042,82.16973903023504,81.8766809885935,0.2
24,16,9,9.119865773935915,14.191455447159067,6.200653682139864,82.16973903023504,81.8766809885935,0.2
24,17,0,32.137031133420315,33.18100979178222,14.80654572950763,79.51942418717914,76.03551918041501,0.2
24,17,1,11.306005814869055,7.892029771545565,3.74288195948537,79.51942418717914,76.03551918041501,0.2
24,17,2,8.911939229488906,11.124108253919132,4.759396315116843,79.51942418717914,76.03551918041501,0.2
24,17,3,38.31330035447684,39.157273607445255,17.67527292247182,79.51942418717914,76.03551918041501,0.2
24,17,4,19.996798112913567,21.330561663030124,9.160723169270124,79.51942418717914,76.03551918041501,0.2
24,17,5,10.42847369410157,12.231936247841645,5.1546710791828305,79.51942418717914,76.03551918041501,0.2
24,17,6,11.826854654449074,8.930290041433386,4.09786240285104,79.51942418717914,76.03551918041501,0.2
24,17,7,10.947323083176164,12.434042604007844,5.097156887785397,79.51942418717914,76.03551918041501,0.2
24,17,8,8.364299029808977,11.158858782745146,4.972593742519452,79.51942418717914,76.03551918041501,0.2
24,17,9,12.543764945852464,14.470821461086244,6.285847622346932,79.51942418717914,76.03551918041501,0.2
24,18,0,29.953266028375158,27.1377404941856,12.86271398591918,68.72548343703392,65.32624558782202,0.2
24,18,1,7.571755161087087,8.412790906896841,3.914101620609324,68.72548343703392,65.32624558782202,0.2
24,18,2,9.628137890194044,9.651077159482623,4.308928392752206,68.72548343703392,65.32624558782202,0.2
24,18,3,35.75662829419025,32.12860758039149,15.389402174872666,68.72548343703392,65.32624558782202,0.2
24,18,4,18.53191035331186,17.241022066677356,7.89263939420941,68.72548343703392,65.32624558782202,0.2
24,18,5,10.42776870069271,6.160525157953836,3.1892365060415844,68.72548343703392,65.32624558782202,0.2
24,18,6,8.28987158400216,8.65970977351543,4.01054886863739,68.72548343703392,65.32624558782202,0.2
24,18,7,10.3114189519528,7.02174346564746,3.4167313027529955,68.72548343703392,65.32624558782202,0.2
24,18,8,10.059430872110086,10.139569379384236,4.650105326026479,68.72548343703392,65.32624558782202,0.2
24,18,9,12.716110123562773,12.202990884694586,5.578854308891816,68.72548343703392,65.32624558782202,0.2
24,19,0,26.020943770789337,24.766480137245576,12.065241934552715,60.42032785622914,60.484994336152496,0.2
24,19,1,7.918128187762269,8.681147091327585,4.001087147405323,60.42032785622914,60.484994336152496,0.2
24,19,2,8.716852721976345,6.498431577926641,3.2668726938980766,60.42032785622914,60.484994336152496,0.2
24,19,3,31.132369816882658,29.328625125142946,14.437819552548534,60.42032785622914,60.484994336152496,0.2
24,19,4,15.966609076798472,15.729469513550576,7.401640861233197,60.42032785622914,60.484994336152496,0.2
24,19,5,6.451744467481944,7.833170705018843,3.773206948819015,60.42032785622914,60.484994336152496,0.2
24,19,6,8.113238521439358,8.678818446304629,4.016741645110533,60.42032785622914,60.484994336152496,0.2
24,19,7,6.911960664456783,7.989589882738518,3.739956029253773,60.42032785622914,60.484994336152496,0.2
24,19,8,9.407044994488869,9.87777083489913,4.565731777228745,60.42032785622914,60.484994336152496,0.2
24,19,9,11.28588060311488,5.474461729848928,3.18315375019399,60.42032785622914,60.484994336152496,0.2
24,20,0,24.40767806107217,25.02077361782659,12.151826121481587,61.391526553910694,60.484994336152496,0.2
24,20,1,8.094097699648248,8.329278733569572,3.886862767715458,61.391526553910694,60.484994336152496,0.2
24,20,2,6.608800504100942,6.799980243073686,3.372264114510405,61.391526553910694,60.484994336152496,0.2
24,20,3,29.20734233544581,29.93216046552074,14.645158012060886,61.391526553910694,60.484994336152496,0.2
24,20,4,14.973331512506812,15.367501501201234,7.281996072985882,61.391526553910694,60.484994336152496,0.2
24,20,5,7.633101844467,7.863854742289931,3.783547144351624,61.391526553910694,60.484994336152496,0.2
24,20,6,8.125766350991436,8.38799528367002,3.922041646740125,61.391526553910694,60.484994336152496,0.2
24,20,7,7.565836078526674,7.788617091777075,3.673851541631013,61.391526553910694,60.484994336152496,0.2
24,20,8,9.236359447767457,9.50784697555107,4.445357165089914,61.391526553910694,60.484994336152496,0.2
24,20,9,6.4394392068616,6.627620978905292,3.6388904733379586,61.391526553910694,60.484994336152496,0.2
25,0,0,2.0,2.0,1.5899618526288104,18.03501921013973,18.03501921013973,0.0
25,0,1,2.0,2.0,1.3919014793011828,18.03501921013973,18.03501921013973,0.0
25,0,2,2.0,2.0,1.3521085730303006,18.03501921013973,18.03501921013973,0.0
25,0,3,2.0,2.0,1.610179599138502,18.03501921013973,18.03501921013973,0.0
25,0,4,2.0,2.0,1.5814175503612018,18.03501921013973,18.03501921013973,0.0
25,0,5,2.0,2.0,1.5628993370918958,18.03501921013973,18.03501921013973,0.0
25,0,6,2.0,2.0,1.69547565454954,18.03501921013973,18.03501921013973,0.0
25,0,7,2.0,2.0,1.7156979410707032,18.03501921013973,18.03501921013973,0.0
25,0,8,2.0,2.0,1.425156322114931,18.03501921013973,18.03501921013973,0.0
25,0,9,2.0,2.0,1.540199210958055,18.03501921013973,18.03501921013973,0.0
25,1,0,3.2164524539879062,3.8760839089323733,2.5266258006822384,18.03501921013973,27.601499461617944,0.0
25,1,1,2.8157813480905416,2.735281309165287,1.7329614342760669,18.03501921013973,27.601499461617944,0.0
25,1,2,2.7352813091652872,3.008510079215255,1.799436804660705,18.03501921013973,27.601499461617944,0.0
25,1,3,3.257352441788044,3.92921870339465,2.5832572965738816,18.03501921013973,27.601499461617944,0.0
25,1,4,3.1991675474658883,3.8536284021034968,2.5028478030812855,18.03501921013973,27.601499461617944,0.0
25,1,5,3.161705672254825,3.8049601959114026,2.4516309341804194,18.03501921013973,27.601499461617944,0.0
25,1,6,3.4299041959629735,4.153387523126153,2.827823367300452,18.03501921013973,27.601499461617944,0.0
25,1,7,3.470813368091034,4.20653424931268,2.88713394969579,18.03501921013973,27.601499461617944,0.0
25,1,8,2.883055050662973,3.4429541342612304,2.0844590747425804,18.03501921013973,27.601499461617944,0.0
25,1,9,3.115783893510066,3.745301393887587,2.3894428087527406,18.03501921013973,27.601499461617944,0.0
25,2,0,5.111299836204816,7.0177519644782445,3.8282854934863844,29.924085555032175,40.88772014565261,0.2
25,2,1,3.5057369764738318,5.291378758871032,2.750335624356376,29.924085555032175,40.88772014565261,0.2
25,2,2,3.6402149627537588,4.747520468554463,2.476380420249501,29.924085555032175,40.88772014565261,0.2
25,2,3,5.225863914350788,7.082193926366327,3.901852007197965,29.924085555032175,40.88772014565261,0.2
25,2,4,5.063197550852466,6.973777494501434,3.7909950549284406,29.924085555032175,40.88772014565261,0.2
25,2,5,4.959587125615284,6.85164791780902,3.700552215773919,29.924085555032175,40.88772014565261,0.2
25,2,6,5.720614865167659,7.7464283185612555,4.374632908832783,29.924085555032175,40.88772014565261,0.2
25,2,7,5.840598667280598,7.869835422841919,4.476058854797847,29.924085555032175,40.88772014565261,0.2
25,2,8,4.216807777562678,4.2220648334599,2.4044122688325884,29.924085555032175,40.88772014565261,0.2
25,2,9,4.833782127017331,6.712519454807119,3.59480874730478,29.924085555032175,40.88772014565261,0.2
25,3,0,7.744524341720336,10.573255402704588,5.100488981211947,44.605630017373656,53.80050222771313,0.2
25,3,1,5.56385912883702,5.769290920981478,2.9219528712948444,44.605630017373656,53.80050222771313,0.2
25,3,2,5.009654707469665,6.5286984192728275,3.0950608714910293,44.605630017373656,53.80050222771313,0.2
25,3,3,7.89334753088536,10.639535800104577,5.187990821373105,44.605630017373656,53.80050222771313,0.2
25,3,4,7.669086731433227,10.504789424772435,5.050061918956015,44.605630017373656,53.80050222771313,0.2
25,3,5,7.486123164437441,10.291792955475863,4.919871259280063,44.605630017373656,53.80050222771313,0.2
25,3,6,8.84977128957345,11.873529692758328,5.898973578682402,44.605630017373656,53.80050222771313,0.2
25,3,7,9.054953402753076,12.08370975242413,6.043103503176079,44.605630017373656,53.80050222771313,0.2
25,3,8,4.864064964639563,7.3685843245557905,3.550670298394202,44.605630017373656,53.80050222771313,0.2
25,3,9,7.272206812866861,10.056455191656594,4.770537846347685,44.605630017373656,53.80050222771313,0.2
25,4,0,10.318159692342906,12.451626589902428,5.719050999292814,54.559734958513104,58.69565412207416,0.2
25,4,1,5.911036461519072,8.171763693577926,3.7282803255208887,54.559734958513104,58.69565412207416,0.2
25,4,2,6.261229550186807,7.226451791100609,3.323059720688699,54.559734958513104,58.69565412207416,0.2
25,4,3,10.495173693055865,12.647266719813121,5.855324886371405,54.559734958513104,58.69565412207416,0.2
25,4,4,10.216147025892877,12.339706245290667,5.652478668632999,54.559734958513104,58.69565412207416,0.2
25,4,5,9.952774627298115,12.051577257033717,5.494658838764021,54.559734958513104,58.69565412207416,0.2
25,4,6,11.933473757116873,14.206513967176965,6.688239662741953,54.559734958513104,58.69565412207416,0.2
25,4,7,12.225044934478326,14.521612407578244,6.872744861330691,54.559734958513104,58.69565412207416,0.2
25,4,8,7.182915851527808,9.240983144305947,4.1604875946894975,54.559734958513104,58.69565412207416,0.2
25,4,9,9.650676924957285,6.113592687497987,3.3671576479018994,54.559734958513104,58.69565412207416,0.2
25,5,0,11.569494947783403,11.347915273221334,5.359286405819625,54.25355237174247,54.88102233952217,0.2
25,5,1,7.542216426356039,5.6736543488931455,2.887962245132784,54.25355237174247,54.88102233952217,0.2
25,5,2,6.722465432541949,7.140566089077689,3.2953642023774,54.25355237174247,54.88102233952217,0.2
25,5,3,11.845173560942388,11.762118561825837,5.565359327833153,54.25355237174247,54.88102233952217,0.2
25,5,4,11.434820813328905,11.191392317933646,5.278912233103489,54.25355237174247,54.88102233952217,0.2
25,5,5,11.115555305020802,10.88298754987838,5.116037305527122,54.25355237174247,54.88102233952217,0.2
25,5,6,13.530139003346171,13.208084303538229,6.355627619889812,54.25355237174247,54.88102233952217,0.2
25,5,7,13.903388334953133,13.603894078708157,6.565746372368345,54.25355237174247,54.88102233952217,0.2
25,5,8,8.416560756850696,6.363725436457145,3.204346782088553,54.25355237174247,54.88102233952217,0.2
25,5,9,6.811674419516174,7.841129401396288,4.00793744302867,54.25355237174247,54.88102233952217,0.2
25,6,0,10.841700310684677,10.335752001431537,5.020016721393663,49.61834788555238,50.07231600642594,0.2
25,6,1,5.8422742879167435,6.179929910883983,3.0660270645870686,49.61834788555238,50.07231600642594,0.2
25,6,2,6.666438102270118,5.376024169229726,2.7015525405821705,49.61834788555238,50.07231600642594,0.2
25,6,3,11.258580599111076,10.864398766268682,5.264502195986411,49.61834788555238,50.07231600642594,0.2
25,6,4,10.679105400220234,10.160706893266479,4.933695064397647,49.61834788555238,50.07231600642594,0.2
25,6,5,10.349613557614113,4.481896221112651,2.7493704925755895,49.61834788555238,50.07231600642594,0.2
25,6,6,12.85727328666947,12.163895471406324,5.999588123443026,49.61834788555238,50.07231600642594,0.2
25,6,7,13.282338187390854,12.592259588090311,6.22002887429072,49.61834788555238,50.07231600642594,0.2
25,6,8,6.482312172229924,6.905899444725215,3.3930923656599723,49.61834788555238,50.07231600642594,0.2
25,6,9,8.107955673744815,8.263180980116786,4.157755865880417,49.61834788555238,50.07231600642594,0.2
25,7,0,10.15536635416154,11.699469126646425,5.474973439091903,48.67321789413499,52.78556940439731,0.2
25,7,1,6.2024948960751685,7.938915151434463,3.6535942212826753,48.67321789413499,52.78556940439731,0.2
25,7,2,5.46517218911,7.3849765015435365,3.373921330099614,48.67321789413499,52.78556940439731,0.2
25,7,3,10.649954261046267,5.150368019436847,3.1220518165597837,48.67321789413499,52.78556940439731,0.2
25,7,4,9.98073983402329,6.279541503922444,3.5226955591997866,48.67321789413499,52.78556940439731,0.2
25,7,5,5.561906691752067,8.471768180524537,4.293306108315559,48.67321789413499,52.78556940439731,0.2
25,7,6,12.137014426263818,13.67951577917136,6.513584752826252,48.67321789413499,52.78556940439731,0.2
25,7,7,12.582960467579648,14.129636069131132,6.7423534631719475,48.67321789413499,52.78556940439731,0.2
25,7,8,6.864139694980811,8.608288887282288,3.9589798374389757,48.67321789413499,52.78556940439731,0.2
25,7,9,8.411034538836681,10.172017245813173,4.8088459087493485,48.67321789413499,52.78556940439731,0.2
25,8,0,11.0757322413552,14.195275495672686,6.26853976932642,56.25351057484027,62.25838213933401,0.2
25,8,1,7.391128333985385,10.282774761591432,4.3788969557491475,56.25351057484027,62.25838213933401,0.2
25,8,2,6.825357176852059,7.970996484069424,3.559175488014156,56.25351057484027,62.25838213933401,0.2
25,8,3,6.315831546680188,9.802692706400192,4.8988607513948335,56.25351057484027,62.25838213933401,0.2
25,8,4,7.126323664499687,10.484256637818948,5.043150253422627,56.25351057484027,62.25838213933401,0.2
25,8,5,8.68524923725747,11.8429809836916,5.427911178971229,56.25351057484027,62.25838213933401,0.2
25,8,6,13.176816555596512,16.529695391165752,7.436283809174048,56.25351057484027,62.25838213933401,0.2
25,8,7,13.639609847505033,17.00477643742663,7.6757263252888,56.25351057484027,62.25838213933401,0.2
25,8,8,8.008915680816692,7.0532776583218,3.4436197754150863,56.25351057484027,62.25838213933401,0.2
25,8,9,9.72817316243973,12.797073592943228,5.647202573984442,56.25351057484027,62.25838213933401,0.2
25,9,0,12.681096776400357,8.376978074414982,4.3333809793348665,68.41796651843201,72.2650763054652,0.2
25,9,1,8.858397348208369,9.97280770753267,4.286074455107135,68.41796651843201,72.2650763054652,0.2
25,9,2,7.200121634156808,11.520992823165969,4.606101498871208,68.41796651843201,72.2650763054652,0.2
25,9,3,9.910270903365843,15.140988587873862,6.641425194976673,68.41796651843201,72.2650763054652,0.2
25,9,4,10.202164902026665,15.491671307336096,6.628180839331766,68.41796651843201,72.2650763054652,0.2
25,9,5,10.980526484182421,16.14190510044729,6.741838779113405,68.41796651843201,72.2650763054652,0.2
25,9,6,15.043413316503237,20.605307515347036,8.676726962583452,68.41796651843201,72.2650763054652,0.2
25,9,7,15.527799446442753,21.105349076054225,8.928831162906615,68.41796651843201,72.2650763054652,0.2
25,9,8,6.966355361873564,11.805693179033572,4.938619321620296,68.41796651843201,72.2650763054652,0.2
25,9,9,11.424147407830674,16.508448550205774,6.7491686725547435,68.41796651843201,72.2650763054652,0.2
25,10,0,8.766319683708861,13.645561688680871,6.097610785318944,75.24325368375402,75.32464122137205,0.2
25,10,1,8.670619786450104,12.424456788229133,4.99898330566147,75.24325368375402,75.32464122137205,0.2
25,10,2,9.318026369542356,10.912401590671704,4.434399408178336,75.24325368375402,75.32464122137205,0.2
25,10,3,13.435434523816165,17.35647625926342,7.3076277096151045,75.24325368375402,75.32464122137205,0.2
25,10,4,13.408641528660267,17.292596970582984,7.158593653647125,75.24325368375402,75.32464122137205,0.2
25,10,5,13.638568654723969,17.399254589799916,7.105284303151584,75.24325368375402,75.32464122137205,0.2
25,10,6,17.552798317293963,21.555198978754937,8.954822596680566,75.24325368375402,75.32464122137205,0.2
25,10,7,18.062798712869117,22.090561806381043,9.21859139670042,75.24325368375402,75.32464122137205,0.2
25,10,8,9.990701481343109,13.489991996190469,5.421877376344989,75.24325368375402,75.32464122137205,0.2
25,10,9,13.653396843027908,9.465298136043835,4.572459927782651,75.24325368375402,75.32464122137205,0.2
25,11,0,12.335311782150649,13.472496399052847,6.0433724572584335,71.22682172191266,67.84164966503303,0.2
25,11,1,10.112816288236562,8.982683966711377,3.9835638602733208,71.22682172191266,67.84164966503303,0.2
25,11,2,8.970677400099582,9.896773349909969,4.141294413915432,71.22682172191266,67.84164966503303,0.2
25,11,3,14.783145294058118,15.488137078015487,6.747653166586844,71.22682172191266,67.84164966503303,0.2
25,11,4,14.481653183254698,14.960981988658862,6.468411302963258,71.22682172191266,67.84164966503303,0.2
25,11,5,14.373809720885847,14.775697419620332,6.337144386272249,71.22682172191266,67.84164966503303,0.2
25,11,6,18.11537872339369,18.365152885016855,8.005099691738556,71.22682172191266,67.84164966503303,0.2
25,11,7,18.648976307956225,18.92373663743093,8.272269216357722,71.22682172191266,67.84164966503303,0.2
25,11,8,10.968320254685809,7.96460988299206,3.7493558628424704,71.22682172191266,67.84164966503303,0.2
25,11,9,9.249970325490171,11.084569988640887,5.106920468590061,71.22682172191266,67.84164966503303,0.2
25,12,0,12.225589021757383,11.871337057100455,5.531150208923317,61.05755113890535,58.14525111502151,0.2
25,12,1,8.058648534748807,8.039124866677884,3.685815919456151,61.05755113890535,58.14525111502151,0.2
25,12,2,8.377733439516948,7.104141819893055,3.283588343969064,61.05755113890535,58.14525111502151,0.2
25,12,3,13.650331012938071,13.125124091343936,6.00932532043755,61.05755113890535,58.14525111502151,0.2
25,12,4,13.085431813612487,12.361952044073636,5.6596098714882475,61.05755113890535,58.14525111502151,0.2
25,12,5,12.819882174405645,6.032484316212603,3.384989696073568,61.05755113890535,58.14525111502151,0.2
25,12,6,16.194113402997097,15.11689999116856,6.985451457943718,61.05755113890535,58.14525111502151,0.2
25,12,7,16.734590567069485,15.65855724151145,7.245127858660938,61.05755113890535,58.14525111502151,0.2
25,12,8,7.58485170318676,8.242779934828825,3.8405471424832185,61.05755113890535,58.14525111502151,0.2
25,12,9,10.331170427994156,10.335857596808284,4.862934966046002,61.05755113890535,58.14525111502151,0.2
25,13,0,11.18937642022818,11.893800142604023,5.538474407051978,55.02533440915598,56.32468148083901,0.2
25,13,1,7.456312011185173,7.016004946997057,3.3508147618953874,55.02533440915598,56.32468148083901,0.2
25,13,2,6.642615839734271,7.73205442589294,3.484151260328782,55.02533440915598,56.32468148083901,0.2
25,13,3,12.156712528527226,12.807117746968595,5.907031741743864,55.02533440915598,56.32468148083901,0.2
25,13,4,11.449247055622534,5.907841432556472,3.3754038269471622,55.02533440915598,56.32468148083901,0.2
25,13,5,6.847748200158497,8.785930289362632,4.404143257078328,55.02533440915598,56.32468148083901,0.2
25,13,6,14.131390917944179,14.579702767622408,6.81074515766467,55.02533440915598,56.32468148083901,0.2
25,13,7,14.656709682635723,15.102090101177497,7.063920014342051,55.02533440915598,56.32468148083901,0.2
25,13,8,7.769329346281042,8.773033167520234,4.011865333802291,55.02533440915598,56.32468148083901,0.2
25,13,9,9.837593951868147,10.654464151321859,4.967387365278347,55.02533440915598,56.32468148083901,0.2
25,14,0,11.204193087059195,13.897713927966006,6.1762670403893205,58.69125893263987,63.510046667331856,0.2
25,14,1,6.778613176119687,9.393592049531147,4.1102637065236305,58.69125893263987,63.510046667331856,0.2
25,14,2,7.048349526638512,8.322371258417165,3.6682888809715553,58.69125893263987,63.510046667331856,0.2
25,14,3,11.949775216369382,14.575913929107102,6.466933267675968,58.69125893263987,63.510046667331856,0.2
25,14,4,6.828356230329626,10.046601257533313,4.894845330200782,58.69125893263987,63.510046667331856,0.2
25,14,5,8.909469974718306,11.736204542731674,5.393607995298103,58.69125893263987,63.510046667331856,0.2
25,14,6,13.777964508794422,16.628302963632382,7.467308797390276,58.69125893263987,63.510046667331856,0.2
25,14,7,14.290130814986997,17.150663432708566,7.721763217852837,58.69125893263987,63.510046667331856,0.2
25,14,8,8.115901697038971,7.3935799938451,3.5590972089802744,58.69125893263987,63.510046667331856,0.2
25,14,9,10.048898503156796,12.70827357248043,5.619743431250624,58.69125893263987,63.510046667331856,0.2
25,15,0,12.494431388840784,17.60903047410846,7.28921095398604,69.80139860625019,73.90852839465305,0.2
25,15,1,8.314959106425672,13.093301208500687,5.185873403181561,69.80139860625019,73.90852839465305,0.2
25,15,2,7.420855257394692,8.65973013570076,3.7717562637990985,69.80139860625019,73.90852839465305,0.2
25,15,3,13.082441785758029,9.743478175343409,4.878127357067453,69.80139860625019,73.90852839465305,0.2
25,15,4,9.902147808253815,15.14440205391556,6.523821186324447,69.80139860625019,73.90852839465305,0.2
25,15,5,10.911132014671972,16.010439653508012,6.703356095704775,69.80139860625019,73.90852839465305,0.2
25,15,6,15.106176079847552,20.607958736129167,8.67750843271743,69.80139860625019,73.90852839465305,0.2
25,15,7,15.6209309110856,21.138653854340085,8.938691775966866,69.80139860625019,73.90852839465305,0.2
25,15,8,7.199963277659004,11.91729857445079,4.971254314584281,69.80139860625019,73.90852839465305,0.2
25,15,9,11.368598259349806,16.3941772652679,6.71643224967555,69.80139860625019,73.90852839465305,0.2
25,16,0,14.745888665076953,19.525364933801942,7.835832058395862,78.71471012454803,77.58118714617264,0.2
25,16,1,10.490890209821943,10.225251546697622,4.361735238173819,78.71471012454803,77.58118714617264,0.2
25,16,2,7.630167145508936,11.985271033752712,4.735262630713185,78.71471012454803,77.58118714617264,0.2
25,16,3,9.86832777312436,15.39680799028398,6.719776189503181,78.71471012454803,77.58118714617264,0.2
25,16,4,13.197524600629741,18.114485805460244,7.395095124559717,78.71471012454803,77.58118714617264,0.2
25,16,5,13.560719163378577,18.339894223913195,7.3720417921835715,78.71471012454803,77.58118714617264,0.2
25,16,6,17.554379211531142,22.67772920494043,9.278766731480006,78.71471012454803,77.58118714617264,0.2
25,16,7,18.082746482699587,23.229559099198177,9.548793686100794,78.71471012454803,77.58118714617264,0.2
25,16,8,10.05672124340931,14.400672032426709,5.675569399965297,78.71471012454803,77.58118714617264,0.2
25,16,9,13.58717189081885,8.653049813791254,4.294121637336213,78.71471012454803,77.58118714617264,0.2
25,17,0,15.85168927895559,17.02519589188968,7.119183544736804,75.34759903715302,71.66277230748696,0.2
25,17,1,8.823679629340745,10.574980428991937,4.465634764038622,75.34759903715302,71.66277230748696,0.2
25,17,2,9.579316059471772,8.175684157954635,3.6229091479541786,75.34759903715302,71.66277230748696,0.2
25,17,3,13.593936596177528,15.441126630617426,6.733310036518209,75.34759903715302,71.66277230748696,0.2
25,17,4,14.960089653432165,16.259887085808757,6.8565843806919595,75.34759903715302,71.66277230748696,0.2
25,17,5,14.913453347428186,16.11932945792385,6.735237123159229,75.34759903715302,71.66277230748696,0.2
25,17,6,18.77070948218385,19.9460573517229,8.481457799557761,75.34759903715302,71.66277230748696,0.2
25,17,7,19.316967154590834,20.520125472053476,8.754792183798383,75.34759903715302,71.66277230748696,0.2
25,17,8,11.481532776471509,9.11639799944407,4.121144103972715,75.34759903715302,71.66277230748696,0.2
25,17,9,8.686899031757534,11.507784902367183,5.24264093969819,75.34759903715302,71.66277230748696,0.2
25,18,0,14.40192753366949,5.876483462994074,3.3810217957419053,64.77313135173159,60.15802977061864,0.2
25,18,1,9.033865731845964,9.403900834393369,4.113420688076421,64.77313135173159,60.15802977061864,0.2
25,18,2,7.329053209827496,8.649794981824058,3.7687266541912474,64.77313135173159,60.15802977061864,0.2
25,18,3,13.621315225024134,14.003748354689034,6.288170827762382,64.77313135173159,60.15802977061864,0.2
25,18,4,13.87069609298385,13.735870103089448,6.092911638348208,64.77313135173159,60.15802977061864,0.2
25,18,5,13.625213672364431,7.189836461170749,3.827483423446277,64.77313135173159,60.15802977061864,0.2
25,18,6,17.157773758960253,16.680252000952137,7.483631363447722,64.77313135173159,60.15802977061864,0.2
25,18,7,17.710722277502647,17.246261492608742,7.751866945969732,64.77313135173159,60.15802977061864,0.2
25,18,8,8.336969874179383,9.591323440587253,4.270281277860819,64.77313135173159,60.15802977061864,0.2
25,18,9,10.605729494697785,11.463921186264747,5.228644728476908,64.77313135173159,60.15802977061864,0.2
25,19,0,6.839721238544383,8.102207776969577,4.233387966616382,55.6402384557541,55.87972846236586,0.2
25,19,1,8.321345599941779,6.504695328791559,3.1779449594816565,55.6402384557541,55.87972846236586,0.2
25,19,2,7.62403832220309,5.8459295676796375,2.8647588814315683,55.6402384557541,55.87972846236586,0.2
25,19,3,12.720809909125105,12.430739908318237,5.784971299706881,55.6402384557541,55.87972846236586,0.2
25,19,4,12.32580552715423,11.859294815405953,5.497519305357894,55.6402384557541,55.87972846236586,0.2
25,19,5,7.742901774396153,8.539829414616607,4.317421470548027,55.6402384557541,55.87972846236586,0.2
25,19,6,15.139196216503064,14.451273406737736,6.768693416572822,55.6402384557541,55.87972846236586,0.2
25,19,7,15.681829988642509,14.987589767091468,7.02638740449733,55.6402384557541,55.87972846236586,0.2
25,19,8,8.638670589916742,8.674267057939057,3.9801960000497902,55.6402384557541,55.87972846236586,0.2
25,19,9,10.577415514802738,10.390569458187855,4.880939724223169,55.6402384557541,55.87972846236586,0.2
25,20,0,8.564036358100608,8.812371676854054,4.48983800515599,56.71723824023215,55.87972846236586,0.2
25,20,1,6.428901955517303,6.662874968332172,3.231846043552347,56.71723824023215,55.87972846236586,0.2
25,20,2,5.795334472351889,5.97439515676591,2.908682583100788,56.71723824023215,55.87972846236586,0.2
25,20,3,11.702850041607748,12.014574213671214,5.648708868009339,56.71723824023215,55.87972846236586,0.2
25,20,4,11.121341956304418,11.449720716066013,5.363916179768655,56.71723824023215,55.87972846236586,0.2
25,20,5,8.73403400269268,8.995099364793132,4.477279283390033,56.71723824023215,55.87972846236586,0.2
25,20,6,13.692894904384918,14.069916708112858,6.643158732691868,56.71723824023215,55.87972846236586,0.2
25,20,7,14.214203298336187,14.594872082664969,6.896997017577468,56.71723824023215,55.87972846236586,0.2
25,20,8,8.051835439036633,8.298827025037898,3.858808313790894,56.71723824023215,55.87972846236586,0.2
25,20,9,9.874017120465972,10.176514428627394,4.810334047957016,56.71723824023215,55.87972846236586,0.2
26,0,0,2.0,2.0,1.5066199848569743,18.124637427870507,18.124637427870507,0.0
26,0,1,2.0,2.0,1.377326695388099,18.124637427870507,18.124637427870507,0.0
26,0,2,2.0,2.0,1.5945917280062492,18.124637427870507,18.124637427870507,0.0
26,0,3,2.0,2.0,1.4500860385330705,18.124637427870507,18.124637427870507,0.0
26,0,4,2.0,2.0,1.6094002060519994,18.124637427870507,18.124637427870507,0.0
26,0,5,2.0,2.0,1.3473734405590254,18.124637427870507,18.124637427870507,0.0
26,0,6,2.0,2.0,1.6019881619406982,18.124637427870507,18.124637427870507,0.0
26,0,7,2.0,2.0,1.7171636788070634,18.124637427870507,18.124637427870507,0.0
26,0,8,2.0,2.0,1.55717858000893,18.124637427870507,18.124637427870507,0.0
26,0,9,2.0,2.0,1.4040571260033181,18.124637427870507,18.124637427870507,0.0
26,1,0,3.047853971784422,3.6720699817886606,2.3052625311967394,18.124637427870507,27.435044388797245,0.0
26,1,1,2.786296930331667,2.725702256415053,1.7106094137761398,18.124637427870507,27.435044388797245,0.0
26,1,2,3.225818574310101,3.904583325186387,2.5470108590825022,18.124637427870507,27.435044388797245,0.0
26,1,3,2.9334872339369116,3.5226481742324154,2.1551686610624547,18.124637427870507,27.435044388797245,0.0
26,1,4,3.255775749365168,3.9437228104095716,2.5886749627892907,18.124637427870507,27.435044388797245,0.0
26,1,5,2.7257022564150533,3.0033078561681004,1.7909641055384926,18.124637427870507,27.435044388797245,0.0
26,1,6,3.240781372341943,3.924132438592049,2.5677862261939457,18.124637427870507,27.435044388797245,0.0
26,1,7,3.4737785183122316,4.2285466009750605,2.9001768501806264,18.124637427870507,27.435044388797245,0.0
26,1,8,3.150132725943094,3.8056986627200557,2.4429889492765535,18.124637427870507,27.435044388797245,0.0
26,1,9,2.840371912700786,3.400991651784136,2.0360464288680094,18.124637427870507,27.435044388797245,0.0
26,2,0,4.66348756311021,6.430622416216675,3.4123992199176314,29.743623770806202,40.49758989326772,0.2
26,2,1,3.4605194065870384,5.320996954292768,2.7321911191364228,29.743623770806202,40.49758989326772,0.2
26,2,2,5.152538291711033,7.094285035907808,3.8686955458206316,29.743623770806202,40.49758989326772,0.2
26,2,3,4.3598514751602,6.184998403780442,3.196027360213939,29.743623770806202,40.49758989326772,0.2
26,2,4,5.236823715533835,7.172680506111764,3.934776746156187,29.743623770806202,40.49758989326772,0.2
26,2,5,3.6230749075766595,4.764974948917528,2.474055401427723,29.743623770806202,40.49758989326772,0.2
26,2,6,5.194566331828862,7.100730280118002,3.8891117017809,29.743623770806202,40.49758989326772,0.2
26,2,7,5.866984123763223,7.972623495672954,4.52076128858303,29.743623770806202,40.49758989326772,0.2
26,2,8,4.942104609600571,6.852506807795939,3.687330426903946,29.743623770806202,40.49758989326772,0.2
26,2,9,4.118870224300094,4.226370659322019,2.370506163981239,29.743623770806202,40.49758989326772,0.2
26,3,0,6.903196970885363,9.59104338481132,4.514283460862215,44.18002532152673,53.27151337519739,0.2
26,3,1,5.527153255520234,8.370850048413136,3.751929434660847,44.18002532152673,53.27151337519739,0.2
26,3,2,7.826272851460597,10.800546058989603,5.192069643275111,44.18002532152673,53.27151337519739,0.2
26,3,3,6.465482193032549,5.894820715126107,3.0903110508223004,44.18002532152673,53.27151337519739,0.2
26,3,4,7.959953441740385,10.924629759476218,5.282357192925744,44.18002532152673,53.27151337519739,0.2
26,3,5,5.004951253432381,6.755397180447936,3.1588034748966107,44.18002532152673,53.27151337519739,0.2
26,3,6,7.867574216541043,10.783201210092379,5.210287665977829,44.18002532152673,53.27151337519739,0.2
26,3,7,9.145385291172197,12.394736071089378,6.156824798148598,44.18002532152673,53.27151337519739,0.2
26,3,8,7.459375821294196,10.381399438106257,4.931698920487101,44.18002532152673,53.27151337519739,0.2
26,3,9,4.795473775502552,7.662536919672643,3.595212682473997,44.18002532152673,53.27151337519739,0.2
26,4,0,9.13228081018438,10.981199507184675,4.96292342443453,54.02328101488429,58.26073912735978,0.2
26,4,1,7.59005797362466,7.1565449960294885,3.3620823942879796,54.02328101488429,58.26073912735978,0.2
26,4,2,10.503425046190154,12.4720857948694,5.742299929657465,54.02328101488429,58.26073912735978,0.2
26,4,3,6.251620783586102,8.45215995420829,3.976950352178614,54.02328101488429,58.26073912735978,0.2
26,4,4,10.686074466462838,12.670013711876603,5.85985696133912,54.02328101488429,58.26073912735978,0.2
26,4,5,6.39017921826122,6.44673402674768,3.0570659815156347,54.02328101488429,58.26073912735978,0.2
26,4,6,10.540279643507745,12.512110001779568,5.7818882460594,54.02328101488429,58.26073912735978,0.2
26,4,7,12.455100226484403,14.57887962767378,6.897593590130337,54.02328101488429,58.26073912735978,0.2
26,4,8,9.976701685580311,11.899805205530907,5.426194048452611,54.02328101488429,58.26073912735978,0.2
26,4,9,7.2730239634570655,9.142724312556952,4.068335104535427,54.02328101488429,58.26073912735978,0.2
26,5,0,10.039868064182546,5.226192169031237,2.951294098164137,53.85155185235278,53.57119544752148,0.2
26,5,1,6.8014073103310615,7.223848426646308,3.3841842936289037,53.85155185235278,53.57119544752148,0.2
26,5,2,11.61652694355131,11.665693017374755,5.479814920490642,53.85155185235278,53.57119544752148,0.2
26,5,3,8.045269575809938,8.511805487275309,3.9965749096596226,53.85155185235278,53.57119544752148,0.2
26,5,4,11.85434183351916,11.942404083628706,5.622212921529123,53.85155185235278,53.57119544752148,0.2
26,5,5,6.184366852570321,7.083381358485148,3.2653927355239194,53.85155185235278,53.57119544752148,0.2
26,5,6,11.696613102366834,11.836329093768057,5.561478052503673,53.85155185235278,53.57119544752148,0.2
26,5,7,13.953656682331378,13.846937439788858,6.653318406084071,53.85155185235278,53.57119544752148,0.2
26,5,8,10.97705277274633,11.028177558943927,5.1448183907151375,53.85155185235278,53.57119544752148,0.2
26,5,9,8.230138609295969,6.15730334341488,3.0848721232379797,53.85155185235278,53.57119544752148,0.2
26,6,0,5.970393018414267,6.525796853330517,3.4476741456366824,48.4341234737863,48.88462485120569,0.2
26,6,1,6.846118891464514,4.7318960538975485,2.516753059388878,48.4341234737863,48.88462485120569,0.2
26,6,2,11.085526435285175,10.174429326155048,4.979497876240303,48.4341234737863,48.88462485120569,0.2
26,6,3,8.084969557267891,7.507726365032705,3.6604011154402234,48.4341234737863,48.88462485120569,0.2
26,6,4,11.373593975475478,10.48033791528782,5.131044198353409,48.4341234737863,48.88462485120569,0.2
26,6,5,6.605806585890587,5.301692256287676,2.665981588247112,48.4341234737863,48.88462485120569,0.2
26,6,6,11.250728877676712,10.412853288697331,5.084369796624487,48.4341234737863,48.88462485120569,0.2
26,6,7,13.45949418788228,12.259307871987382,6.10965747378412,48.4341234737863,48.88462485120569,0.2
26,6,8,10.407836962111757,9.542213630223873,4.6491313769469125,48.4341234737863,48.88462485120569,0.2
26,6,9,6.240617971193637,6.004409498797787,3.0310492522941135,48.4341234737863,48.88462485120569,0.2
26,7,0,6.974557249879283,8.647578843481135,4.198642506451971,47.51871267049898,50.7756210010486,0.2
26,7,1,5.091327531266736,6.741960009023581,3.2245290107050475,47.51871267049898,50.7756210010486,0.2
26,7,2,10.07339775931079,11.279317257158965,5.35212784220506,47.51871267049898,50.7756210010486,0.2
26,7,3,7.404898508018731,5.719165501929721,3.0255590902667495,47.51871267049898,50.7756210010486,0.2
26,7,4,10.379972120731864,11.589920370424219,5.505533025101438,47.51871267049898,50.7756210010486,0.2
26,7,5,5.3932130557888955,6.929948542044529,3.215718263299475,47.51871267049898,50.7756210010486,0.2
26,7,6,10.285550991236715,11.501937491063323,5.451022914188994,47.51871267049898,50.7756210010486,0.2
26,7,7,12.359681927014302,13.535797736490764,6.548312490591878,47.51871267049898,50.7756210010486,0.2
26,7,8,9.405074720232385,4.717177728683337,2.8391934977011113,47.51871267049898,50.7756210010486,0.2
26,7,9,6.13173566999764,7.536112141118114,3.5535867976255613,47.51871267049898,50.7756210010486,0.2
26,8,0,8.493747174479013,11.687246630890234,5.184194335056478,54.11151125497993,60.1370953706678,0.2
26,8,1,6.523140308234029,9.843670634887427,4.202676096512329,54.11151125497993,60.1370953706678,0.2
26,8,2,10.827218718269723,14.26159409619268,6.307338803344543,54.11151125497993,60.1370953706678,0.2
26,8,3,6.120629211627896,9.601963441192444,4.348353149424206,54.11151125497993,60.1370953706678,0.2
26,8,4,11.137553507853328,14.565565790849593,6.460590390089563,54.11151125497993,60.1370953706678,0.2
26,8,5,6.505316389963748,7.763555527745389,3.481845127797748,54.11151125497993,60.1370953706678,0.2
26,8,6,11.027280937651975,6.49926812788407,3.6554716784727708,54.11151125497993,60.1370953706678,0.2
26,8,7,13.247069887255389,16.99870221977893,7.680362757840263,54.11151125497993,60.1370953706678,0.2
26,8,8,5.743616350246624,9.71170553797888,4.706784106701545,54.11151125497993,60.1370953706678,0.2
26,8,9,7.18881585541422,10.493193369826301,4.480218080594954,54.11151125497993,60.1370953706678,0.2
26,9,0,10.487493497641458,14.764069204414875,6.10558072308218,66.0868084939625,70.51972760185915,0.2
26,9,1,8.50190702474622,8.470343843273506,3.7830902006732194,66.0868084939625,70.51972760185915,0.2
26,9,2,12.759586236995666,17.534632890200797,7.288802529496069,66.0868084939625,70.51972760185915,0.2
26,9,3,8.796608003611478,13.24376841347498,5.446040650826655,66.0868084939625,70.51972760185915,0.2
26,9,4,13.06961030546534,17.82977923885883,7.442952232756386,66.0868084939625,70.51972760185915,0.2
26,9,5,7.043684279087824,10.895868570151162,4.414182498338508,66.0868084939625,70.51972760185915,0.2
26,9,6,7.394926382206702,12.4393220306638,5.7583227516531545,66.0868084939625,70.51972760185915,0.2
26,9,7,15.537178831761493,20.825017664571064,8.85320379948952,66.0868084939625,70.51972760185915,0.2
26,9,8,9.521704728551006,14.24507745658002,6.154358552883103,66.0868084939625,70.51972760185915,0.2
26,9,9,9.063367410925459,9.643848425174001,4.2231746698474355,66.0868084939625,70.51972760185915,0.2
26,10,0,12.351434763865155,8.4826084474966,4.1424122884421335,73.4259759337531,73.27160703568342,0.2
26,10,1,7.653095412002774,11.482421259012746,4.681008192933468,73.4259759337531,73.27160703568342,0.2
26,10,2,14.74506243270486,18.377799114039316,7.532410149249735,73.4259759337531,73.27160703568342,0.2
26,10,3,11.01720194538451,14.439878431946177,5.785851063668343,73.4259759337531,73.27160703568342,0.2
26,10,4,15.056903368079116,18.698056511115205,7.69485752899569,73.4259759337531,73.27160703568342,0.2
26,10,5,8.929779104861332,9.861780639329272,4.116572058943899,73.4259759337531,73.27160703568342,0.2
26,10,6,11.648940705581285,15.669555592021768,6.768274767738957,73.4259759337531,73.27160703568342,0.2
26,10,7,17.909806477080966,21.871330059023524,9.16227521677807,73.4259759337531,73.27160703568342,0.2
26,10,8,12.45011107493764,16.17791163164102,6.727646215890437,73.4259759337531,73.27160703568342,0.2
26,10,9,8.543375118083139,12.285354216106908,5.003053637743658,73.4259759337531,73.27160703568342,0.2
26,11,0,8.37999487129829,10.504099979294923,4.810984078991363,69.28547693006324,65.3317603870999,0.2
26,11,1,9.46956070952562,7.4002316757277296,3.4418163193144093,69.28547693006324,65.3317603870999,0.2
26,11,2,15.237874461541477,15.634499357106764,6.726471325362172,69.28547693006324,65.3317603870999,0.2
26,11,3,11.704629781761952,8.28291459046823,3.9210375593840845,69.28547693006324,65.3317603870999,0.2
26,11,4,15.566501385743392,16.002344563006435,6.900357439261126,69.28547693006324,65.3317603870999,0.2
26,11,5,8.327720743183967,9.490582597576903,4.007485840836253,69.28547693006324,65.3317603870999,0.2
26,11,6,13.69204798842475,14.600355804786865,6.44158457392729,69.28547693006324,65.3317603870999,0.2
26,11,7,18.53505010600932,18.775095110525914,8.233759903442937,69.28547693006324,65.3317603870999,0.2
26,11,8,13.609857459715474,14.201843897098053,6.1412777337875974,69.28547693006324,65.3317603870999,0.2
26,11,9,10.12105046668094,10.666907476185331,4.532008865022714,69.28547693006324,65.3317603870999,0.2
26,12,0,9.732498626544798,9.569010941245411,4.5070218420331605,58.79864833071819,55.27172380085432,0.2
26,12,1,6.962707015977031,6.813367233780821,3.2483979402638186,58.79864833071819,55.27172380085432,0.2
26,12,2,13.607480686010772,12.419918841483682,5.7254765523676046,58.79864833071819,55.27172380085432,0.2
26,12,3,7.932159415779408,7.935523996294597,3.805184339214092,58.79864833071819,55.27172380085432,0.2
26,12,4,13.959247878940579,12.794176246468735,5.899995575642581,58.79864833071819,55.27172380085432,0.2
26,12,5,8.107042093977084,5.879393750488996,2.8661556251154114,58.79864833071819,55.27172380085432,0.2
26,12,6,13.031162021983498,12.161940146079678,5.668136609270406,58.79864833071819,55.27172380085432,0.2
26,12,7,16.656687204909346,15.066021173651476,7.058130732671751,58.79864833071819,55.27172380085432,0.2
26,12,8,12.423648910068497,11.40318345678642,5.266665088556553,58.79864833071819,55.27172380085432,0.2
26,12,9,9.168138852700118,5.131498243629523,2.7154056059987726,58.79864833071819,55.27172380085432,0.2
26,13,0,9.117590739687392,10.479717293736297,4.803164092676281,52.30599278858046,52.86757433314133,0.2
26,13,1,6.571426546628013,7.912470914800002,3.6069029476571215,52.30599278858046,52.86757433314133,0.2
26,13,2,11.582493678489719,5.848467826938986,3.379543053511608,52.30599278858046,52.86757433314133,0.2
26,13,3,7.6977912932347925,9.119472432156888,4.19422355145495,52.30599278858046,52.86757433314133,0.2
26,13,4,11.935541231015762,12.910988292621035,5.9376514028313965,52.30599278858046,52.86757433314133,0.2
26,13,5,5.79816004935681,7.59393117180254,3.428417039473007,52.30599278858046,52.86757433314133,0.2
26,13,6,11.4664964296365,12.56313767261723,5.798384207664955,52.30599278858046,52.86757433314133,0.2
26,13,7,14.278419245175133,15.105431535022333,7.071049745647008,52.30599278858046,52.86757433314133,0.2
26,13,8,10.654329737793363,4.750089883407516,2.853045537286296,52.30599278858046,52.86757433314133,0.2
26,13,9,5.493196588677079,7.543052638844779,3.5558773923489286,52.30599278858046,52.86757433314133,0.2
26,14,0,9.716678992802194,6.257263507938221,3.347740899390897,55.088895538318155,59.76743759827417,0.2
26,14,1,7.29667307307178,9.937249044136705,4.230603165190685,55.088895538318155,59.76743759827417,0.2
26,14,2,6.836729780562173,10.214337057511734,4.993161799426116,55.088895538318155,59.76743759827417,0.2
26,14,3,8.484807740730506,11.107279564133483,4.8150207859985,55.088895538318155,59.76743759827417,0.2
26,14,4,12.011718013224815,14.76864131936445,6.523511551927189,55.088895538318155,59.76743759827417,0.2
26,14,5,6.93560061310561,7.303319877011523,3.3360397071483447,55.088895538318155,59.76743759827417,0.2
26,14,6,11.729984013813139,14.459612194098119,6.398054825695439,55.088895538318155,59.76743759827417,0.2
26,14,7,14.304554080371751,17.30244280003793,7.776172612664021,55.088895538318155,59.76743759827417,0.2
26,14,8,5.771638674582795,9.28007086674134,4.559354165416702,55.088895538318155,59.76743759827417,0.2
26,14,9,7.193449670374552,9.916497657349304,4.306402318184015,55.088895538318155,59.76743759827417,0.2
26,15,0,6.772394830327651,12.19157792072505,5.339796053901076,65.68804392986263,69.923554369959,0.2
26,15,1,8.55840277553085,13.622472157012268,5.2758825439126085,65.68804392986263,69.923554369959,0.2
26,15,2,10.10103952894787,15.56522457253754,6.705594442891622,65.68804392986263,69.923554369959,0.2
26,15,3,9.740664782316188,9.68568330801647,4.374857984156516,65.68804392986263,69.923554369959,0.2
26,15,4,13.19689821810663,8.034726379030039,4.260129683053993,65.68804392986263,69.923554369959,0.2
26,15,5,6.7487236155491885,11.216591094517598,4.504738723044331,65.68804392986263,69.923554369959,0.2
26,15,6,12.943102446660781,18.145265810634555,7.500196465070699,65.68804392986263,69.923554369959,0.2
26,15,7,15.730999735171585,21.575990826176117,9.075492891627826,65.68804392986263,69.923554369959,0.2
26,15,8,9.223457701018306,14.633571459047229,6.271373362184392,65.68804392986263,69.923554369959,0.2
26,15,9,8.711742537269473,13.814739755256305,5.431298559069573,65.68804392986263,69.923554369959,0.2
26,16,0,10.8022718236717,15.09348950254796,6.200625284184062,74.47059808469396,75.43209260457223,0.2
26,16,1,10.672976415919939,10.897194150240514,4.512697788069037,74.47059808469396,75.43209260457223,0.2
26,16,2,13.565247282899247,18.148446453311877,7.466483814092012,74.47059808469396,75.43209260457223,0.2
26,16,3,8.850226611238027,13.38224628335297,5.485839370470103,74.47059808469396,75.43209260457223,0.2
26,16,4,8.618134171401847,14.07364441174109,6.307070090169916,74.47059808469396,75.43209260457223,0.2
26,16,5,9.112972047948203,12.762846515395609,4.930946242630683,74.47059808469396,75.43209260457223,0.2
26,16,6,15.172706996448943,19.579848292919497,7.910516327890761,74.47059808469396,75.43209260457223,0.2
26,16,7,18.3594916658928,23.28741651983636,9.573607418405766,74.47059808469396,75.43209260457223,0.2
26,16,8,12.686829062798651,17.187835225127635,7.018951657066071,74.47059808469396,75.43209260457223,0.2
26,16,9,10.987379068105671,9.67379161738508,4.232349177450967,74.47059808469396,75.43209260457223,0.2
26,17,0,12.543707497508985,14.62502496274223,6.065273066915021,73.26037764018795,69.59071718619565,0.2
26,17,1,9.129073034388748,11.202670321136448,4.600881597473122,73.26037764018795,69.59071718619565,0.2
26,17,2,15.104507159583953,17.027125428854106,7.140480616294876,73.26037764018795,69.59071718619565,0.2
26,17,3,11.097713744614847,13.113827484165391,5.408581775935215,73.26037764018795,69.59071718619565,0.2
26,17,4,12.759042637066827,15.46664405266824,6.73783418861712,73.26037764018795,69.59071718619565,0.2
26,17,5,9.975179037389518,9.421136451721331,3.9869362466144147,73.26037764018795,69.59071718619565,0.2
26,17,6,16.002773659687108,7.940471052238539,4.205626420242848,73.26037764018795,69.59071718619565,0.2
26,17,7,19.36716470494902,21.092318901168927,8.932596714417665,73.26037764018795,69.59071718619565,0.2
26,17,8,14.199160970098589,16.091032443480213,6.702335467001138,73.26037764018795,69.59071718619565,0.2
26,17,9,8.561934913996932,11.105151337857405,4.661556130741789,73.26037764018795,69.59071718619565,0.2
26,18,0,12.269893398970769,11.693407043294687,5.1861070161264005,62.90028309010484,58.74059044409019,0.2
26,18,1,9.307466641562915,7.391670533781907,3.4390286098726945,62.90028309010484,58.74059044409019,0.2
26,18,2,14.445010968635213,13.432300094984042,6.048306346360016,62.90028309010484,58.74059044409019,0.2
26,18,3,10.941423592671839,6.478022449862794,3.301280969101303,62.90028309010484,58.74059044409019,0.2
26,18,4,13.630467469838498,13.00091872532635,5.966572003208093,62.90028309010484,58.74059044409019,0.2
26,18,5,8.065470786681878,8.191052068687068,3.614970569882241,62.90028309010484,58.74059044409019,0.2
26,18,6,8.507875454735528,9.71940021859092,4.844912426435687,62.90028309010484,58.74059044409019,0.2
26,18,7,18.07041632795737,16.55117343677041,7.538255435382359,62.90028309010484,58.74059044409019,0.2
26,18,8,13.558654457427933,12.602076709764571,5.64841902740192,62.90028309010484,58.74059044409019,0.2
26,18,9,9.430209681657809,8.816585654179582,3.966195183740628,62.90028309010484,58.74059044409019,0.2
26,19,0,10.491362802877223,5.569204634966608,3.08558809393305,54.32924701495519,54.256564335280615,0.2
26,19,1,6.95706755056471,7.308771834391166,3.4119845119183294,54.32924701495519,54.256564335280615,0.2
26,19,2,12.235570154123705,12.110284379538331,5.625181619064992,54.32924701495519,54.256564335280615,0.2
26,19,3,6.678407571108195,7.6724120156338875,3.7164228015932723,54.32924701495519,54.256564335280615,0.2
26,19,4,12.070223653406451,12.095822105954044,5.67267404309512,54.32924701495519,54.256564335280615,0.2
26,19,5,7.312993667972173,6.531345316113131,3.085097098870458,54.32924701495519,54.256564335280615,0.2
26,19,6,9.801134811882589,10.4952207430834,5.112489272250326,54.32924701495519,54.256564335280615,0.2
26,19,7,15.249699326958503,14.816558640509255,6.976118316952193,54.32924701495519,54.256564335280615,0.2
26,19,8,11.426608262204848,11.345195358853344,5.247903121267239,54.32924701495519,54.256564335280615,0.2
26,19,9,8.023512143165739,8.11969725153807,3.7440502307198416,54.32924701495519,54.256564335280615,0.2
26,20,0,6.24206636172913,6.418099162522336,3.40774604910259,55.06974658212766,54.256564335280615,0.2
26,20,1,6.90235802713345,7.174438312280146,3.367964476518864,55.06974658212766,54.256564335280615,0.2
26,20,2,11.379599575206441,11.710681060856013,5.49459918128324,55.06974658212766,54.256564335280615,0.2
26,20,3,7.518228956548418,7.767433912716032,3.7485824794794738,55.06974658212766,54.256564335280615,0.2
26,20,4,11.4756755430449,11.799655386193889,5.575086143122483,55.06974658212766,54.256564335280615,0.2
26,20,5,6.241073091185338,6.432569996814391,3.0523627844573786,55.06974658212766,54.256564335280615,0.2
26,20,6,10.342435976390316,10.629295836868016,5.158120122071736,55.06974658212766,54.256564335280615,0.2
26,20,7,14.112510210714648,14.507647530544443,6.873985216266994,55.06974658212766,54.256564335280615,0.2
26,20,8,10.616374754389465,10.93500838637249,5.114354272788173,55.06974658212766,54.256564335280615,0.2
26,20,9,7.574118544128527,7.860315484391826,3.6599214555096484,55.06974658212766,54.256564335280615,0.2
27,0,0,2.0,2.0,1.3923987657436445,17.47780350198558,17.47780350198558,0.0
27,0,1,2.0,2.0,1.273250385997926,17.47780350198558,17.47780350198558,0.0
27,0,2,2.0,2.0,1.362636551508312,17.47780350198558,17.47780350198558,0.0
27,0,3,2.0,2.0,1.3156319897974147,17.47780350198558,17.47780350198558,0.0
27,0,4,2.0,2.0,1.6930385256081646,17.47780350198558,17.47780350198558,0.0
27,0,5,2.0,2.0,2.2695366048380716,17.47780350198558,17.47780350198558,0.0
27,0,6,2.0,2.0,1.5032749281023436,17.47780350198558,17.47780350198558,0.0
27,0,7,2.0,2.0,1.4847605511605646,17.47780350198558,17.47780350198558,0.0
27,0,8,2.0,2.0,1.4592779493571366,17.47780350198558,17.47780350198558,0.0
27,0,9,2.0,2.0,1.415405427526655,17.47780350198558,17.47780350198558,0.0
27,1,0,2.8167873459360533,3.3366876373435126,1.992340297856025,17.47780350198558,26.335102556602518,0.0
27,1,1,2.5757531992436875,2.8142652926441953,1.6171426970448148,17.47780350198558,26.335102556602518,0.0
27,1,2,2.756579142289486,3.2591415951109246,1.9179235757366258,17.47780350198558,26.335102556602518,0.0
27,1,3,2.661490107534551,2.575753199243687,1.5705305960405536,17.47780350198558,26.335102556602518,0.0
27,1,4,3.424973946000554,4.120010522223915,2.8078549656784815,17.47780350198558,26.335102556602518,0.0
27,1,5,4.591214921274597,5.622087754968787,4.678908248703152,17.47780350198558,26.335102556602518,0.0
27,1,6,3.0410870069107854,3.6255776876895562,2.2797197839234395,17.47780350198558,26.335102556602518,0.0
27,1,7,3.003632892492894,3.577338109649936,2.2306293674078885,17.47780350198558,26.335102556602518,0.0
27,1,8,2.9520822361239283,3.51094268288431,2.163782683001221,17.47780350198558,26.335102556602518,0.0
27,1,9,2.863329238515227,3.3966319530503135,2.050660675394831,17.47780350198558,26.335102556602518,0.0
27,2,0,4.0304538310920535,5.599757748982667,2.8626028561827033,28.551125024934645,38.79156906494628,0.2
27,2,1,3.2714386120386623,4.271150853677694,2.165580125119514,28.551125024934645,38.79156906494628,0.2
27,2,2,3.8799106919073436,3.7948665506891968,2.133519384621968,28.551125024934645,38.79156906494628,0.2
27,2,3,3.177143515327503,4.728881904715662,2.4029479063702377,28.551125024934645,38.79156906494628,0.2
27,2,4,5.68021929574377,7.618363174314135,4.317665706053845,28.551125024934645,38.79156906494628,0.2
27,2,5,9.465312575671549,12.235599263684547,8.064062147096104,28.551125024934645,38.79156906494628,0.2
27,2,6,4.6118152339829654,6.269916103566562,3.3450347058733687,28.551125024934645,38.79156906494628,0.2
27,2,7,4.512506567924299,6.21450727372941,3.2833721770020583,28.551125024934645,38.79156906494628,0.2
27,2,8,4.377277422806579,6.064332166299201,3.172233228322943,28.551125024934645,38.79156906494628,0.2
27,2,9,4.148434473924487,5.776924830987739,2.9740451763108937,28.551125024934645,38.79156906494628,0.2
27,3,0,5.790972888021354,5.771624743936353,2.923824448852947,42.318876458274914,50.98051586596153,0.2
27,3,1,4.380913602569462,6.746179813475961,2.982176602211876,42.318876458274914,50.98051586596153,0.2
27,3,2,4.316055538660884,6.705745814473169,3.1781324920226997,42.318876458274914,50.98051586596153,0.2
27,3,3,4.861102596562764,5.120978558190639,2.5407415981656754,42.318876458274914,50.98051586596153,0.2
27,3,4,8.73452808491908,11.74626498061732,5.846227337127825,42.318876458274914,50.98051586596153,0.2
27,3,5,16.31339295295257,20.814196786435055,11.696823972485085,42.318876458274914,50.98051586596153,0.2
27,3,6,6.766920269560028,9.312110955028713,4.412158614941895,42.318876458274914,50.98051586596153,0.2
27,3,7,6.642178539449142,9.257243666469419,4.339828923337767,42.318876458274914,50.98051586596153,0.2
27,3,8,6.417347268421139,9.007033208415523,4.184313907269882,42.318876458274914,50.98051586596153,0.2
27,3,9,6.016417871787332,8.509771742224036,3.9003393759803693,42.318876458274914,50.98051586596153,0.2
27,4,0,5.914822615394169,7.878398038576313,3.6353746612275812,51.6999529469516,55.679794023836905,0.2
27,4,1,6.032867539903829,6.09847784733633,2.7787395019741767,51.6999529469516,55.679794023836905,0.2
27,4,2,6.42928132908582,8.182018253240559,3.653098211872972,51.6999529469516,55.679794023836905,0.2
27,4,3,5.139855736071551,7.035774404275432,3.1734507442849127,51.6999529469516,55.679794023836905,0.2
27,4,4,11.826769449836574,13.85590053841099,6.5628151775277015,51.6999529469516,55.679794023836905,0.2
27,4,5,23.66237787904176,26.395415332875267,13.812940619601301,51.6999529469516,55.679794023836905,0.2
27,4,6,8.925684840142427,10.71816585241574,4.868573696892515,51.6999529469516,55.679794023836905,0.2
27,4,7,8.779363710694172,10.556244671227027,4.757645036532597,51.6999529469516,55.679794023836905,0.2
27,4,8,8.464760782179576,10.211358801773128,4.568519664685281,51.6999529469516,55.679794023836905,0.2
27,4,9,7.890287516342388,5.307449301602038,2.80272158156121,51.6999529469516,55.679794023836905,0.2
27,5,0,7.354270626642975,7.778522555661939,3.6030526923608486,51.46593331828978,51.72963249149134,0.2
27,5,1,5.621319451998544,6.040579639027387,2.7602463842433904,51.46593331828978,51.72963249149134,0.2
27,5,2,7.390124919544714,5.388199357208949,2.7269024139516924,51.46593331828978,51.72963249149134,0.2
27,5,3,6.419810272295837,6.7596343469626285,3.0857424192007654,51.46593331828978,51.72963249149134,0.2
27,5,4,13.276408454660023,13.115415201546387,6.315289653337478,51.46593331828978,51.72963249149134,0.2
27,5,5,27.943228121635993,26.413199124467585,13.81945444577709,51.46593331828978,51.72963249149134,0.2
27,5,6,9.849000961186425,9.995643876927463,4.636443370142062,51.46593331828978,51.72963249149134,0.2
27,5,7,9.624595098088307,9.650701846803287,4.468138763517412,51.46593331828978,51.72963249149134,0.2
27,5,8,9.24199927329924,4.557222029836784,2.597210528656061,51.46593331828978,51.72963249149134,0.2
27,5,9,5.6698345900264835,6.798046981633675,3.3329498027351634,51.46593331828978,51.72963249149134,0.2
27,6,0,7.2888841043769,6.807644561477884,3.282014106535209,46.769152459941935,47.898284107100295,0.2
27,6,1,5.583908344424655,4.716514402497932,2.321280563603824,46.769152459941935,47.898284107100295,0.2
27,6,2,5.516454339227544,5.546008090116231,2.782565437963192,46.769152459941935,47.898284107100295,0.2
27,6,3,6.242378557826939,4.219108219931466,2.2185432189161425,46.769152459941935,47.898284107100295,0.2
27,6,4,12.775670604635547,11.580959097120623,5.788513002547778,46.769152459941935,47.898284107100295,0.2
27,6,5,27.956405426584112,24.6492858706805,13.166769534275419,46.769152459941935,47.898284107100295,0.2
27,6,6,9.379407204652559,8.674764175981537,4.198535130545966,46.769152459941935,47.898284107100295,0.2
27,6,7,9.038931259207528,8.246952594153573,4.002587842509506,46.769152459941935,47.898284107100295,0.2
27,6,8,5.254090948538801,5.597334588607613,2.999189526812732,46.769152459941935,47.898284107100295,0.2
27,6,9,6.742472817383224,6.442832768419439,3.210063776059711,46.769152459941935,47.898284107100295,0.2
27,7,0,6.639431197380172,5.074569977070025,2.671911718293976,46.55993181543438,50.24070315833832,0.2
27,7,1,4.695891635924058,5.920022071390971,2.7215677353668983,46.55993181543438,50.24070315833832,0.2
27,7,2,5.629059223352379,6.93911424363859,3.2551564286849515,46.55993181543438,50.24070315833832,0.2
27,7,3,4.488056596428905,5.974558041894226,2.8302674526636515,46.55993181543438,50.24070315833832,0.2
27,7,4,11.71001481652047,12.74761094464381,6.190789025430692,46.55993181543438,50.24070315833832,0.2
27,7,5,26.636040424235507,27.241705591353924,14.121479547447585,46.55993181543438,50.24070315833832,0.2
27,7,6,8.49352995574776,4.19830446810684,2.526208366419166,46.55993181543438,50.24070315833832,0.2
27,7,7,8.09713356773688,9.174274744788558,4.312564887410409,46.55993181543438,50.24070315833832,0.2
27,7,8,6.067284254362392,7.5721601926795525,3.7057052966366344,46.55993181543438,50.24070315833832,0.2
27,7,9,6.493877505862025,7.724562741919816,3.64478229852233,46.55993181543438,50.24070315833832,0.2
27,8,0,5.405209558289988,7.909825378656694,3.645519786856698,53.54145002686204,59.07713698923744,0.2
27,8,1,5.505662419913929,6.513484971069962,2.9097937742344873,53.54145002686204,59.07713698923744,0.2
27,8,2,6.585098797085757,5.727989929175021,2.8461685103923213,53.54145002686204,59.07713698923744,0.2
27,8,3,5.725559187794785,8.072178814380942,3.493871833147314,53.54145002686204,59.07713698923744,0.2
27,8,4,12.523808995822906,15.515596417833825,7.103686319889918,53.54145002686204,59.07713698923744,0.2
27,8,5,28.567394537944136,33.42340676424891,16.294899822516776,53.54145002686204,59.07713698923744,0.2
27,8,6,5.110455377290523,7.960642912017525,3.953494306133965,53.54145002686204,59.07713698923744,0.2
27,8,7,8.724209258328429,11.289753571594815,4.986714985317477,53.54145002686204,59.07713698923744,0.2
27,8,8,7.496547716170601,10.058386341779299,4.520503835411435,53.54145002686204,59.07713698923744,0.2
27,8,9,7.373302038002244,9.823968990596468,4.31281418983576,53.54145002686204,59.07713698923744,0.2
27,9,0,7.374793958175639,11.062336116276551,4.610366252513161,64.92198225595756,68.58243383827539,0.2
27,9,1,5.886438916921759,9.517401572776674,3.794509945193225,64.92198225595756,68.58243383827539,0.2
27,9,2,5.757726623804535,9.500871427650154,4.055957970653015,64.92198225595756,68.58243383827539,0.2
27,9,3,7.068013998616026,8.052655108383371,3.487954388665489,64.92198225595756,68.58243383827539,0.2
27,9,4,14.370577041325063,19.071745829946437,8.207656245011323,64.92198225595756,68.58243383827539,0.2
27,9,5,32.96416856477697,40.849847945236235,18.75208253428739,64.92198225595756,68.58243383827539,0.2
27,9,6,7.997818590280677,11.968245570250863,5.259430995627335,64.92198225595756,68.58243383827539,0.2
27,9,7,10.087997787709957,14.08550733404403,5.822053193664683,64.92198225595756,68.58243383827539,0.2
27,9,8,9.144864469943563,13.099450338278217,5.438688357554869,64.92198225595756,68.58243383827539,0.2
27,9,9,8.724713590804381,6.92605783834057,3.3767595704587396,64.92198225595756,68.58243383827539,0.2
27,10,0,9.326653857865193,12.322224426016263,4.971930082227269,71.4088427130377,71.08995036109539,0.2
27,10,1,7.676197265185324,8.666923884969224,3.553843568379573,71.4088427130377,71.08995036109539,0.2
27,10,2,8.205099981744244,11.249173534475323,4.565028243878464,71.4088427130377,71.08995036109539,0.2
27,10,3,7.056043158690883,10.189960415610283,4.112767658922003,71.4088427130377,71.08995036109539,0.2
27,10,4,16.60388016675204,20.214028924330314,8.54875482220543,71.4088427130377,71.08995036109539,0.2
27,10,5,37.934986795481,43.29945198595417,19.53232197449532,71.4088427130377,71.08995036109539,0.2
27,10,6,10.63969535149278,13.937267895537678,5.851157262366866,71.4088427130377,71.08995036109539,0.2
27,10,7,11.77786577146434,7.417600962769299,3.716377735967309,71.4088427130377,71.08995036109539,0.2
27,10,8,11.002328442792372,14.13063831732416,5.734958366252248,71.4088427130377,71.08995036109539,0.2
27,10,9,6.831098865027169,10.56959845229545,4.539424544620535,71.4088427130377,71.08995036109539,0.2
27,11,0,10.058088304191314,6.2110510474248635,3.07792619479842,67.22250698424405,63.778459638464525,0.2
27,11,1,7.189335296129411,7.877276843685507,3.3239623482976466,67.22250698424405,63.778459638464525,0.2
27,11,2,9.23493621766465,9.853034127146318,4.160619768991719,67.22250698424405,63.778459638464525,0.2
27,11,3,8.32002453854475,7.129803914439995,3.203079648590097,67.22250698424405,63.778459638464525,0.2
27,11,4,17.293913926904082,17.43199653393959,7.70706169241998,67.22250698424405,63.778459638464525,0.2
27,11,5,39.513391370411924,38.0403902246536,17.839705025171458,67.22250698424405,63.778459638464525,0.2
27,11,6,11.836742563409627,12.461489682397723,5.4102382547569015,67.22250698424405,63.778459638464525,0.2
27,11,7,7.518137789931444,9.34393851995652,4.368239119226968,67.22250698424405,63.778459638464525,0.2
27,11,8,11.601675147206779,11.95388314144816,5.101211466784977,67.22250698424405,63.778459638464525,0.2
27,11,9,9.183140584220256,10.033825248299568,4.377099637602053,67.22250698424405,63.778459638464525,0.2
27,12,0,6.226566534338276,6.610470647297598,3.2151800579010077,57.40067613572914,54.989306325986604,0.2
27,12,1,6.724291425274438,5.653705259155561,2.6352755599543287,57.40067613572914,54.989306325986604,0.2
27,12,2,8.416828142107788,4.962296537662251,2.574168293368906,57.40067613572914,54.989306325986604,0.2
27,12,3,6.479748793338851,6.32599082587265,2.945801088706369,57.40067613572914,54.989306325986604,0.2
27,12,4,15.59119009845057,14.085973012910802,6.638907843982158,57.40067613572914,54.989306325986604,0.2
27,12,5,36.089270262529425,31.50978174309335,15.63608315092138,57.40067613572914,54.989306325986604,0.2
27,12,6,10.944774607265165,10.199625795363092,4.702473797941543,57.40067613572914,54.989306325986604,0.2
27,12,7,8.836836815558298,8.54516386231494,4.103360748903013,57.40067613572914,54.989306325986604,0.2
27,12,8,10.31962126231108,9.410947825572856,4.314797108895541,57.40067613572914,54.989306325986604,0.2
27,12,9,8.854761419236072,8.280140045542886,3.8263636068124187,57.40067613572914,54.989306325986604,0.2
27,13,0,6.504227614109291,7.5692675913771925,3.534926058118091,52.03872907057117,53.096822055720864,0.2
27,13,1,5.331095540270362,6.207760574809283,2.813502403049345,52.03872907057117,53.096822055720864,0.2
27,13,2,5.207477091664059,6.645973387388031,3.1582758239707953,52.03872907057117,53.096822055720864,0.2
27,13,3,5.959280799765118,6.821597894471886,3.1055155561970924,52.03872907057117,53.096822055720864,0.2
27,13,4,13.430341986677321,13.802276542093361,6.54502562192104,52.03872907057117,53.096822055720864,0.2
27,13,5,31.63139916746246,30.645473319018873,15.334606222049693,52.03872907057117,53.096822055720864,0.2
27,13,6,9.512985083381134,10.173485506696622,4.694034279348172,52.03872907057117,53.096822055720864,0.2
27,13,7,8.300994598445872,9.142240786325209,4.302018583094612,52.03872907057117,53.096822055720864,0.2
27,13,8,8.72872498571008,5.394279251543512,2.9226070043314403,52.03872907057117,53.096822055720864,0.2
27,13,9,7.740636413781346,4.615601889509094,2.5416731399383217,52.03872907057117,53.096822055720864,0.2
27,14,0,7.151065653242519,9.159696536132072,4.039795606993637,55.32777549452724,59.518691672563335,0.2
27,14,1,5.691643918139725,6.32055997121319,2.8491919525022302,55.32777549452724,59.518691672563335,0.2
27,14,2,6.389111793836926,8.392010342067913,3.718478241991995,55.32777549452724,59.518691672563335,0.2
27,14,3,6.282379111871503,5.591819493853586,2.7020950915228648,55.32777549452724,59.518691672563335,0.2
27,14,4,13.240420635397696,15.679131870384882,7.156015172616971,55.32777549452724,59.518691672563335,0.2
27,14,5,31.021518995754686,34.80681733619266,16.764137515711727,55.32777549452724,59.518691672563335,0.2
27,14,6,9.495912151571329,11.58053747792271,5.139578678740852,55.32777549452724,59.518691672563335,0.2
27,14,7,8.702874352499736,10.851967083299463,4.850554076198427,55.32777549452724,59.518691672563335,0.2
27,14,8,5.912359756041714,8.300794765699788,3.9518531363724376,55.32777549452724,59.518691672563335,0.2
27,14,9,5.141740221422987,7.529130665390442,3.5799853021113193,55.32777549452724,59.518691672563335,0.2
27,15,0,8.17240393047201,6.717422771306185,3.2515056289089994,65.41465704978094,68.92409740987351,0.2
27,15,1,5.763842970418656,9.781897226261469,3.868022453468288,65.41465704978094,68.92409740987351,0.2
27,15,2,7.522387060281263,11.423877487331819,4.614541044695451,65.41465704978094,68.92409740987351,0.2
27,15,3,5.466269755886035,9.644436475059086,3.957375199147564,65.41465704978094,68.92409740987351,0.2
27,15,4,14.476436981606032,19.540560289306043,8.348371220665552,65.41465704978094,68.92409740987351,0.2
27,15,5,33.91342450276385,42.29840603170304,19.21511535608321,65.41465704978094,68.92409740987351,0.2
27,15,6,10.397237157839712,7.818811643910967,3.9040551412015856,65.41465704978094,68.92409740987351,0.2
27,15,7,9.812547726094273,14.157448645689962,5.842852456931828,65.41465704978094,68.92409740987351,0.2
27,15,8,7.99449854552731,12.384808590840294,5.229251531864501,65.41465704978094,68.92409740987351,0.2
27,15,9,7.2422193596520374,11.501947211408726,4.816147937821719,65.41465704978094,68.92409740987351,0.2
27,16,0,6.577713321843716,10.302384964269105,4.386307500063968,73.40614765381807,73.3396845906981,0.2
27,16,1,7.824911202723632,8.482929507154473,3.500861423375064,73.40614765381807,73.3396845906981,0.2
27,16,2,9.335099356439523,7.446225727797426,3.4199076255704854,73.40614765381807,73.3396845906981,0.2
27,16,3,8.005669538299724,11.22327479978908,4.400450556101531,73.40614765381807,73.3396845906981,0.2
27,16,4,16.88854298932704,21.01892598426119,8.785636049320178,73.40614765381807,73.3396845906981,0.2
27,16,5,38.871690436187656,45.57233633732731,20.24450212390443,73.40614765381807,73.3396845906981,0.2
27,16,6,7.897804415030532,11.841462149220568,5.220368363517695,73.40614765381807,73.3396845906981,0.2
27,16,7,11.819942152898358,15.349603741015187,6.18305971831698,73.40614765381807,73.3396845906981,0.2
27,16,8,10.578643062647288,14.110152402577219,5.729137114496046,73.40614765381807,73.3396845906981,0.2
27,16,9,9.742944981832808,13.143703784106046,5.28764504606745,73.40614765381807,73.3396845906981,0.2
27,17,0,8.873388691181397,10.518580090290062,4.450539043420207,71.22821074701493,67.4677941867447,0.2
27,17,1,7.082153762160193,8.55232093478628,3.5208831530048244,71.22821074701493,67.4677941867447,0.2
27,17,2,6.91838628486024,9.083649221556968,3.930441039583404,71.22821074701493,67.4677941867447,0.2
27,17,3,8.901999734410953,7.498078880538323,3.3180156595126387,71.22821074701493,67.4677941867447,0.2
27,17,4,17.773118634235374,18.92586452860597,8.163658943382387,71.22821074701493,67.4677941867447,0.2
27,17,5,40.954113728285485,41.37819361858637,18.921530582305557,71.22821074701493,67.4677941867447,0.2
27,17,6,10.560672638651873,12.36255999606234,5.3801366432116,71.22821074701493,67.4677941867447,0.2
27,17,7,12.508172803802058,13.67329430149265,5.702255021520019,71.22821074701493,67.4677941867447,0.2
27,17,8,11.589898902722952,12.825176875350607,5.358723852145363,71.22821074701493,67.4677941867447,0.2
27,17,9,10.696771659094123,6.509866743100158,3.2334066614818853,71.22821074701493,67.4677941867447,0.2
27,18,0,9.003327472360342,8.805820224743385,3.9299000326219584,60.98145737536645,57.38840261618167,0.2
27,18,1,7.122657212789684,6.164076464896696,2.7996286664764884,60.98145737536645,57.38840261618167,0.2
27,18,2,7.951182417440183,8.022557968756333,3.6031143231644,60.98145737536645,57.38840261618167,0.2
27,18,3,6.712261424866556,6.9292052760078775,3.1397265617402392,60.98145737536645,57.38840261618167,0.2
27,18,4,16.5148747427796,15.279488462452484,7.027842405269701,60.98145737536645,57.38840261618167,0.2
27,18,5,38.27777589382973,33.95034233818289,16.474305120946077,60.98145737536645,57.38840261618167,0.2
27,18,6,10.883879811478842,10.633298102683824,4.841556561963175,60.98145737536645,57.38840261618167,0.2
27,18,7,11.535517111249076,5.221220148778454,2.9065368063538504,60.98145737536645,57.38840261618167,0.2
27,18,8,10.840562278886564,10.214415273196362,4.5694768385787725,60.98145737536645,57.38840261618167,0.2
27,18,9,6.541099570325504,7.401417140702638,3.537368276839926,60.98145737536645,57.38840261618167,0.2
27,19,0,7.950087974094961,5.440045769517405,2.8052038108700357,53.0786067684466,52.91920017274671,0.2
27,19,1,5.663577701348443,6.134772635631714,2.7903054653780375,53.0786067684466,52.91920017274671,0.2
27,19,2,7.289008781927494,7.69305270992405,3.4988726293941803,53.0786067684466,52.91920017274671,0.2
27,19,3,6.35158710736568,6.788073114743798,3.0948242127038803,53.0786067684466,52.91920017274671,0.2
27,19,4,14.21714672795188,13.908175264253991,6.580137247154285,53.0786067684466,52.91920017274671,0.2
27,19,5,33.32710092786309,30.937177208108743,15.43663638331856,53.0786067684466,52.91920017274671,0.2
27,19,6,9.79434598327012,10.030826722254803,4.647860953131748,53.0786067684466,52.91920017274671,0.2
27,19,7,5.879850153603372,7.328992733272007,3.685245520633941,53.0786067684466,52.91920017274671,0.2
27,19,8,9.24393561178027,4.5997188911829525,2.614140506980224,53.0786067684466,52.91920017274671,0.2
27,19,9,7.156006199701564,7.773540783016532,3.6609439234760703,53.0786067684466,52.91920017274671,0.2
27,20,0,5.674856076887022,5.847553517869568,2.9506967364971204,53.712338378695364,52.91920017274671,0.2
27,20,1,5.644717102270199,5.856328155891396,2.701037429601212,53.712338378695364,52.91920017274671,0.2
27,20,2,7.078130482438284,7.295708755066324,3.3713689244088303,53.712338378695364,52.91920017274671,0.2
27,20,3,6.260750795469878,6.477561057788984,2.995032150019555,53.712338378695364,52.91920017274671,0.2
27,20,4,13.31145056165552,13.673125363739357,6.502094853402903,53.712338378695364,52.91920017274671,0.2
27,20,5,31.227923421151072,32.017281496903216,15.811945648770674,53.712338378695364,52.91920017274671,0.2
27,20,6,9.402504685114161,9.661698305612449,4.527462354005932,53.712338378695364,52.91920017274671,0.2
27,20,7,7.455158108851971,7.6782380511083215,3.807312494195429,53.712338378695364,52.91920017274671,0.2
27,20,8,5.288339864785868,5.451159268819359,2.94414525478936,53.712338378695364,52.91920017274671,0.2
27,20,9,7.405996594891733,7.63724354369545,3.615892476624529,53.712338378695364,52.91920017274671,0.2
28,0,0,2.0,2.0,1.5878728296009783,17.25173336687253,17.25173336687253,0.0
28,0,1,2.0,2.0,1.7211441872844229,17.25173336687253,17.25173336687253,0.0
28,0,2,2.0,2.0,1.3245200354318067,17.25173336687253,17.25173336687253,0.0
28,0,3,2.0,2.0,1.6348321887771922,17.25173336687253,17.25173336687253,0.0
28,0,4,2.0,2.0,1.3472058687922388,17.25173336687253,17.25173336687253,0.0
28,0,5,2.0,2.0,1.2875562600300379,17.25173336687253,17.25173336687253,0.0
28,0,6,2.0,2.0,1.2872383966575858,17.25173336687253,17.25173336687253,0.0
28,0,7,2.0,2.0,1.7171790405353295,17.25173336687253,17.25173336687253,0.0
28,0,8,2.0,2.0,1.404846649902952,17.25173336687253,17.25173336687253,0.0
28,0,9,2.0,2.0,1.4057036191228869,17.25173336687253,17.25173336687253,0.0
28,1,0,3.2122264134491356,3.87468719469102,2.5226696003957385,17.25173336687253,25.51745704494604,0.0
28,1,1,3.4818309858849315,4.2254426259331925,2.9054058316589146,17.25173336687253,25.51745704494604,0.0
28,1,2,2.6794703981589016,3.1815718509796698,1.8331025012128723,17.25173336687253,25.51745704494604,0.0
28,1,3,3.3072240046242336,3.998279019408771,2.6549928249661012,17.25173336687253,25.51745704494604,0.0
28,1,4,2.7253632629859914,3.241278448119074,1.8889236674011902,17.25173336687253,25.51745704494604,0.0
28,1,5,2.6046936191417807,2.604050589610808,1.5488159404055153,17.25173336687253,25.51745704494604,0.0
28,1,6,2.60405058961081,2.8539047163631417,1.6509944646492754,17.25173336687253,25.51745704494604,0.0
28,1,7,3.473809594698434,4.215006799495374,2.893699156326295,17.25173336687253,25.51745704494604,0.0
28,1,8,2.8419690995013758,3.392982590607412,2.0338319481094485,17.25173336687253,25.51745704494604,0.0
28,1,9,2.8437027264722956,3.395238038541045,2.036019464204114,17.25173336687253,25.51745704494604,0.0
28,2,0,5.103296543484968,7.053036120285295,3.8367013605731395,27.664677015886436,36.95118435556327,0.2
28,2,1,5.877562220514344,7.930358646465736,4.514412475909,27.664677015886436,36.95118435556327,0.2
28,2,2,3.708319812006208,4.2302348824999925,2.2376526527188574,27.664677015886436,36.95118435556327,0.2
28,2,3,5.370983066708931,7.288186594575848,4.0419023897373245,27.664677015886436,36.95118435556327,0.2
28,2,4,3.821244613739045,3.7462359873987925,2.090400791455568,27.664677015886436,36.95118435556327,0.2
28,2,5,3.133215318377782,4.718995143854201,2.3482259822316855,27.664677015886436,36.95118435556327,0.2
28,2,6,3.3399198783050017,5.133453801721132,2.490145646402546,27.664677015886436,36.95118435556327,0.2
28,2,7,5.853879913583905,7.905057328110484,4.493948577570838,27.664677015886436,36.95118435556327,0.2
28,2,8,4.114390385957807,5.75477229907132,2.943930983256674,27.664677015886436,36.95118435556327,0.2
28,2,9,4.1188156754697465,5.816970722800196,2.967977338139363,27.664677015886436,36.95118435556327,0.2
28,3,0,7.761549427132841,10.599826207018964,5.1027447176998475,40.31114604083077,47.977518305754764,0.2
28,3,1,9.13254180434795,12.134063830132954,6.079958993069017,40.31114604083077,47.977518305754764,0.2
28,3,2,4.5267144957662,6.870077248766159,3.142032474472416,40.31114604083077,47.977518305754764,0.2
28,3,3,8.176665898464982,10.959146777865588,5.377691735624624,40.31114604083077,47.977518305754764,0.2
28,3,4,4.22882771959512,6.54993076151292,3.090855240807036,40.31114604083077,47.977518305754764,0.2
28,3,5,4.750401533583565,5.718790704553303,2.6863225613524,40.31114604083077,47.977518305754764,0.2
28,3,6,5.037501410437072,5.031886287751563,2.4555544092837773,40.31114604083077,47.977518305754764,0.2
28,3,7,9.091143857649346,12.090217416056136,6.050600229530715,40.31114604083077,47.977518305754764,0.2
28,3,8,5.955497623927949,8.305092256785866,3.805827027690677,40.31114604083077,47.977518305754764,0.2
28,3,9,6.004142789246858,8.444201993559567,3.852687602933065,40.31114604083077,47.977518305754764,0.2
28,4,0,10.322722989978043,12.48271239411619,5.7215144030613905,48.65457708275481,51.67479527771262,0.2
28,4,1,12.299602654660776,14.630907811027253,6.930844405009865,48.65457708275481,51.67479527771262,0.2
28,4,2,6.356251910268863,8.245013046936219,3.570026814771298,48.65457708275481,51.67479527771262,0.2
28,4,3,10.878933825513895,13.092134166098276,6.090591838552936,48.65457708275481,51.67479527771262,0.2
28,4,4,6.252721666106614,8.233658944248885,3.6276717301501002,48.65457708275481,51.67479527771262,0.2
28,4,5,5.434362327862835,7.3982043897557555,3.2168709995221945,48.65457708275481,51.67479527771262,0.2
28,4,6,4.967524216120626,7.122244854604985,3.131625486361356,48.65457708275481,51.67479527771262,0.2
28,4,7,12.240210621529481,14.566746419647515,6.893636413949578,48.65457708275481,51.67479527771262,0.2
28,4,8,7.699091435703145,5.1716674503229285,2.7318027438387316,48.65457708275481,51.67479527771262,0.2
28,4,9,7.79388918948853,6.041987640341447,3.047885506707872,48.65457708275481,51.67479527771262,0.2
28,5,0,11.574478351054053,11.098143058297536,5.26950648841224,47.76403387664269,47.62592599534757,0.2
28,5,1,14.020922236495164,13.506108461687237,6.553411224153028,47.76403387664269,47.62592599534757,0.2
28,5,2,7.22207359263891,5.248731136552247,2.602409069944421,47.76403387664269,47.62592599534757,0.2
28,5,3,12.32111263107504,11.978935312081424,5.723279255255098,47.76403387664269,47.62592599534757,0.2
28,5,4,7.3386877926736584,7.3325277602074275,3.3449572386489916,47.76403387664269,47.62592599534757,0.2
28,5,5,6.507648346070894,4.700478050972544,2.34177215721466,47.76403387664269,47.62592599534757,0.2
28,5,6,6.3351988375846995,6.058470423615713,2.7963535740356065,47.76403387664269,47.62592599534757,0.2
28,5,7,13.945651415402223,13.428993643669994,6.512159211137823,47.76403387664269,47.62592599534757,0.2
28,5,8,5.526367582155014,6.3755340002023715,3.1627839008751546,47.76403387664269,47.62592599534757,0.2
28,5,9,6.16579498515389,6.7069965977299635,3.2790076223572453,47.76403387664269,47.62592599534757,0.2
28,6,0,10.660077817549787,9.701560876793284,4.79605163081866,43.058960341322674,43.131163286519744,0.2
28,6,1,13.257384495777522,12.132636251745684,6.079458267182764,43.058960341322674,43.131163286519744,0.2
28,6,2,5.264607465558663,5.261633440725788,2.60688544594151,43.058960341322674,43.131163286519744,0.2
28,6,3,11.578048602227055,10.69903996479004,5.288025612356865,43.058960341322674,43.131163286519744,0.2
28,6,4,6.766763555332239,4.1336525020404835,2.2394777107395103,43.058960341322674,43.131163286519744,0.2
28,6,5,4.737345609456016,4.838648012529692,2.389747627397562,43.058960341322674,43.131163286519744,0.2
28,6,6,5.656952272504918,3.681099521750133,1.9729781705780542,43.058960341322674,43.131163286519744,0.2
28,6,7,13.17393272095958,12.05129005891255,6.03695668231814,43.058960341322674,43.131163286519744,0.2
28,6,8,6.398231518940909,6.355332249373461,3.1557653628609064,43.058960341322674,43.131163286519744,0.2
28,6,9,6.6333491562317635,6.421875886474836,3.180798086778463,43.058960341322674,43.131163286519744,0.2
28,7,0,9.702290663070874,10.220357719179116,4.974174172422071,41.926011738759534,44.750968706997504,0.2
28,7,1,12.298589698907811,12.780089907002456,6.304780827814714,41.926011738759534,44.750968706997504,0.2
28,7,2,5.273663060532219,3.666519448262149,2.0244885748020067,41.926011738759534,44.750968706997504,0.2
28,7,3,10.697541535033896,11.227231249869313,5.469442371036931,41.926011738759534,44.750968706997504,0.2
28,7,4,4.530406541798307,5.523563654207389,2.743257172416781,41.926011738759534,44.750968706997504,0.2
28,7,5,4.83439876739555,4.236364890028294,2.1774117881242865,41.926011738759534,44.750968706997504,0.2
28,7,6,3.991284739270959,4.8724876958978856,2.4008416382530258,41.926011738759534,44.750968706997504,0.2
28,7,7,12.212610071968854,12.694751072985643,6.260824276346331,41.926011738759534,44.750968706997504,0.2
28,7,8,6.384033194759727,7.098078418643972,3.4096239136765925,41.926011738759534,44.750968706997504,0.2
28,7,9,6.434673759589318,7.113187948671662,3.416785888940814,41.926011738759534,44.750968706997504,0.2
28,8,0,10.062628041671246,13.095416319158744,5.916682124757825,47.691047379015636,52.20775294960086,0.2
28,8,1,12.75441151745346,15.983207898651104,7.37328500719186,47.691047379015636,52.20775294960086,0.2
28,8,2,4.095488979013006,6.94211816246806,3.1650599187440105,47.691047379015636,52.20775294960086,0.2
28,8,3,11.064543031130329,14.056777151957682,6.401359458455946,47.691047379015636,52.20775294960086,0.2
28,8,4,5.549539600306256,8.114912216212947,3.590968929202212,47.691047379015636,52.20775294960086,0.2
28,8,5,4.404848756386856,7.038489228459678,3.106567775359817,47.691047379015636,52.20775294960086,0.2
28,8,6,4.856841669646083,7.668731837546304,3.2979530964761308,47.691047379015636,52.20775294960086,0.2
28,8,7,12.665488530021047,15.890608950694547,7.326439374143409,47.691047379015636,52.20775294960086,0.2
28,8,8,6.897582596833057,5.59109602828822,2.8850662423415203,47.691047379015636,52.20775294960086,0.2
28,8,9,6.912071090928632,4.709649503814988,2.5601462621690367,47.691047379015636,52.20775294960086,0.2
28,9,0,11.969297696154579,16.089931698427854,6.834120953544484,57.372970041437235,61.00450370682085,0.2
28,9,1,14.915968339821012,19.342853514011935,8.426760241068221,57.372970041437235,61.00450370682085,0.2
28,9,2,6.402835845294712,9.712073827574761,4.003648279029767,57.372970041437235,61.00450370682085,0.2
28,9,3,12.94978763482079,16.989297761998994,7.30928646021239,57.372970041437235,61.00450370682085,0.2
28,9,4,7.264438958349817,7.106421706326559,3.2724170898164404,57.372970041437235,61.00450370682085,0.2
28,9,5,6.284507724518709,6.258350253405046,2.8613245647023318,57.372970041437235,61.00450370682085,0.2
28,9,6,6.671675369292097,10.354338185735413,4.069336750654574,57.372970041437235,61.00450370682085,0.2
28,9,7,14.821200813714531,19.242749568807564,8.376866060643051,57.372970041437235,61.00450370682085,0.2
28,9,8,5.836415747808177,9.284960343932772,4.114849546009015,57.372970041437235,61.00450370682085,0.2
28,9,9,5.179110878607976,8.833879725097415,3.9762968887822274,57.372970041437235,61.00450370682085,0.2
28,10,0,13.825253150278012,16.915849690519483,7.07783432676465,63.51861207287887,63.0827190415626,0.2
28,10,1,17.047121987070287,20.354460127253603,8.732889581742889,63.51861207287887,63.0827190415626,0.2
28,10,2,8.09927880388972,6.343045063812883,2.9712965102475954,63.51861207287887,63.0827190415626,0.2
28,10,3,14.786500904395796,17.872149884854228,7.573139237932795,63.51861207287887,63.0827190415626,0.2
28,10,4,6.620016676255021,9.556166854910803,4.0263504794290945,63.51861207287887,63.0827190415626,0.2
28,10,5,5.788386936816202,8.698018469170783,3.602794122686984,63.51861207287887,63.0827190415626,0.2
28,10,6,8.232164913960215,7.2112469439460885,3.1589681435279657,63.51861207287887,63.0827190415626,0.2
28,10,7,16.94618732703243,20.24895838903017,8.68113407163954,63.51861207287887,63.0827190415626,0.2
28,10,8,8.324236143256444,11.163940412625887,4.681447744476965,63.51861207287887,63.0827190415626,0.2
28,10,9,8.043947635952435,10.994925152808584,4.634547739541797,63.51861207287887,63.0827190415626,0.2
28,11,0,14.318279115691963,5.264457093237702,3.1263833835317616,59.6508859524713,55.85399417157669,0.2
28,11,1,17.666413869716866,18.18387926169824,8.070061322997576,59.6508859524713,55.85399417157669,0.2
28,11,2,6.01085739013812,7.911914849650727,3.4684437713142415,59.6508859524713,55.85399417157669,0.2
28,11,3,15.3202683737141,15.994826164700918,7.007092493961878,59.6508859524713,55.85399417157669,0.2
28,11,4,8.145204778820885,9.32232305783817,3.9571259490803294,59.6508859524713,55.85399417157669,0.2
28,11,5,7.28836102449253,6.622824693144362,2.976977137057888,59.6508859524713,55.85399417157669,0.2
28,11,6,6.390512338721021,7.614741940938366,3.2816829578718347,59.6508859524713,55.85399417157669,0.2
28,11,7,17.56171378700477,18.076859903862672,8.018270006480632,59.6508859524713,55.85399417157669,0.2
28,11,8,9.470449911136589,10.540825377078992,4.496971718543066,59.6508859524713,55.85399417157669,0.2
28,11,9,9.375572392083946,10.404556008687562,4.458915607556584,59.6508859524713,55.85399417157669,0.2
28,12,0,6.324594196673077,7.6596854306537026,4.06482988169061,50.26864945474502,48.04972383758182,0.2
28,12,1,16.325529133464258,14.944368100805917,7.034456476535854,50.26864945474502,48.04972383758182,0.2
28,12,2,7.0165736752221575,6.867710077255754,3.1412745965370394,50.26864945474502,48.04972383758182,0.2
28,12,3,14.175170184278373,13.126057551597075,6.101634598624966,50.26864945474502,48.04972383758182,0.2
28,12,4,8.005165311742912,5.377928566429093,2.6924242260079354,50.26864945474502,48.04972383758182,0.2
28,12,5,6.022349153927261,6.150973226010025,2.8268704325397627,50.26864945474502,48.04972383758182,0.2
28,12,6,6.63876129204302,6.115381548117673,2.8147153382515295,50.26864945474502,48.04972383758182,0.2
28,12,7,16.22075661528669,14.84271087213604,6.984797847628706,50.26864945474502,48.04972383758182,0.2
28,12,8,9.097259595069586,4.622093262472218,2.5251955548088056,50.26864945474502,48.04972383758182,0.2
28,12,9,9.02027304890225,8.508865151064716,3.873315864906563,50.26864945474502,48.04972383758182,0.2
28,13,0,8.223047632488981,8.974093797627877,4.541383143748685,45.47150578471717,46.89184241305943,0.2
28,13,1,14.230526826172285,14.17014351231802,6.777323740720889,45.47150578471717,46.89184241305943,0.2
28,13,2,6.35471874245038,6.768276462077101,3.1093685249426724,45.47150578471717,46.89184241305943,0.2
28,13,3,12.343451854292097,12.42529251556388,5.871740019948819,45.47150578471717,46.89184241305943,0.2
28,13,4,5.446705840521492,6.284526297742843,3.002643365775369,45.47150578471717,46.89184241305943,0.2
28,13,5,5.718687102344645,6.207311998671796,2.844970190216951,45.47150578471717,46.89184241305943,0.2
28,13,6,5.694097655253696,5.28331517628439,2.5408121193259254,45.47150578471717,46.89184241305943,0.2
28,13,7,14.130068680874027,14.071936273469765,6.72887225965795,45.47150578471717,46.89184241305943,0.2
28,13,8,5.108406485121077,6.285302324713687,3.131383391069021,45.47150578471717,46.89184241305943,0.2
28,13,9,7.835619639647734,4.56713663812839,2.5056682469139555,45.47150578471717,46.89184241305943,0.2
28,14,0,9.18710278052182,11.593688348082287,5.433126987086264,48.862083060863135,53.08292296262985,0.2
28,14,1,13.710353830986751,16.18262228015702,7.437560057857808,48.862083060863135,53.08292296262985,0.2
28,14,2,6.290173569805428,5.517488470664285,2.6949861594269438,48.862083060863135,53.08292296262985,0.2
28,14,3,11.878380959340229,14.180660549729767,6.440798403349126,48.862083060863135,53.08292296262985,0.2
28,14,4,6.074271282880521,8.074307316001665,3.578381679165579,48.862083060863135,53.08292296262985,0.2
28,14,5,5.755302452518691,6.255189016287328,2.8603127632869816,48.862083060863135,53.08292296262985,0.2
28,14,6,5.139998398587994,7.312916161936054,3.190078755821347,48.862083060863135,53.08292296262985,0.2
28,14,7,13.612337715124239,16.081788366056596,7.388029515213821,48.862083060863135,53.08292296262985,0.2
28,14,8,6.334709084955829,8.449520231773787,3.8520361867866337,48.862083060863135,53.08292296262985,0.2
28,14,9,5.068903237106463,7.4381764495957015,3.525326126445355,48.862083060863135,53.08292296262985,0.2
28,15,0,10.991077931554189,15.984974323035171,6.802884234905884,58.341356357486376,62.15139019452603,0.2
28,15,1,15.045995135182718,20.34846317520204,8.731088447044689,58.341356357486376,62.15139019452603,0.2
28,15,2,5.451888566773005,9.863012930988365,4.047102994387558,58.341356357486376,62.15139019452603,0.2
28,15,3,13.029571618867088,6.684619077942286,3.8045723559876286,58.341356357486376,62.15139019452603,0.2
28,15,4,7.238975271153582,8.338304706437112,3.659884686741707,58.341356357486376,62.15139019452603,0.2
28,15,5,5.786340088245609,9.91070280930819,3.947465426737602,58.341356357486376,62.15139019452603,0.2
28,15,6,6.453448317399167,11.007440912903881,4.247353839285686,58.341356357486376,62.15139019452603,0.2
28,15,7,14.945796105142344,20.24254856257833,8.679210365591365,58.341356357486376,62.15139019452603,0.2
28,15,8,7.792571391165702,11.98550797898818,4.920026420677423,58.341356357486376,62.15139019452603,0.2
28,15,9,7.131645235239511,11.55567944595391,4.7987663654708745,58.341356357486376,62.15139019452603,0.2
28,16,0,13.762062061665706,17.676292758515828,7.299087175208521,66.19301952376209,66.97988875980062,0.2
28,16,1,17.662770219958595,21.846664812510873,9.176263147773254,66.19301952376209,66.97988875980062,0.2
28,16,2,8.18718658961352,11.402755807655588,4.479653387636589,66.19301952376209,66.97988875980062,0.2
28,16,3,7.696553266707738,12.381102408672792,5.857114366879118,66.19301952376209,66.97988875980062,0.2
28,16,4,7.4038537858753015,10.722485999624539,4.364352401194917,66.19301952376209,66.97988875980062,0.2
28,16,5,7.98562232035309,8.409359938019575,3.518675984225051,66.19301952376209,66.97988875980062,0.2
28,16,6,8.592288963875392,9.303414927521974,3.775614647372525,66.19301952376209,66.97988875980062,0.2
28,16,7,17.557822178517952,21.73638611281371,9.122748874025945,66.19301952376209,66.97988875980062,0.2
28,16,8,9.953088514864964,13.186682667617745,5.260206720820389,66.19301952376209,66.97988875980062,0.2
28,16,9,9.707782502337084,13.070030462725246,5.2307791729545245,66.19301952376209,66.97988875980062,0.2
28,17,0,14.765868009823276,16.023423090019485,6.8143342230697765,65.05151554742024,61.397126104678215,0.2
28,17,1,18.563347335217227,19.819688163900942,8.571642105761363,65.05151554742024,61.397126104678215,0.2
28,17,2,9.062225051409929,7.673011452087794,3.3947955762305013,65.05151554742024,61.397126104678215,0.2
28,17,3,11.848793634569239,14.132464631485297,6.425467306755648,65.05151554742024,61.397126104678215,0.2
28,17,4,8.82897408367484,10.318849152325434,4.248688133026362,65.05151554742024,61.397126104678215,0.2
28,17,5,7.1181921663948104,8.795460769716643,3.630999882475898,65.05151554742024,61.397126104678215,0.2
28,17,6,7.637972557502094,8.963537946323573,3.678524151116025,65.05151554742024,61.397126104678215,0.2
28,17,7,18.45508931831366,19.70791434622711,8.51810615850995,65.05151554742024,61.397126104678215,0.2
28,17,8,10.64126462386035,6.641693041465099,3.2546409405028447,65.05151554742024,61.397126104678215,0.2
28,17,9,10.581733441781033,11.872589995257822,4.890514998730367,65.05151554742024,61.397126104678215,0.2
28,18,0,13.785225096971864,12.515208478856106,5.731936657677443,55.494421800113166,51.93493737779547,0.2
28,18,1,17.34021432036125,15.807160294259951,7.316341316160325,55.494421800113166,51.93493737779547,0.2
28,18,2,6.867585246715389,6.833143279815682,3.1301986815721934,55.494421800113166,51.93493737779547,0.2
28,18,3,12.998557199760816,12.365224606175689,5.851855448812029,55.494421800113166,51.93493737779547,0.2
28,18,4,8.594988206231077,5.923546852624636,2.8808473637390697,55.494421800113166,51.93493737779547,0.2
28,18,5,7.34542056031702,6.968283843591977,3.0848446673089405,55.494421800113166,51.93493737779547,0.2
28,18,6,7.441560948992874,5.334095915747357,2.557882338765447,55.494421800113166,51.93493737779547,0.2
28,18,7,17.23191245850924,15.701448646479207,7.26528053086984,55.494421800113166,51.93493737779547,0.2
28,18,8,6.584055977583141,7.167688728580033,3.432996171163487,55.494421800113166,51.93493737779547,0.2
28,18,9,9.893387657649214,9.151797330166703,4.075934926658326,55.494421800113166,51.93493737779547,0.2
28,19,0,11.595562307490153,11.215482065934648,5.308444512645631,48.03468981453448,47.25323021302346,0.2
28,19,1,14.800772698834606,14.222547305487806,6.794858675315428,48.03468981453448,47.25323021302346,0.2
28,19,2,6.332312447727059,6.578538173056018,3.0480923044152384,48.03468981453448,47.25323021302346,0.2
28,19,3,11.838154976859153,11.71688756547067,5.635348345730681,48.03468981453448,47.25323021302346,0.2
28,19,4,5.827881063525347,6.43326309749691,3.0522133537263367,48.03468981453448,47.25323021302346,0.2
28,19,5,6.240562428546379,4.774205403583999,2.3674236824125656,48.03468981453448,47.25323021302346,0.2
28,19,6,5.174531019050291,5.470240079666652,2.6034093472917954,48.03468981453448,47.25323021302346,0.2
28,19,7,14.697478026777796,14.122612392356004,6.7458256091150925,48.03468981453448,47.25323021302346,0.2
28,19,8,6.94486408023762,7.397118295503899,3.5095522942562667,48.03468981453448,47.25323021302346,0.2
28,19,9,8.24551285646841,4.042886662366924,2.3006834192781294,48.03468981453448,47.25323021302346,0.2
28,20,0,10.738848451821205,11.058514893600687,5.256328335795181,47.96144844221236,47.25323021302346,0.2
28,20,1,13.745826558407142,14.111623438289453,6.75771921581315,47.96144844221236,47.25323021302346,0.2
28,20,2,6.166213331664681,6.377160534577963,2.9824740933173315,47.96144844221236,47.25323021302346,0.2
28,20,3,11.400166605087575,11.70437198933066,5.631134030647897,47.96144844221236,47.25323021302346,0.2
28,20,4,6.174550109775284,6.367819102848689,3.030445453399755,47.96144844221236,47.25323021302346,0.2
28,20,5,4.789237993562541,4.9561346934593296,2.430218867430713,47.96144844221236,47.25323021302346,0.2
28,20,6,5.266631001232372,5.496497084394524,2.6121504684751033,47.96144844221236,47.25323021302346,0.2
28,20,7,13.64663391057986,14.011445506737058,6.708611486238382,47.96144844221236,47.25323021302346,0.2
28,20,8,7.099735173265699,7.309860008509193,3.4805210531232094,47.96144844221236,47.25323021302346,0.2
28,20,9,4.654224135976189,4.801147846481169,2.594862333074486,47.96144844221236,47.25323021302346,0.2
29,0,0,2.0,2.0,1.3910894168535455,17.86947722299653,17.86947722299653,0.0
29,0,1,2.0,2.0,1.6395594256367514,17.86947722299653,17.86947722299653,0.0
29,0,2,2.0,2.0,2.034284627755306,17.86947722299653,17.86947722299653,0.0
29,0,3,2.0,2.0,1.3864414505863845,17.86947722299653,17.86947722299653,0.0
29,0,4,2.0,2.0,1.6128212130952173,17.86947722299653,17.86947722299653,0.0
29,0,5,2.0,2.0,1.695322807002844,17.86947722299653,17.86947722299653,0.0
29,0,6,2.0,2.0,1.4745435250823347,17.86947722299653,17.86947722299653,0.0
29,0,7,2.0,2.0,1.3280721469739694,17.86947722299653,17.86947722299653,0.0
29,0,8,2.0,2.0,1.6055507190255134,17.86947722299653,17.86947722299653,0.0
29,0,9,2.0,2.0,1.4357211342976013,17.86947722299653,17.86947722299653,0.0
29,1,0,2.814138566379662,3.338601755454872,1.9912660155642077,17.86947722299653,27.3955879048926,0.0
29,1,1,3.3167870847524594,3.9874802037499126,2.6576338289043906,17.86947722299653,27.3955879048926,0.0
29,1,2,4.115306145386488,5.018303512800101,3.87329493067308,17.86947722299653,27.3955879048926,0.0
29,1,3,2.804735848646941,2.6866562296099765,1.7046256026558557,17.86947722299653,27.3955879048926,0.0
29,1,4,3.2626963597440115,3.917653467118405,2.5821617452140107,17.86947722299653,27.3955879048926,0.0
29,1,5,3.4295949892572635,4.1331060543292715,2.81789620466706,17.86947722299653,27.3955879048926,0.0
29,1,6,2.9829641081774425,3.55654183005998,2.2062572210118185,17.86947722299653,27.3955879048926,0.0
29,1,7,2.686656229609976,2.9464405602372614,1.741843172634892,17.86947722299653,27.3955879048926,0.0
29,1,8,3.2479883348605596,3.8986666005207375,2.5617945695028435,17.86947722299653,27.3955879048926,0.0
29,1,9,2.90442739743638,3.455157309590623,2.1051186266072186,17.86947722299653,27.3955879048926,0.0
29,2,0,4.028280585294944,4.650230618980839,2.511112637015872,29.70084713826473,40.87497385539883,0.2
29,2,1,5.376325750613113,7.324144940083215,4.067579186005959,29.70084713826473,40.87497385539883,0.2
29,2,2,7.835577290224982,10.258370735327711,6.389186915432126,29.70084713826473,40.87497385539883,0.2
29,2,3,3.44841430863754,5.276144253822888,2.734023226724747,29.70084713826473,40.87497385539883,0.2
29,2,4,5.223647641769091,7.043755569828732,3.8933928213227316,29.70084713826473,40.87497385539883,0.2
29,2,5,5.700532467240615,7.657105460785358,4.338870095368508,29.70084713826473,40.87497385539883,0.2
29,2,6,4.46320233464664,6.264234037988088,3.279020878717176,29.70084713826473,40.87497385539883,0.2
29,2,7,3.523704507639871,4.203334935099832,2.2336569280570013,29.70084713826473,40.87497385539883,0.2
29,2,8,5.1824453624888225,7.052370360500271,3.879159263991691,29.70084713826473,40.87497385539883,0.2
29,2,9,4.258601526377116,5.908598633206729,3.064701911358283,29.70084713826473,40.87497385539883,0.2
29,3,0,5.079917100033315,7.774499673040281,3.5983612755514276,44.59172471022695,53.69282244344082,0.2
29,3,1,8.228609405305885,11.481977750272303,5.572086580065192,44.59172471022695,53.69282244344082,0.2
29,3,2,12.925162889380825,17.051092661679395,9.11837125440191,44.59172471022695,53.69282244344082,0.2
29,3,3,5.53085956264873,8.578983353974673,3.8422499595069697,44.59172471022695,53.69282244344082,0.2
29,3,4,7.876234812663757,10.911279617990319,5.289056541561776,44.59172471022695,53.69282244344082,0.2
29,3,5,8.777424026059867,12.051780987068367,5.960288327816808,44.59172471022695,53.69282244344082,0.2
29,3,6,6.633375973511286,5.460406012897813,2.9784756560021717,44.59172471022695,53.69282244344082,0.2
29,3,7,4.518631246238648,7.175182870421251,3.2477586902594267,44.59172471022695,53.69282244344082,0.2
29,3,8,7.847440687615595,10.965087510623796,5.283375815302966,44.59172471022695,53.69282244344082,0.2
29,3,9,6.199814144742932,6.328865020412113,3.215712247677265,44.59172471022695,53.69282244344082,0.2
29,4,0,7.279393487300527,9.00656472821822,3.9886458003762972,54.45053559703835,59.129953896563045,0.2
29,4,1,11.272189659551467,13.25054592705904,6.1598453024207815,54.45053559703835,59.129953896563045,0.2
29,4,2,18.44623350497508,20.898658347996765,10.514136348057924,54.45053559703835,59.129953896563045,0.2
29,4,3,7.772774101880481,6.898943393597118,3.2985900465163325,54.45053559703835,59.129953896563045,0.2
29,4,4,10.699627078637059,12.630303225005687,5.859423303938982,54.45053559703835,59.129953896563045,0.2
29,4,5,12.057511937651167,14.094613060920416,6.650719293760724,54.45053559703835,59.129953896563045,0.2
29,4,6,6.025380619699675,8.316093367948056,3.9983439351941295,54.45053559703835,59.129953896563045,0.2
29,4,7,6.570133360101595,6.213074257401333,2.9364002511726897,54.45053559703835,59.129953896563045,0.2
29,4,8,10.688135113666094,12.618501652216906,5.8291936706477765,54.45053559703835,59.129953896563045,0.2
29,4,9,6.505304220512771,8.52244913611619,3.9604468467179395,54.45053559703835,59.129953896563045,0.2
29,5,0,8.06892917053149,5.958828512812054,2.9870787387386515,54.65498423092688,54.66940913720528,0.2
29,5,1,12.461210629927404,12.527809267353259,5.922686677977634,54.65498423092688,54.66940913720528,0.2
29,5,2,21.269830846796737,20.80891198774686,10.482509911103644,54.65498423092688,54.66940913720528,0.2
29,5,3,6.672963903049362,7.26660871774231,3.4206826113166766,54.65498423092688,54.66940913720528,0.2
29,5,4,11.853464555610536,12.160602492139983,5.706026637034373,54.65498423092688,54.66940913720528,0.2
29,5,5,13.454236249651375,13.59821057697141,6.485875996880767,54.65498423092688,54.66940913720528,0.2
29,5,6,8.088548251003358,8.748494906023307,4.142761578331854,54.65498423092688,54.66940913720528,0.2
29,5,7,5.940263144149829,6.844716038342264,3.1423132486120493,54.65498423092688,54.66940913720528,0.2
29,5,8,11.792310775083102,4.909823815243107,3.010573039697536,54.65498423092688,54.66940913720528,0.2
29,5,9,8.011883403336288,8.684143147016314,4.012896678747997,54.65498423092688,54.66940913720528,0.2
29,6,0,6.042784437617608,6.198658301586134,3.07073569474581,49.427026786889584,50.568028151075524,0.2
29,6,1,11.981444754844713,10.97149364806354,5.397494326276873,49.427026786889584,50.568028151075524,0.2
29,6,2,21.20585136792792,19.174043821562307,9.898977139016313,49.427026786889584,50.568028151075524,0.2
29,6,3,6.919954061345584,6.324193593829525,3.1037315164373362,49.427026786889584,50.568028151075524,0.2
29,6,4,11.543146993662035,10.783569436866427,5.245646342439028,49.427026786889584,50.568028151075524,0.2
29,6,5,13.120762445926868,12.113295557567891,5.981567766744215,49.427026786889584,50.568028151075524,0.2
29,6,6,8.380701475875682,7.821533786827561,3.830371941749747,49.427026786889584,50.568028151075524,0.2
29,6,7,6.356819909223647,5.502786608111102,2.697171374269872,49.427026786889584,50.568028151075524,0.2
29,6,8,6.090312811866959,6.945322435147414,3.8378475665772385,49.427026786889584,50.568028151075524,0.2
29,6,9,8.117988081675207,4.834654411954101,2.663206862918585,49.427026786889584,50.568028151075524,0.2
29,7,0,6.212020335320119,7.591189989293338,3.5387587178295012,49.155079073198515,53.44080837679867,0.2
29,7,1,10.918993963556476,12.04847760913846,5.7631336035607115,49.155079073198515,53.44080837679867,0.2
29,7,2,20.02537938763517,20.987166217467248,10.545286462819014,49.155079073198515,53.44080837679867,0.2
29,7,3,6.278770044739615,6.173998163380189,3.051947680561722,49.155079073198515,53.44080837679867,0.2
29,7,4,10.611809348126348,5.084382489891428,3.099074239765199,49.155079073198515,53.44080837679867,0.2
29,7,5,12.100559702252802,13.234833034728062,6.364061009143041,49.155079073198515,53.44080837679867,0.2
29,7,6,7.7487451735759665,8.96630055562008,4.214692595845659,49.155079073198515,53.44080837679867,0.2
29,7,7,5.456309200911117,6.801566837035722,3.1284336648239983,49.155079073198515,53.44080837679867,0.2
29,7,8,7.76386817277354,9.507507711414116,4.78134094117963,49.155079073198515,53.44080837679867,0.2
29,7,9,5.387599856907849,7.222118257028721,3.52707190230539,49.155079073198515,53.44080837679867,0.2
29,8,0,7.158819026516025,7.0050795011079545,3.3452085457483083,56.95179786962423,63.21668089858913,0.2
29,8,1,11.658672936828376,14.787573932049696,6.651720857101611,56.95179786962423,63.21668089858913,0.2
29,8,2,21.33284673796397,25.482134357625966,12.079689779391009,56.95179786962423,63.21668089858913,0.2
29,8,3,6.174012659709502,9.107958218851167,4.006593276275632,56.95179786962423,63.21668089858913,0.2
29,8,4,6.2693484922940454,9.542363975582209,4.815311809222908,56.95179786962423,63.21668089858913,0.2
29,8,5,12.87433381897981,16.036378212836055,7.279571413717404,56.95179786962423,63.21668089858913,0.2
29,8,6,8.52621609776274,11.37303896828568,4.977945855307352,56.95179786962423,63.21668089858913,0.2
29,8,7,6.328741863664507,7.854422823564568,3.4600363812677752,56.95179786962423,63.21668089858913,0.2
29,8,8,9.672531311479467,12.688330842983573,5.8517555856129855,56.95179786962423,63.21668089858913,0.2
29,8,9,7.1351768954739,9.797126886325728,4.366346624192436,56.95179786962423,63.21668089858913,0.2
29,9,0,6.767271943212718,11.074380077071039,4.609540624714955,69.47107535570693,73.38784401775571,0.2
29,9,1,13.456262386857306,18.576007008101737,7.8032014984521645,69.47107535570693,73.38784401775571,0.2
29,9,2,24.436905684306105,31.278001903591864,13.9430576032055,69.47107535570693,73.38784401775571,0.2
29,9,3,8.10523645853583,12.873051233809093,5.104551449442779,69.47107535570693,73.38784401775571,0.2
29,9,4,9.741253514909216,14.607895359428502,6.487488253081275,69.47107535570693,73.38784401775571,0.2
29,9,5,14.72638811989022,19.887972707800756,8.463398074691298,69.47107535570693,73.38784401775571,0.2
29,9,6,10.070258060373877,9.369978138846232,4.346639314721034,69.47107535570693,73.38784401775571,0.2
29,9,7,6.9995657386469,11.098576918366804,4.407453904931385,69.47107535570693,73.38784401775571,0.2
29,9,8,11.837952956143315,16.72242822436107,7.099251646162851,69.47107535570693,73.38784401775571,0.2
29,9,9,8.833008346159541,8.163188538270637,3.842828256498276,69.47107535570693,73.38784401775571,0.2
29,10,0,9.324983633794579,12.357409974446,4.9771790945291245,76.41229272893129,75.93723816393008,0.2
29,10,1,15.785678484776863,19.318736239583167,8.020312022572542,76.41229272893129,75.93723816393008,0.2
29,10,2,28.206451475408453,32.750668590045045,14.399414704176777,76.41229272893129,75.93723816393008,0.2
29,10,3,10.326377962415677,8.419258966924621,3.792034193295864,76.41229272893129,75.93723816393008,0.2
29,10,4,13.124023999280494,16.655728088044473,7.111476275726206,76.41229272893129,75.93723816393008,0.2
29,10,5,17.12123939414575,20.715459369920506,8.708384686515013,76.41229272893129,75.93723816393008,0.2
29,10,6,8.793140959526344,12.472115790882643,5.310002106869888,76.41229272893129,75.93723816393008,0.2
29,10,7,8.916167331257805,9.536344094331024,3.9634009644894292,76.41229272893129,75.93723816393008,0.2
29,10,8,14.36160580898482,17.809436216732756,7.419218345894463,76.41229272893129,75.93723816393008,0.2
29,10,9,7.7739439820092056,11.36407346718613,4.844209525583495,76.41229272893129,75.93723816393008,0.2
29,11,0,10.06870692278987,7.321991007323096,3.4504400287526655,71.8060920975489,67.61030636529028,0.2
29,11,1,16.224887561987735,16.277149797398064,7.1139534239876525,71.8060920975489,67.61030636529028,0.2
29,11,2,29.129650302403554,28.4976856558425,13.063436378976425,71.8060920975489,67.61030636529028,0.2
29,11,3,7.6711888819636975,8.630742662506764,3.8584622400411988,71.8060920975489,67.61030636529028,0.2
29,11,4,14.386335924171629,14.895270351887733,6.576564792062196,71.8060920975489,67.61030636529028,0.2
29,11,5,17.61684108892335,17.727055012429602,7.808669149631414,71.8060920975489,67.61030636529028,0.2
29,11,6,10.74199942538491,11.31409578637887,4.959872303428815,71.8060920975489,67.61030636529028,0.2
29,11,7,8.017859508574139,6.551293467193446,3.0474010267156904,71.8060920975489,67.61030636529028,0.2
29,11,8,15.00889031763172,15.242957723168644,6.65352057184527,71.8060920975489,67.61030636529028,0.2
29,11,9,9.799712861307357,10.607539371685295,4.616144053011939,71.8060920975489,67.61030636529028,0.2
29,12,0,6.980152561188884,7.4936692364042425,3.5068744142746167,60.84934194257199,57.21280752227956,0.2
29,12,1,14.391347132202343,13.283448355727378,6.170548176459697,60.84934194257199,57.21280752227956,0.2
29,12,2,26.427000075003082,23.851461539419418,11.53323703255532,60.84934194257199,57.21280752227956,0.2
29,12,3,7.805571133723002,7.462897772164788,3.4851043161071718,60.84934194257199,57.21280752227956,0.2
29,12,4,13.304223575719526,12.670039978011179,5.872321435175516,60.84934194257199,57.21280752227956,0.2
29,12,5,15.796739404272492,14.684897004407382,6.844489175706418,60.84934194257199,57.21280752227956,0.2
29,12,6,10.03369572386506,4.751789475371865,2.70231911578853,60.84934194257199,57.21280752227956,0.2
29,12,7,6.164814894432102,6.655950519640728,3.0813975356261984,60.84934194257199,57.21280752227956,0.2
29,12,8,13.459903164083595,12.588917873668407,5.819623818323177,60.84934194257199,57.21280752227956,0.2
29,12,9,9.33834220155861,5.648149830709968,2.9695007729243863,60.84934194257199,57.21280752227956,0.2
29,13,0,7.09431789006219,7.537412558419857,3.521191545901518,54.14292321435688,55.38641480607742,0.2
29,13,1,12.482862272330193,12.404432332893359,5.881796455602121,54.14292321435688,55.38641480607742,0.2
29,13,2,23.331445653524842,22.560070822889614,11.092489887112402,54.14292321435688,55.38641480607742,0.2
29,13,3,7.050277534277262,4.819234112558632,2.5660502343695484,54.14292321435688,55.38641480607742,0.2
29,13,4,11.87955714757997,11.968626709484903,5.642820759131553,54.14292321435688,55.38641480607742,0.2
29,13,5,13.846227800431478,13.750307595865667,6.536572719142899,54.14292321435688,55.38641480607742,0.2
29,13,6,5.466722951286831,6.60853610743242,3.404162525688602,54.14292321435688,55.38641480607742,0.2
29,13,7,6.233588968685161,5.473798904143019,2.6872177430735302,54.14292321435688,55.38641480607742,0.2
29,13,8,11.772951206837572,11.785281034502738,5.557007625247426,54.14292321435688,55.38641480607742,0.2
29,13,9,6.007224659132402,6.922937349993836,3.4241468153678785,54.14292321435688,55.38641480607742,0.2
29,14,0,7.1232810837886795,7.088114254308934,3.3729161605067985,57.713569385029494,62.247560909160306,0.2
29,14,1,11.898724873303925,15.01443462102856,6.72298981786486,57.713569385029494,62.247560909160306,0.2
29,14,2,22.439825370180216,26.318651024773228,12.355924850676555,57.713569385029494,62.247560909160306,0.2
29,14,3,5.191054464450125,8.561433197599918,3.836746165332315,57.713569385029494,62.247560909160306,0.2
29,14,4,11.415283107650644,5.776351872377656,3.3886192888572455,57.713569385029494,62.247560909160306,0.2
29,14,5,13.223320627721964,16.36380700510454,7.383298922525732,57.713569385029494,62.247560909160306,0.2
29,14,6,6.886534347614303,10.086084742480859,4.576594437357074,57.713569385029494,62.247560909160306,0.2
29,14,7,5.436173257753342,8.29781470432198,3.595632393122775,57.713569385029494,62.247560909160306,0.2
29,14,8,11.241685316854825,14.254233073139458,6.3483919379113,57.713569385029494,62.247560909160306,0.2
29,14,9,6.926962058174677,9.8571258203689,4.385047544182954,57.713569385029494,62.247560909160306,0.2
29,15,0,6.82332374429005,11.127547502040853,4.625020578956808,68.41385008022817,72.60170896584684,0.2
29,15,1,13.600437684749586,18.730165956874295,7.848475430674065,68.41385008022817,72.60170896584684,0.2
29,15,2,24.995722219083273,31.88518209363203,14.131977960045655,68.41385008022817,72.60170896584684,0.2
29,15,3,7.7616400660229266,12.552217611420515,5.015160761495889,68.41385008022817,72.60170896584684,0.2
29,15,4,6.855090774193675,12.207768422739907,5.7215095557285816,68.41385008022817,72.60170896584684,0.2
29,15,5,14.936226236258216,20.10934376551981,8.529232173491241,68.41385008022817,72.60170896584684,0.2
29,15,6,9.258334333371684,13.940107307703078,5.740145240146734,68.41385008022817,72.60170896584684,0.2
29,15,7,7.273873027441839,9.630687371993554,3.990807421652422,68.41385008022817,72.60170896584684,0.2
29,15,8,12.842635685762517,8.068074283942718,4.262279783375247,68.41385008022817,72.60170896584684,0.2
29,15,9,8.870839832428148,13.1325495604981,5.360353490392294,68.41385008022817,72.60170896584684,0.2
29,16,0,9.356299188143575,13.145982729295847,5.197436473498062,77.32290981735845,77.97919127506425,0.2
29,16,1,15.87726650002141,20.43079031137435,8.34076301513905,77.32290981735845,77.97919127506425,0.2
29,16,2,28.58863256004398,34.58297563277759,14.95871787746813,77.32290981735845,77.97919127506425,0.2
29,16,3,10.145542870595671,10.542721122173381,4.438614628394431,77.32290981735845,77.97919127506425,0.2
29,16,4,11.574468545022869,16.157448885723063,6.961874394412851,77.32290981735845,77.97919127506425,0.2
29,16,5,17.25442010429364,21.86600346849406,9.044196644450704,77.32290981735845,77.97919127506425,0.2
29,16,6,11.612168061385105,15.76605960953561,6.25666373552788,77.32290981735845,77.97919127506425,0.2
29,16,7,8.07330207548307,11.81920527290064,4.605878362094676,77.32290981735845,77.97919127506425,0.2
29,16,8,8.622483769754274,13.830999081796785,6.215849908208575,77.32290981735845,77.97919127506425,0.2
29,16,9,10.843858995678723,9.276649471609502,4.202646863988061,77.32290981735845,77.97919127506425,0.2
29,17,0,10.514282007451335,8.00882367708612,3.6739408695304903,75.73414449516919,72.19779955254913,0.2
29,17,1,16.873151782741992,17.915122528236633,7.607816225762078,75.73414449516919,72.19779955254913,0.2
29,17,2,30.26110641959392,31.093145065246073,13.88532270441961,75.73414449516919,72.19779955254913,0.2
29,17,3,8.979204683559711,10.392907311926887,4.394368520862871,75.73414449516919,72.19779955254913,0.2
29,17,4,14.083695117113294,15.639458211370465,6.804879243516523,75.73414449516919,72.19779955254913,0.2
29,17,5,18.29618015255867,19.410052646737146,8.320513066571761,75.73414449516919,72.19779955254913,0.2
29,17,6,12.65707186159388,13.68521979867896,5.666473256138762,75.73414449516919,72.19779955254913,0.2
29,17,7,9.31757496950954,8.970155609248444,3.7971753724488253,75.73414449516919,72.19779955254913,0.2
29,17,8,12.574506525311902,14.390819832123514,6.390913031382857,75.73414449516919,72.19779955254913,0.2
29,17,9,8.501847888091927,10.551860188471439,4.599169506347442,75.73414449516919,72.19779955254913,0.2
29,18,0,7.432289086728546,7.989633250693848,3.667776306116323,65.25672121164475,60.977276949058094,0.2
29,18,1,15.390419039540449,14.252735823137934,6.482386629399976,65.25672121164475,60.977276949058094,0.2
29,18,2,28.089655241226115,25.489027965391397,12.081977204940145,65.25672121164475,60.977276949058094,0.2
29,18,3,8.889695931564184,5.942523830277533,2.9713936401113945,65.25672121164475,60.977276949058094,0.2
29,18,4,13.766097913425803,13.253837081695524,6.060442980387186,65.25672121164475,60.977276949058094,0.2
29,18,5,16.832186650997038,15.707973683122438,7.174894558446607,65.25672121164475,60.977276949058094,0.2
29,18,6,11.463131508488688,6.686712996095828,3.432301875129479,65.25672121164475,60.977276949058094,0.2
29,18,7,7.681589356840245,7.703192433033689,3.4132664702839386,65.25672121164475,60.977276949058094,0.2
29,18,8,12.928654778117915,12.489915955078308,5.787549168715339,65.25672121164475,60.977276949058094,0.2
29,18,9,9.304003124690771,9.343623005863554,4.223862883612023,65.25672121164475,60.977276949058094,0.2
29,19,0,7.419818331478362,7.691306075499454,3.5713639934412713,56.397961215897375,55.928901915758864,0.2
29,19,1,13.113703544118687,12.612029721026786,5.9505300833139705,56.397961215897375,55.928901915758864,0.2
29,19,2,24.44153308810744,22.899498251187218,11.209052338446682,56.397961215897375,55.928901915758864,0.2
29,19,3,6.011053881386168,6.455670119448506,3.148759335871236,56.397961215897375,55.928901915758864,0.2
29,19,4,12.260122256575281,12.058378810449481,5.672408199234928,56.397961215897375,55.928901915758864,0.2
29,19,5,14.51462949973539,13.990545788630339,6.616307291722891,56.397961215897375,55.928901915758864,0.2
29,19,6,6.943459536991072,7.5727796173461535,3.744685268583106,56.397961215897375,55.928901915758864,0.2
29,19,7,6.904951396354326,5.562499240297568,2.717625737165274,56.397961215897375,55.928901915758864,0.2
29,19,8,11.708065005152065,11.510054276768434,5.465843498564159,56.397961215897375,55.928901915758864,0.2
29,19,9,8.544767357053097,4.799668802029137,2.6497017072835107,56.397961215897375,55.928901915758864,0.2
29,20,0,7.224778671133306,7.450541484988686,3.4927341917425716,56.76714869162354,55.928901915758864,0.2
29,20,1,12.037771256812901,12.388829398821017,5.8766165792953435,56.76714869162354,55.928901915758864,0.2
29,20,2,22.67562824936069,23.250913193341216,11.329186617498312,56.76714869162354,55.928901915758864,0.2
29,20,3,6.369860180063574,6.6260515735733,3.2067042353092114,56.76714869162354,55.928901915758864,0.2
29,20,4,11.4751377476663,11.78234654262962,5.581198700857668,56.76714869162354,55.928901915758864,0.2
29,20,5,13.384621643352347,13.745798690430929,6.535072246040411,56.76714869162354,55.928901915758864,0.2
29,20,6,7.575403209600404,7.826024421253729,3.831911220837514,56.76714869162354,55.928901915758864,0.2
29,20,7,5.497687857651151,5.686552153630786,2.7599104456783525,56.76714869162354,55.928901915758864,0.2
29,20,8,11.057262603504032,11.372636434783574,5.420081805262252,56.76714869162354,55.928901915758864,0.2
29,20,9,5.360279269994331,5.522098922523885,2.922954291645557,56.76714869162354,55.928901915758864,0.2
30,0,0,2.0,2.0,1.5505814402450726,17.78910983124096,17.78910983124096,0.0
30,0,1,2.0,2.0,1.6701650266697066,17.78910983124096,17.78910983124096,0.0
30,0,2,2.0,2.0,1.499546810134226,17.78910983124096,17.78910983124096,0.0
30,0,3,2.0,2.0,1.3547837461145311,17.78910983124096,17.78910983124096,0.0
30,0,4,2.0,2.0,1.9193647270603842,17.78910983124096,17.78910983124096,0.0
30,0,5,2.0,2.0,1.4762226148936868,17.78910983124096,17.78910983124096,0.0
30,0,6,2.0,2.0,1.4110213856771145,17.78910983124096,17.78910983124096,0.0
30,0,7,2.0,2.0,1.3136700295666819,17.78910983124096,17.78910983124096,0.0
30,0,8,2.0,2.0,1.3230688308179517,17.78910983124096,17.78910983124096,0.0
30,0,9,2.0,2.0,1.4253358714748565,17.78910983124096,17.78910983124096,0.0
30,1,0,3.1367868797218925,3.7784780720749267,2.4204461154862718,17.78910983124096,26.635685026632252,0.0
30,1,1,3.3787014384745078,4.0934293523587115,2.7573982644898525,17.78910983124096,26.635685026632252,0.0
30,1,2,3.033545118929333,3.644066464489043,2.282177571870239,17.78910983124096,26.635685026632252,0.0
30,1,3,2.74069311638405,3.262799154200263,1.9083684121056974,17.78910983124096,26.635685026632252,0.0
30,1,4,3.882826104440171,4.749754915347603,3.516465435688231,17.78910983124096,26.635685026632252,0.0
30,1,5,2.9863608642287023,3.5826367535041985,2.2201013508068277,17.78910983124096,26.635685026632252,0.0
30,1,6,2.854460433177523,3.4109141013258597,2.050322354642905,17.78910983124096,26.635685026632252,0.0
30,1,7,2.657521111807809,2.9176756481736517,1.7111622961333495,17.78910983124096,26.635685026632252,0.0
30,1,8,2.676534648075492,2.65752111180781,1.614340519972328,17.78910983124096,26.635685026632252,0.0
30,1,9,2.8834182744588075,3.448614640031847,2.087120315868753,17.78910983124096,26.635685026632252,0.0
30,2,0,4.896501029272709,6.795810295872732,3.6504168241480457,28.877000637671568,38.93260399751888,0.2
30,2,1,5.578146670485515,7.526599577877567,4.223354692593986,28.877000637671568,38.93260399751888,0.2
30,2,2,4.616787276588765,6.389984893798212,3.381340547439357,28.877000637671568,38.93260399751888,0.2
30,2,3,3.860580838516119,4.330723382183925,2.326704833102769,28.877000637671568,38.93260399751888,0.2
30,2,4,7.113720282837253,9.410872166322623,5.675151037903116,28.877000637671568,38.93260399751888,0.2
30,2,5,4.491208657678139,6.164195790581207,3.24596889950581,28.877000637671568,38.93260399751888,0.2
30,2,6,4.147750059634315,5.877140641702014,3.0007433866112616,28.877000637671568,38.93260399751888,0.2
30,2,7,3.4616378735563393,3.888377574480141,2.092199990414879,28.877000637671568,38.93260399751888,0.2
30,2,8,3.2657698789766667,4.846637387754548,2.4584977271170705,28.877000637671568,38.93260399751888,0.2
30,2,9,4.222191400784065,5.999301957352409,3.0751529635022212,28.877000637671568,38.93260399751888,0.2
30,3,0,7.384700540265632,10.346371407251851,4.899200681745366,42.4727356609756,50.56248735401208,0.2
30,3,1,8.543739299528097,11.591932232956328,5.714095201742074,42.4727356609756,50.56248735401208,0.2
30,3,2,6.840366065134271,9.592003720123895,4.4934050320770895,42.4727356609756,50.56248735401208,0.2
30,3,3,4.70686479538202,7.141405586715502,3.3021558753960116,42.4727356609756,50.56248735401208,0.2
30,3,4,11.48068644064318,15.133303005134044,7.913892047679273,42.4727356609756,50.56248735401208,0.2
30,3,5,6.56651265885516,9.155084463094177,4.28148578037192,42.4727356609756,50.56248735401208,0.2
30,3,6,6.070427673277677,5.054889422104196,2.700292193194148,42.4727356609756,50.56248735401208,0.2
30,3,7,4.23246745340277,6.611571944954694,3.0337417243865463,42.4727356609756,50.56248735401208,0.2
30,3,8,4.973478473357747,5.8592076333894525,2.8076868197511895,42.4727356609756,50.56248735401208,0.2
30,3,9,6.22095635784669,8.974747991267368,4.076728617445985,42.4727356609756,50.56248735401208,0.2
30,4,0,9.910958573833124,11.870098657714166,5.39375995234452,51.276025216304596,54.99689591976318,0.2
30,4,1,11.559469495180757,13.658695773134259,6.409510312845984,51.276025216304596,54.99689591976318,0.2
30,4,2,9.090044278917736,10.974413089575085,4.937486745851713,51.276025216304596,54.99689591976318,0.2
30,4,3,6.680177484325907,8.457565941778745,3.7172413149607455,51.276025216304596,54.99689591976318,0.2
30,4,4,16.00960265509966,18.424904963264616,9.082809214280584,51.276025216304596,54.99689591976318,0.2
30,4,5,8.661337013980917,10.507913230562835,4.715116110446273,51.276025216304596,54.99689591976318,0.2
30,4,6,5.462622538348014,7.757094070844363,3.644197785006434,51.276025216304596,54.99689591976318,0.2
30,4,7,6.137182472670726,5.636750980013819,2.7132229958130596,51.276025216304596,54.99689591976318,0.2
30,4,8,5.679879140802584,7.572265826233802,3.3598472819768053,51.276025216304596,54.99689591976318,0.2
30,4,9,8.247118472777665,6.334810327543131,3.194550437787402,51.276025216304596,54.99689591976318,0.2
30,5,0,10.911439419918233,10.482604863298496,4.944268364379931,50.83471711313645,50.642470117474176,0.2
30,5,1,12.966276606277301,12.597737345872133,6.05679915924212,50.83471711313645,50.642470117474176,0.2
30,5,2,9.988410309322747,9.746945741214093,4.544090940467672,50.83471711313645,50.642470117474176,0.2
30,5,3,7.519884788306317,5.2074164144631165,2.6471868453999163,50.83471711313645,50.642470117474176,0.2
30,5,4,18.374292400836048,17.529343355581815,8.77147168672497,50.83471711313645,50.642470117474176,0.2
30,5,5,9.538560160552128,9.464059310500135,4.382128157275987,50.83471711313645,50.642470117474176,0.2
30,5,6,7.37211958200213,7.507236768065632,3.561628995369989,50.83471711313645,50.642470117474176,0.2
30,5,7,5.488781223694374,6.0756595684649275,2.859438083064963,50.83471711313645,50.642470117474176,0.2
30,5,8,6.796885734881732,4.601107039896293,2.3706371021081596,50.83471711313645,50.642470117474176,0.2
30,5,9,6.462494416467134,6.933380457284068,3.402967023849665,50.83471711313645,50.642470117474176,0.2
30,6,0,10.002129351399784,9.590880259771767,4.645949797476622,45.78624072501932,45.85901196454071,0.2
30,6,1,12.252750898926315,11.804133480147406,5.787117051766676,45.78624072501932,45.85901196454071,0.2
30,6,2,9.192580584525286,3.7538301601671344,2.3300823162906883,45.78624072501932,45.85901196454071,0.2
30,6,3,5.355191768263674,6.148533772920851,2.973644687534717,45.78624072501932,45.85901196454071,0.2
30,6,4,17.744464488380736,16.62075261905693,8.450686529921418,45.78624072501932,45.85901196454071,0.2
30,6,5,8.864933986847307,4.582406838878045,2.6375239281579543,45.78624072501932,45.85901196454071,0.2
30,6,6,7.2050850172357785,7.261682204829624,3.4796748663678523,45.78624072501932,45.85901196454071,0.2
30,6,7,5.784570632367207,6.19891445066189,2.899921520606394,45.78624072501932,45.85901196454071,0.2
30,6,8,4.795738660008403,5.643581065019682,2.7349524416893125,45.78624072501932,45.85901196454071,0.2
30,6,9,6.884115877751495,7.0814990364872505,3.4536940189973873,45.78624072501932,45.85901196454071,0.2
30,7,0,9.398638465753793,10.100267968919269,4.817332374056482,44.57764009704245,48.120041433094784,0.2
30,7,1,11.70719084353766,12.405634432293784,5.991998194493945,44.57764009704245,48.120041433094784,0.2
30,7,2,4.713697358106796,6.434222209098451,3.397709692993808,44.57764009704245,48.120041433094784,0.2
30,7,3,6.015607693162732,6.917354732730943,3.2292897486101078,44.57764009704245,48.120041433094784,0.2
30,7,4,17.09552426186037,17.65889969896858,8.816801438487612,44.57764009704245,48.120041433094784,0.2
30,7,5,5.335643932053514,6.805923167886038,3.4789788350021773,44.57764009704245,48.120041433094784,0.2
30,7,6,7.0392938953245645,4.44727732706834,2.4687581560607637,44.57764009704245,48.120041433094784,0.2
30,7,7,5.866467598518132,5.10537090921511,2.531537730227506,44.57764009704245,48.120041433094784,0.2
30,7,8,5.532739340926502,6.43305245950436,2.997460069930279,44.57764009704245,48.120041433094784,0.2
30,7,9,6.986735300825424,7.801048602725457,3.695756137434156,44.57764009704245,48.120041433094784,0.2
30,8,0,9.74534106625936,12.6343994919779,5.634583352798975,51.281463668228405,56.84825428665954,0.2
30,8,1,12.121660192730793,15.124914784212196,6.883723916037778,51.281463668228405,56.84825428665954,0.2
30,8,2,6.87348043092943,9.657142935823181,4.514743609998744,51.281463668228405,56.84825428665954,0.2
30,8,3,6.532771160126612,6.484041016483079,3.0863203898909766,51.281463668228405,56.84825428665954,0.2
30,8,4,17.836165425138777,21.526640481887274,10.12791138407915,51.281463668228405,56.84825428665954,0.2
30,8,5,7.037885841546119,9.652659824756109,4.443076164224572,51.281463668228405,56.84825428665954,0.2
30,8,6,4.994235060567903,7.818219116033997,3.6642752200413167,51.281463668228405,56.84825428665954,0.2
30,8,7,5.121236544946331,7.510370720623664,3.3168685261057305,51.281463668228405,56.84825428665954,0.2
30,8,8,6.063785607005265,5.735383875600693,2.7660191662703753,51.281463668228405,56.84825428665954,0.2
30,8,9,7.476420819742852,10.153522958821169,4.444551540945678,51.281463668228405,56.84825428665954,0.2
30,9,0,11.39861904381219,15.869767553987707,6.609566559217911,62.47258320512451,66.16420129942006,0.2
30,9,1,13.92559868383458,18.563609711032267,7.94514977707882,62.47258320512451,66.16420129942006,0.2
30,9,2,9.133211680203017,13.256970098358137,5.635727996001818,62.47258320512451,66.16420129942006,0.2
30,9,3,6.243547777856834,9.92592546088226,4.158040233676514,62.47258320512451,66.16420129942006,0.2
30,9,4,20.48850755207305,26.280839416017244,11.646192791909424,62.47258320512451,66.16420129942006,0.2
30,9,5,8.988230257252365,12.857254435905153,5.43043505423803,62.47258320512451,66.16420129942006,0.2
30,9,6,7.412735723251657,11.437235265795705,4.78230573569145,62.47258320512451,66.16420129942006,0.2
30,9,7,6.709940803113525,6.849850527446989,3.109868756882431,62.47258320512451,66.16420129942006,0.2
30,9,8,5.595586535877068,9.360792288027088,3.897447442176868,62.47258320512451,66.16420129942006,0.2
30,9,9,8.99121490689494,7.787895647949419,3.6913931738038004,62.47258320512451,66.16420129942006,0.2
30,10,0,13.370985312662105,7.86834673434177,4.044753199292575,68.89095034109484,67.95863137903432,0.2
30,10,1,16.072836247947833,19.911777826546484,8.344790054717457,68.89095034109484,67.95863137903432,0.2
30,10,2,11.400934627945631,14.962748041062396,6.1340453769262595,68.89095034109484,67.95863137903432,0.2
30,10,3,8.411609807667238,11.659451990215159,4.653971051488491,68.89095034109484,67.95863137903432,0.2
30,10,4,23.5599522864141,28.094416158643035,12.20310983713419,68.89095034109484,67.95863137903432,0.2
30,10,5,10.985632219758429,14.39525654558918,5.877389105033572,68.89095034109484,67.95863137903432,0.2
30,10,6,9.674483066277864,13.111557975209386,5.262239482889389,68.89095034109484,67.95863137903432,0.2
30,10,7,6.291185526317177,9.89861456388805,4.024087214305569,68.89095034109484,67.95863137903432,0.2
30,10,8,7.884437207692741,6.845236472706372,3.1306416612979433,68.89095034109484,67.95863137903432,0.2
30,10,9,7.4675946551073205,11.5546237032618,4.865475418579875,68.89095034109484,67.95863137903432,0.2
30,11,0,8.182433013804687,10.228653084302872,4.860114476761396,64.26153836529997,60.308828768412816,0.2
30,11,1,16.881298381550547,17.15077274251439,7.51686884943562,64.26153836529997,60.308828768412816,0.2
30,11,2,12.40901803578915,12.871582911486403,5.520537970493625,64.26153836529997,60.308828768412816,0.2
30,11,3,9.414865258936207,6.486071478801584,3.0869968899384173,64.26153836529997,60.308828768412816,0.2
30,11,4,24.686581327116677,24.470974858461926,11.078791826944935,64.26153836529997,60.308828768412816,0.2
30,11,5,11.889808915019541,12.487250711115921,5.320563602189625,64.26153836529997,60.308828768412816,0.2
30,11,6,10.645376849908034,5.55260722288946,2.8837689849261148,64.26153836529997,60.308828768412816,0.2
30,11,7,8.140626250947054,8.97645984287816,3.7578449725709886,64.26153836529997,60.308828768412816,0.2
30,11,8,6.333208584463672,7.888147925524268,3.4573549899604274,64.26153836529997,60.308828768412816,0.2
30,11,9,9.842733222834493,10.536965978530912,4.561389123726399,64.26153836529997,60.308828768412816,0.2
30,12,0,9.831888173666036,9.623400401669723,4.656971429236356,54.278004954717204,51.72794025800075,0.2
30,12,1,15.206434806657542,14.024371893433095,6.5291520442376205,54.278004954717204,51.72794025800075,0.2
30,12,2,11.167908131361344,10.417182060690862,4.760627581336878,54.278004954717204,51.72794025800075,0.2
30,12,3,6.2449163202744495,6.81628964166668,3.1961901306946814,54.278004954717204,51.72794025800075,0.2
30,12,4,22.41211454229609,20.219777914458852,9.693485816762214,54.278004954717204,51.72794025800075,0.2
30,12,5,10.763365062228827,4.516061004272593,2.6107345532942214,54.278004954717204,51.72794025800075,0.2
30,12,6,5.833791428998051,6.701979472348838,3.2896884072148866,54.278004954717204,51.72794025800075,0.2
30,12,7,7.602024956603701,5.385462684601759,2.627976090579269,54.278004954717204,51.72794025800075,0.2
30,12,8,6.994141352120668,6.981216112106009,3.1740458722057987,54.278004954717204,51.72794025800075,0.2
30,12,9,9.227574370005152,8.62476851862123,3.964783083342386,54.278004954717204,51.72794025800075,0.2
30,13,0,9.420934946931585,9.982375086662229,4.777902724182684,48.95235907336198,50.29617155464606,0.2
30,13,1,13.208308790821686,13.433399092737329,6.3353196253216355,48.95235907336198,50.29617155464606,0.2
30,13,2,9.630628710491647,4.706741889287888,2.7298783759719076,48.95235907336198,50.29617155464606,0.2
30,13,3,6.465811473581862,7.268909773764959,3.3433163743290453,48.95235907336198,50.29617155464606,0.2
30,13,4,19.609675660753542,19.39596890346244,9.415308352548704,48.95235907336198,50.29617155464606,0.2
30,13,5,5.281449706966422,7.042616393027772,3.563236763490375,48.95235907336198,50.29617155464606,0.2
30,13,6,6.654956112781744,7.5107785912676475,3.5628051454832557,48.95235907336198,50.29617155464606,0.2
30,13,7,5.316328899079945,6.358401846278309,2.9519491698490206,48.95235907336198,50.29617155464606,0.2
30,13,8,6.421014200967713,5.583050628329662,2.7143855687391243,48.95235907336198,50.29617155464606,0.2
30,13,9,8.020655499917543,8.473730553282525,3.9160522105945375,48.95235907336198,50.29617155464606,0.2
30,14,0,9.66557588580124,12.304783749298581,5.531276571056144,52.409450891230065,56.96132392870529,0.2
30,14,1,12.816190729338684,15.506726928173714,7.004908804812796,52.409450891230065,56.96132392870529,0.2
30,14,2,5.522474634825876,8.550025333284998,4.145875072981283,52.409450891230065,56.96132392870529,0.2
30,14,3,6.763444128479432,6.912341128786516,3.2276511889540855,52.409450891230065,56.96132392870529,0.2
30,14,4,19.04692971440626,22.249285413066374,10.364724418713548,52.409450891230065,56.96132392870529,0.2
30,14,5,7.208337491317286,9.755930686749657,4.476297592353195,52.409450891230065,56.96132392870529,0.2
30,14,6,7.207464339048953,9.654578303641582,4.247426922876554,52.409450891230065,56.96132392870529,0.2
30,14,7,5.971718211798561,8.182999951336821,3.522119436314947,52.409450891230065,56.96132392870529,0.2
30,14,8,5.491133079202603,7.869455919297475,3.4516180885902465,52.409450891230065,56.96132392870529,0.2
30,14,9,7.922074181771048,5.991839304200674,3.072474792094993,52.409450891230065,56.96132392870529,0.2
30,15,0,11.189632047614177,15.421549302027719,6.478331823508854,62.60395457609465,66.97701695751974,0.2
30,15,1,14.170752636580174,18.591919761597495,7.9536294490479325,62.60395457609465,66.97701695751974,0.2
30,15,2,8.38699999649055,12.268124366709792,5.338063667184462,62.60395457609465,66.97701695751974,0.2
30,15,3,6.529456395550403,9.925658683542105,4.157962004923619,62.60395457609465,66.97701695751974,0.2
30,15,4,20.967574307748198,26.55716150622676,11.73177352751068,62.60395457609465,66.97701695751974,0.2
30,15,5,9.055436362765287,12.68452793101564,5.37926418291514,62.60395457609465,66.97701695751974,0.2
30,15,6,8.592436810123907,12.356262129032729,5.048165426709578,62.60395457609465,66.97701695751974,0.2
30,15,7,7.125158182533136,8.543211831531254,3.6299456072284735,62.60395457609465,66.97701695751974,0.2
30,15,8,6.982535746325852,7.638546254455412,3.3804065951207676,62.60395457609465,66.97701695751974,0.2
30,15,9,6.215538485096638,10.166790200993677,4.448616019220531,62.60395457609465,66.97701695751974,0.2
30,16,0,13.10550077476458,17.277055316625084,7.014591603067172,71.33245092726696,71.40983042451938,0.2
30,16,1,16.08999040901715,20.430260280344093,8.496305464025584,71.33245092726696,71.40983042451938,0.2
30,16,2,10.798767249334462,14.784831080061185,6.082897343283742,71.33245092726696,71.40983042451938,0.2
30,16,3,8.411451552886593,7.845999228952921,3.5269781032023455,71.33245092726696,71.40983042451938,0.2
30,16,4,23.733079941384958,29.02673572511283,12.485192752741995,71.33245092726696,71.40983042451938,0.2
30,16,5,10.882114846453478,14.609917731493619,5.938603043502839,71.33245092726696,71.40983042451938,0.2
30,16,6,10.212310470235938,8.924725984871507,4.020027487985836,71.33245092726696,71.40983042451938,0.2
30,16,7,7.3432877882626775,10.81155123503521,4.280425104038815,71.33245092726696,71.40983042451938,0.2
30,16,8,6.8384767033096026,10.560530539701709,4.240738149554392,71.33245092726696,71.40983042451938,0.2
30,16,9,8.999437243235725,13.00691926009656,5.285892533036231,71.33245092726696,71.40983042451938,0.2
30,17,0,14.190340691573608,15.061715887374508,6.372145740314146,69.35391772234848,65.59130986519465,0.2
30,17,1,17.187810207152108,18.138754605957676,7.817423033935719,69.35391772234848,65.59130986519465,0.2
30,17,2,12.305546862531676,13.38449768330883,5.6736231264851,69.35391772234848,65.59130986519465,0.2
30,17,3,7.13498714227028,8.921981283586476,3.858974387627766,69.35391772234848,65.59130986519465,0.2
30,17,4,25.25722790246354,26.006535346015088,11.560969652536299,69.35391772234848,65.59130986519465,0.2
30,17,5,12.013643158138144,13.10728342289135,5.504143405342018,69.35391772234848,65.59130986519465,0.2
30,17,6,8.132413527690812,9.81755809772999,4.297491586122359,69.35391772234848,65.59130986519465,0.2
30,17,7,8.659191292692787,7.5517179230566,3.3296403557461782,69.35391772234848,65.59130986519465,0.2
30,17,8,8.578905591541107,6.707631000814633,3.086454333689168,69.35391772234848,65.59130986519465,0.2
30,17,9,10.693226369733505,11.70894473073724,4.910872371702215,69.35391772234848,65.59130986519465,0.2
30,18,0,12.890689024843484,12.1207233282762,5.473228263685033,59.28537778584534,55.0123417333182,0.2
30,18,1,15.814448289932832,14.976577091715882,6.83639558114144,59.28537778584534,55.0123417333182,0.2
30,18,2,11.477595514642767,11.098177400282422,4.97639900022078,59.28537778584534,55.0123417333182,0.2
30,18,3,7.806607195285671,8.179799318197606,3.6313560652103765,59.28537778584534,55.0123417333182,0.2
30,18,4,23.38754803953231,21.54964464094501,10.135486311012357,59.28537778584534,55.0123417333182,0.2
30,18,5,11.134742342366616,4.883805830691029,2.7577934104199837,59.28537778584534,55.0123417333182,0.2
30,18,6,8.693716352578843,8.781652144746314,3.97480621387469,59.28537778584534,55.0123417333182,0.2
30,18,7,6.73577789016125,7.365360015633436,3.271907978973149,59.28537778584534,55.0123417333182,0.2
30,18,8,6.243818742759342,7.075127978235193,3.2038741718185126,59.28537778584534,55.0123417333182,0.2
30,18,9,9.93457010623676,5.8947638482105935,3.0375448995256615,59.28537778584534,55.0123417333182,0.2
30,19,0,11.072201795822316,10.556301205525736,4.968574726070304,50.88098502764147,50.86883226698889,0.2
30,19,1,13.829854664147067,13.216058904243633,6.263394466449221,50.88098502764147,50.86883226698889,0.2
30,19,2,10.06712881181301,9.759229194024602,4.548098822292601,50.88098502764147,50.86883226698889,0.2
30,19,3,7.346141108944325,4.787807251680709,2.4960003468768033,50.88098502764147,50.86883226698889,0.2
30,19,4,20.503831436908907,19.19043257754291,9.345355946409134,50.88098502764147,50.86883226698889,0.2
30,19,5,5.578946040668236,6.717366292867791,3.4472293499297044,50.88098502764147,50.86883226698889,0.2
30,19,6,8.040932038467176,7.910342380051989,3.6944457696622353,50.88098502764147,50.86883226698889,0.2
30,19,7,6.618986757946887,5.4402466328055255,2.646660934574304,50.88098502764147,50.86883226698889,0.2
30,19,8,6.481356093654618,6.612872492043449,3.055867682248743,50.88098502764147,50.86883226698889,0.2
30,19,9,6.144876199403179,6.672493649151444,3.312820741301858,50.88098502764147,50.86883226698889,0.2
30,20,0,10.051300503888289,10.368589513766642,4.906562794498964,51.63124013088779,50.86883226698889,0.2
30,20,1,12.670687959334394,13.017361602919438,6.197327777952244,51.63124013088779,50.86883226698889,0.2
30,20,2,9.200688427685026,9.479628308522642,4.456490107367676,51.63124013088779,50.86883226698889,0.2
30,20,3,5.049345320828162,5.20678737900239,2.646963002498453,51.63124013088779,50.86883226698889,0.2
30,20,4,18.905417773086427,19.3996265114413,9.41655116610266,51.63124013088779,50.86883226698889,0.2
30,20,5,6.973657439458758,7.171019724387732,3.6085896500154884,51.63124013088779,50.86883226698889,0.2
30,20,6,7.47376997901441,7.726790214136234,3.634226441571547,51.63124013088779,50.86883226698889,0.2
30,20,7,5.354127864017907,5.525610223722149,2.6756633352722385,51.63124013088779,50.86883226698889,0.2
30,20,8,6.181942723581795,6.391861040555835,2.9840120237880368,51.63124013088779,50.86883226698889,0.2
30,20,9,6.701752237240635,6.93389274495356,3.4031430267555187,51.63124013088779,50.86883226698889,0.2
31,0,0,2.0,2.0,1.5189586629923948,17.815585766566244,17.815585766566244,0.0
31,0,1,2.0,2.0,1.2852888622665608,17.815585766566244,17.815585766566244,0.0
31,0,2,2.0,2.0,1.4947478231343214,17.815585766566244,17.815585766566244,0.0
31,0,3,2.0,2.0,1.5781920835131271,17.815585766566244,17.815585766566244,0.0
31,0,4,2.0,2.0,1.799710697285497,17.815585766566244,17.815585766566244,0.0
31,0,5,2.0,2.0,1.6741533205084145,17.815585766566244,17.815585766566244,0.0
31,0,6,2.0,2.0,1.3563329219115043,17.815585766566244,17.815585766566244,0.0
31,0,7,2.0,2.0,1.6130175684039423,17.815585766566244,17.815585766566244,0.0
31,0,8,2.0,2.0,1.7157483665707387,17.815585766566244,17.815585766566244,0.0
31,0,9,2.0,2.0,1.8591633409981032,17.815585766566244,17.815585766566244,0.0
31,1,0,3.072814804336488,3.635727925937718,2.308016564271261,17.815585766566244,27.59792850766968,0.0
31,1,1,2.600106731042268,2.831973169182022,1.6396159758844502,17.815585766566244,27.59792850766968,0.0
31,1,2,3.02383689008914,3.573375831314701,2.2438923587575537,17.815585766566244,27.59792850766968,0.0
31,1,3,3.1926425099364697,3.7882764481205204,2.468016326733733,17.815585766566244,27.59792850766968,0.0
31,1,4,3.640769040578761,4.358770889769897,3.1048207367527465,17.815585766566244,27.59792850766968,0.0
31,1,5,3.3867696556355216,4.035413026791355,2.736502351905109,17.815585766566244,27.59792850766968,0.0
31,1,6,2.743827059683127,2.6001067310422674,1.6298180728409666,17.815585766566244,27.59792850766968,0.0
31,1,7,3.263093581547514,3.8779652793190116,2.5641347362675204,17.815585766566244,27.59792850766968,0.0
31,1,8,3.470915377597152,4.142536045370238,2.8563998681686824,17.815585766566244,27.59792850766968,0.0
31,1,9,3.7610402291291725,4.5118839948124165,3.285845188026991,17.815585766566244,27.59792850766968,0.0
31,2,0,4.669058902086841,6.430673433187271,3.4403646531282326,29.920214115670355,40.99381635593225,0.2
31,2,1,3.3169014844675746,4.408909165856867,2.2351751126092574,29.920214115670355,40.99381635593225,0.2
31,2,2,4.539337262637709,3.8729569400707824,2.3739786046642473,29.920214115670355,40.99381635593225,0.2
31,2,3,4.992734358676582,6.878210528149328,3.7468964308377015,29.920214115670355,40.99381635593225,0.2
31,2,4,6.280973509779133,8.379527012458595,4.906088236958435,29.920214115670355,40.99381635593225,0.2
31,2,5,5.535874769936209,7.50994671710214,4.22688109103001,29.920214115670355,40.99381635593225,0.2
31,2,6,3.297080575408629,4.8719149676032885,2.5295024024090464,29.920214115670355,40.99381635593225,0.2
31,2,7,5.18717946042994,7.045464457854131,3.8945280888230376,29.920214115670355,40.99381635593225,0.2
31,2,8,5.778424400781383,7.800043665852033,4.4483660843591615,29.920214115670355,40.99381635593225,0.2
31,2,9,6.647181377955446,8.872824228782463,5.275211361326132,29.920214115670355,40.99381635593225,0.2
31,3,0,6.959770332144536,9.417783105902096,4.493544399156919,44.72137352875363,54.453536413722915,0.2
31,3,1,4.521702495036621,5.575959457368692,2.6345319654361474,44.72137352875363,54.453536413722915,0.2
31,3,2,4.802498434828638,7.254315800490226,3.683532050684542,44.72137352875363,54.453536413722915,0.2
31,3,3,7.579876334693435,10.2333645602402,4.948251623120168,44.72137352875363,54.453536413722915,0.2
31,3,4,9.924891923133565,12.912156985604637,6.640195398642759,44.72137352875363,54.453536413722915,0.2
31,3,5,8.550873114018383,11.3418467052865,5.640958085933984,44.72137352875363,54.453536413722915,0.2
31,3,6,5.11711912845264,6.1762597274084,2.9864358618321134,44.72137352875363,54.453536413722915,0.2
31,3,7,7.878531429989044,10.484784629712946,5.144104238318647,44.72137352875363,54.453536413722915,0.2
31,3,8,8.998931631357769,11.865163671849432,5.966562723621463,44.72137352875363,54.453536413722915,0.2
31,3,9,10.671618630590828,13.8699321666213,7.211881570475167,44.72137352875363,54.453536413722915,0.2
31,4,0,9.090326214981285,5.5224418821200505,3.092550256498243,55.2219847634822,59.677550285347245,0.2
31,4,1,5.329591267442168,6.522911188206529,2.940280563361659,55.2219847634822,59.677550285347245,0.2
31,4,2,7.451691802654457,9.449845886996242,4.432454036372248,55.2219847634822,59.677550285347245,0.2
31,4,3,10.010187382684446,11.910550713225646,5.502894078053301,55.2219847634822,59.677550285347245,0.2
31,4,4,13.432946677060858,15.586938052066081,7.575551721604707,55.2219847634822,59.677550285347245,0.2
31,4,5,11.411514967070799,13.423142639636644,6.34705373672201,55.2219847634822,59.677550285347245,0.2
31,4,6,6.0414839139602465,7.841749755879376,3.529672341215185,55.2219847634822,59.677550285347245,0.2
31,4,7,10.406392249948118,12.339295482045653,5.765292627118953,55.2219847634822,59.677550285347245,0.2
31,4,8,12.070204881038336,14.13054562658236,6.742855446059466,55.2219847634822,59.677550285347245,0.2
31,4,9,14.589453285858463,16.822787302974454,8.255152836101436,55.2219847634822,59.677550285347245,0.2
31,5,0,6.256150639808415,7.00819258110355,3.653837068111783,55.16113838836573,55.88582949668998,0.2
31,5,1,5.948112917175397,5.402758590003199,2.5769775847134437,55.16113838836573,55.88582949668998,0.2
31,5,2,8.966741962334666,8.797775488714638,4.216071283526806,55.16113838836573,55.88582949668998,0.2
31,5,3,11.132214984985692,10.609555821614222,5.074893177241089,55.16113838836573,55.88582949668998,0.2
31,5,4,15.32514876692221,14.612347836598445,7.240785835471426,55.16113838836573,55.88582949668998,0.2
31,5,5,12.839928538737507,12.249545126847597,5.953305987786173,55.16113838836573,55.88582949668998,0.2
31,5,6,7.140437517355505,4.793861833723375,2.5010660752448577,55.16113838836573,55.88582949668998,0.2
31,5,7,11.66304058666264,11.240381356370353,5.4008837907031735,55.16113838836573,55.88582949668998,0.2
31,5,8,13.64062534613964,12.997991247827262,6.359836711186143,55.16113838836573,55.88582949668998,0.2
31,5,9,16.699964564447036,15.765021312496994,7.888287740441404,55.16113838836573,55.88582949668998,0.2
31,6,0,7.391619606954064,7.58204843649806,3.860784369423624,50.526801645283854,51.170683404580245,0.2
31,6,1,5.213160216717762,4.811445499653871,2.376143400167718,50.526801645283854,51.170683404580245,0.2
31,6,2,8.5290051479327,8.219806747142819,4.020222201639757,50.526801645283854,51.170683404580245,0.2
31,6,3,10.26638003086377,3.9313494470804278,2.5328998469632213,50.526801645283854,51.170683404580245,0.2
31,6,4,14.64792587998028,13.653385936238767,6.904781780358885,50.526801645283854,51.170683404580245,0.2
31,6,5,12.04338684107166,11.269379237294222,5.615704246507277,50.526801645283854,51.170683404580245,0.2
31,6,6,5.0595931606827635,5.59218815324571,2.7858167739433894,50.526801645283854,51.170683404580245,0.2
31,6,7,10.925850764022256,10.358371392967433,5.10061020475775,50.526801645283854,51.170683404580245,0.2
31,6,8,12.865788171480547,12.008264082624278,6.016844092973699,50.526801645283854,51.170683404580245,0.2
31,6,9,15.957805791727283,14.691673971983773,7.508383522518682,50.526801645283854,51.170683404580245,0.2
31,7,0,7.810268742497848,8.784077122240342,4.27968945088256,49.740895204913215,53.678460722395435,0.2
31,7,1,4.8068777611615365,4.462486517691458,2.2541540317036275,49.740895204913215,53.678460722395435,0.2
31,7,2,8.13280742846833,4.982294007421492,2.8317015527666385,49.740895204913215,53.678460722395435,0.2
31,7,3,5.12399207251447,6.955327461450652,3.776253760531902,49.740895204913215,53.678460722395435,0.2
31,7,4,13.96819820863411,14.676895803617178,7.263160627038852,49.740895204913215,53.678460722395435,0.2
31,7,5,11.360427091180979,12.110135761308703,5.905797340254314,49.740895204913215,53.678460722395435,0.2
31,7,6,5.635636593479188,6.637244756100403,3.1407747411227804,49.740895204913215,53.678460722395435,0.2
31,7,7,10.318404924497838,11.101401684374906,5.3540518489376545,49.740895204913215,53.678460722395435,0.2
31,7,8,12.171922814443764,12.907046422953645,6.328654801716031,49.740895204913215,53.678460722395435,0.2
31,7,9,15.189269205772371,15.844576422674512,7.916131389980086,49.740895204913215,53.678460722395435,0.2
31,8,0,8.657703085038113,11.814352514534345,5.266376519188587,57.205063655842096,62.55711740702227,0.2
31,8,1,4.560096366433092,7.648050053302462,3.2867392585370587,57.205063655842096,62.55711740702227,0.2
31,8,2,5.728460335887043,9.247496012961593,4.365800030518784,57.205063655842096,62.55711740702227,0.2
31,8,3,7.63926546719452,11.182613270746044,5.265252193522034,57.205063655842096,62.55711740702227,0.2
31,8,4,14.693189515158398,18.457727455616983,8.527200239001424,57.205063655842096,62.55711740702227,0.2
31,8,5,11.947278053501165,15.457478549101033,7.006018638219454,57.205063655842096,62.55711740702227,0.2
31,8,6,6.353707547640157,6.587424023531698,3.1242533195226674,57.205063655842096,62.55711740702227,0.2
31,8,7,10.831110935033486,5.328287097102506,3.202797145335275,57.205063655842096,62.55711740702227,0.2
31,8,8,12.802707960424323,16.40635635538852,7.485849567204374,57.205063655842096,62.55711740702227,0.2
31,8,9,16.01413278771061,20.029325741751183,9.327451105737355,57.205063655842096,62.55711740702227,0.2
31,9,0,10.653745969289606,7.61821371759329,3.8736659358749863,68.74625740618472,72.99899458429043,0.2
31,9,1,6.648990059894192,8.906444071869332,3.6565607127807938,68.74625740618472,72.99899458429043,0.2
31,9,2,8.83190260103739,12.961275428791089,5.529684465370395,68.74625740618472,72.99899458429043,0.2
31,9,3,10.651471487016153,15.112685224041194,6.500967715317294,68.74625740618472,72.99899458429043,0.2
31,9,4,17.250309552417626,22.41581847310502,9.769445664310993,68.74625740618472,72.99899458429043,0.2
31,9,5,14.172997801379857,18.93183893407461,8.074380144547941,68.74625740618472,72.99899458429043,0.2
31,9,6,6.320285131271366,10.05677485390354,4.2011328544572395,68.74625740618472,72.99899458429043,0.2
31,9,7,6.479177296427947,11.317412048152132,5.426765936670811,68.74625740618472,72.99899458429043,0.2
31,9,8,15.143683586375953,20.05309756205706,8.6150861331913,68.74625740618472,72.99899458429043,0.2
31,9,9,18.869196735064797,24.455613412361927,10.72658658663485,68.74625740618472,72.99899458429043,0.2
31,10,0,7.836327824327509,11.157427580775163,5.059642265872845,76.00741809151532,76.25625846122678,0.2
31,10,1,7.397129470957999,9.135914890331843,3.722255486550431,76.00741809151532,76.25625846122678,0.2
31,10,2,11.186411258240225,13.959537615854966,5.8244732626111615,76.00741809151532,76.25625846122678,0.2
31,10,3,13.151292609100151,16.11600165553244,6.800157567396116,76.00741809151532,76.25625846122678,0.2
31,10,4,19.763340503497318,23.097124717052097,9.976363038680491,76.00741809151532,76.25625846122678,0.2
31,10,5,16.334265999792866,19.42411510122252,8.22078143142822,76.00741809151532,76.25625846122678,0.2
31,10,6,8.4987850852563,8.178800194183438,3.635197620948749,76.00741809151532,76.25625846122678,0.2
31,10,7,10.978209688089798,14.188871395511455,6.357430151171864,76.00741809151532,76.25625846122678,0.2
31,10,8,17.428100484678403,20.606624904800785,8.78086708306186,76.00741809151532,76.25625846122678,0.2
31,10,9,21.699612284691774,25.24945197876475,10.969148600359386,76.00741809151532,76.25625846122678,0.2
31,11,0,10.235527824432003,11.343918012214413,5.118693359161988,72.10775701719244,68.48658481355665,0.2
31,11,1,7.530028330107459,7.529541753070997,3.251005687840094,72.10775701719244,68.48658481355665,0.2
31,11,2,11.782761509490289,6.479637566592305,3.4035523344630225,72.10775701719244,68.48658481355665,0.2
31,11,3,13.756546082531676,14.117570222376791,6.19827489277502,72.10775701719244,68.48658481355665,0.2
31,11,4,20.18192909759668,20.255716037282795,9.100495120413136,72.10775701719244,68.48658481355665,0.2
31,11,5,16.63043208558574,16.819920459525807,7.432775028630651,72.10775701719244,68.48658481355665,0.2
31,11,6,7.35391247865448,8.593118473423162,3.7631442491686684,72.10775701719244,68.48658481355665,0.2
31,11,7,12.860919761681409,13.720763578816692,6.209875559867856,72.10775701719244,68.48658481355665,0.2
31,11,8,17.763471136593093,17.904688416909465,7.958098944714811,72.10775701719244,68.48658481355665,0.2
31,11,9,22.19030907908252,22.03695386881643,9.972467834052607,72.10775701719244,68.48658481355665,0.2
31,12,0,10.354986686672314,9.61298769635104,4.558540616121935,61.63799340419057,59.005383458720765,0.2
31,12,1,6.576701953756318,5.533207013345548,2.620375862609262,61.63799340419057,59.005383458720765,0.2
31,12,2,6.885299946259533,7.189816098205212,3.6605755963880835,61.63799340419057,59.005383458720765,0.2
31,12,3,12.53895271537195,11.233274389680384,5.281938262775356,61.63799340419057,59.005383458720765,0.2
31,12,4,18.41007053984422,16.48343790690147,7.877985164324023,61.63799340419057,59.005383458720765,0.2
31,12,5,15.036315142562362,13.449974965722834,6.355932330901012,61.63799340419057,59.005383458720765,0.2
31,12,6,7.612745258596348,4.8903724494574226,2.5362067947186686,61.63799340419057,59.005383458720765,0.2
31,12,7,12.562420570325175,11.542257220050741,5.5020131557036605,61.63799340419057,59.005383458720765,0.2
31,12,8,16.099032085257406,14.387038278571067,6.828299732854541,61.63799340419057,59.005383458720765,0.2
31,12,9,20.174049197545347,17.857250526504597,8.607296517973815,61.63799340419057,59.005383458720765,0.2
31,13,0,9.22181191145344,9.824745971604775,4.628602538622553,55.83931438070272,56.792627438545814,0.2
31,13,1,5.300953830889109,5.595284149347244,2.640920025544458,55.83931438070272,56.792627438545814,0.2
31,13,2,7.40525147854566,8.403042509861445,4.082747532987587,55.83931438070272,56.792627438545814,0.2
31,13,3,10.685226981406489,4.559250163051907,2.809727869341526,55.83931438070272,56.792627438545814,0.2
31,13,4,15.936963941855,16.055842093260832,7.734368552168941,55.83931438070272,56.792627438545814,0.2
31,13,5,12.857889709307603,13.128213706512392,6.249110123855252,55.83931438070272,56.792627438545814,0.2
31,13,6,5.130681943850461,6.40378358443175,3.0630279447995425,55.83931438070272,56.792627438545814,0.2
31,13,7,11.13043290144162,11.623708746696359,5.529163140631225,55.83931438070272,56.792627438545814,0.2
31,13,8,13.813476968640437,14.030296770609826,6.709333769901689,55.83931438070272,56.792627438545814,0.2
31,13,9,17.412342290895026,17.371862058043614,8.442848784653044,55.83931438070272,56.792627438545814,0.2
31,14,0,9.363545401590722,7.232915077695139,3.735461927630178,59.178866436991136,63.55760400095791,0.2
31,14,1,5.342514150829355,8.328338667405406,3.488756119212948,59.178866436991136,63.55760400095791,0.2
31,14,2,8.259294586080085,11.441761980968728,5.067479132513758,59.178866436991136,63.55760400095791,0.2
31,14,3,5.68400813229549,10.014577238627961,4.873957051154751,59.178866436991136,63.55760400095791,0.2
31,14,4,15.64643118231999,19.200464676661078,8.765968760845825,59.178866436991136,63.55760400095791,0.2
31,14,5,12.641791096988914,15.999623131161917,7.177134065512255,59.178866436991136,63.55760400095791,0.2
31,14,6,6.196427752901612,9.160183459793817,3.9353034535164446,59.178866436991136,63.55760400095791,0.2
31,14,7,11.185356631530878,5.918094807267394,3.4470330179926103,59.178866436991136,63.55760400095791,0.2
31,14,8,13.572811846487934,17.003167043704497,7.675443376802476,59.178866436991136,63.55760400095791,0.2
31,14,9,17.079668702206213,20.823988784795844,9.584981859012125,59.178866436991136,63.55760400095791,0.2
31,15,0,7.556744625060805,11.528589905601532,5.176882306815994,69.85366700432698,74.26333843468797,0.2
31,15,1,7.05766503923006,9.177529533308752,3.734115961874038,69.85366700432698,74.26333843468797,0.2
31,15,2,10.251381606645118,14.135770981467811,5.875848409348445,69.85366700432698,74.26333843468797,0.2
31,15,3,9.859891350159486,14.063012283214816,6.181497712331673,69.85366700432698,74.26333843468797,0.2
31,15,4,17.733332209062947,22.69897874181147,9.85566932650417,69.85366700432698,74.26333843468797,0.2
31,15,5,14.519159965661423,19.07154817434421,8.11604406095239,69.85366700432698,74.26333843468797,0.2
31,15,6,7.961018957355513,8.228160289464633,3.6505409694808835,69.85366700432698,74.26333843468797,0.2
31,15,7,6.973260264935472,11.339669094101687,5.434234404265975,69.85366700432698,74.26333843468797,0.2
31,15,8,15.527227048839826,20.231726689572053,8.668733699581834,69.85366700432698,74.26333843468797,0.2
31,15,9,19.390174909464665,24.781022482529092,10.826298709969278,69.85366700432698,74.26333843468797,0.2
31,16,0,10.472701450185193,14.489388765915503,6.075191942140205,79.09259303004299,79.0717255977064,0.2
31,16,1,7.554021770514224,9.776483707136249,3.903081535328693,79.09259303004299,79.0717255977064,0.2
31,16,2,11.886692126771395,8.38176501909859,4.075508183924709,79.09259303004299,79.0717255977064,0.2
31,16,3,12.505012905357779,16.70524502261638,6.973260004573216,79.09259303004299,79.0717255977064,0.2
31,16,4,19.93776878263781,24.64698397007402,10.440381031470361,79.09259303004299,79.0717255977064,0.2
31,16,5,16.41855104470779,20.77651814238969,8.61737850140363,79.09259303004299,79.0717255977064,0.2
31,16,6,7.3849516831215425,11.047951553853256,4.4868602112973,79.09259303004299,79.0717255977064,0.2
31,16,7,10.993318208388118,15.380113018073429,6.726509647194406,79.09259303004299,79.0717255977064,0.2
31,16,8,17.53662814921451,22.023617081035514,9.199297213201495,79.09259303004299,79.0717255977064,0.2
31,16,9,21.9013273782087,26.94763003266675,11.480503987939045,79.09259303004299,79.0717255977064,0.2
31,17,0,12.28995903168145,13.367415612028045,5.741933704853504,76.79522439230543,73.23319486656702,0.2
31,17,1,7.8958348350724314,8.166762693308064,3.4412379411253498,76.79522439230543,73.23319486656702,0.2
31,17,2,8.244649566754576,10.218648031359416,4.681902238996178,76.79522439230543,73.23319486656702,0.2
31,17,3,14.106727917353064,15.03913056897176,6.478802998236876,76.79522439230543,73.23319486656702,0.2
31,17,4,21.12062571420787,21.883340591955427,9.606412579487081,76.79522439230543,73.23319486656702,0.2
31,17,5,17.43273788736187,18.217445377065847,7.859871842791836,76.79522439230543,73.23319486656702,0.2
31,17,6,9.076804272672767,7.312949331774709,3.361321872528374,76.79522439230543,73.23319486656702,0.2
31,17,7,13.607558210104276,14.845593221694237,6.562002479337658,76.79522439230543,73.23319486656702,0.2
31,17,8,18.609944664674842,19.381892222793066,8.412206384904733,76.79522439230543,73.23319486656702,0.2
31,17,9,23.224768043315617,23.872064559780178,10.546771491970501,76.79522439230543,73.23319486656702,0.2
31,18,0,11.615786080072441,5.245420934377901,2.9831232694790257,66.19257387986259,62.101913713786374,0.2
31,18,1,6.9615369715873126,6.246093441346524,2.85236882433951,66.19257387986259,62.101913713786374,0.2
31,18,2,9.471369342007984,9.50223152218877,4.449639820599958,66.19257387986259,62.101913713786374,0.2
31,18,3,13.106453949274835,12.227080580065786,5.604860471213176,66.19257387986259,62.101913713786374,0.2
31,18,4,19.433528712795503,17.911883401588035,8.349886623072498,66.19257387986259,62.101913713786374,0.2
31,18,5,15.90032115234672,14.696884238910906,6.762883762260967,66.19257387986259,62.101913713786374,0.2
31,18,6,6.799868794123299,7.288520999083486,3.3534581664391254,66.19257387986259,62.101913713786374,0.2
31,18,7,13.2747643868584,12.674884350347352,5.874608162672252,66.19257387986259,62.101913713786374,0.2
31,18,8,17.017679905617427,15.694641336287933,7.25702424314109,66.19257387986259,62.101913713786374,0.2
31,18,9,21.335850914228104,19.414931433219124,9.126235116521759,66.19257387986259,62.101913713786374,0.2
31,19,0,6.034782623746564,7.4713505960383255,3.8212402144192152,57.4381391938695,57.00123562500704,0.2
31,19,1,5.7702697014752085,5.667162364651848,2.664622593401256,57.4381391938695,57.00123562500704,0.2
31,19,2,9.001508367428931,9.246341817277905,4.365418591335522,57.4381391938695,57.00123562500704,0.2
31,19,3,11.338490409116854,4.659133735165824,2.852676255081847,57.4381391938695,57.00123562500704,0.2
31,19,4,16.891608609915696,16.29968692683036,7.816407361790078,57.4381391938695,57.00123562500704,0.2
31,19,5,13.681142121236508,13.321092247786856,6.313237341963757,57.4381391938695,57.00123562500704,0.2
31,19,6,6.783960716387732,7.250480224161875,3.3411967251839974,57.4381391938695,57.00123562500704,0.2
31,19,7,11.884183139239024,11.831285667707528,5.598097511445027,57.4381391938695,57.00123562500704,0.2
31,19,8,14.680775766354339,14.237531049755807,6.778551127613754,57.4381391938695,57.00123562500704,0.2
31,19,9,18.462141898356585,17.620283964373634,8.527182984480104,57.4381391938695,57.00123562500704,0.2
31,20,0,7.730271921068131,7.9528997754050765,3.9920209770075803,57.85555423928869,57.00123562500704,0.2
31,20,1,5.3904638437246675,5.597621155899756,2.641692108327993,57.85555423928869,57.00123562500704,0.2
31,20,2,8.831130959255532,9.094183006315117,4.31500710614853,57.85555423928869,57.00123562500704,0.2
31,20,3,5.770891626060371,5.941946825561526,3.382119872839514,57.85555423928869,57.00123562500704,0.2
31,20,4,15.812393610973148,16.221102966760412,7.790009151185375,57.85555423928869,57.00123562500704,0.2
31,20,5,12.771518830840822,13.1258358910243,6.248317804013946,57.85555423928869,57.00123562500704,0.2
31,20,6,6.759156132083223,6.969431608557329,3.2500007329007037,57.85555423928869,57.00123562500704,0.2
31,20,7,11.324809113237638,11.633155024508493,5.5323081396421845,57.85555423928869,57.00123562500704,0.2
31,20,8,13.712836803503997,14.086368528109285,6.728092125892992,57.85555423928869,57.00123562500704,0.2
31,20,9,17.250274646959138,17.709221044810683,8.557288451646958,57.85555423928869,57.00123562500704,0.2
32,0,0,2.0,2.0,1.3245269866236185,17.727744833864325,17.727744833864325,0.0
32,0,1,2.0,2.0,1.4440548502861166,17.727744833864325,17.727744833864325,0.0
32,0,2,2.0,2.0,1.8552073387788066,17.727744833864325,17.727744833864325,0.0
32,0,3,2.0,2.0,1.5268865726298988,17.727744833864325,17.727744833864325,0.0
32,0,4,2.0,2.0,1.4467322186445488,17.727744833864325,17.727744833864325,0.0
32,0,5,2.0,2.0,1.5349538106893637,17.727744833864325,17.727744833864325,0.0
32,0,6,2.0,2.0,1.328663407474367,17.727744833864325,17.727744833864325,0.0
32,0,7,2.0,2.0,1.6084741227367996,17.727744833864325,17.727744833864325,0.0
32,0,8,2.0,2.0,1.6350961872653418,17.727744833864325,17.727744833864325,0.0
32,0,9,2.0,2.0,1.317609232450169,17.727744833864325,17.727744833864325,0.0
32,1,0,2.6794844602434256,2.665490019212977,1.6195104578598263,17.727744833864325,26.63051612446421,0.0
32,1,1,2.9212862932632064,3.4942025967520096,2.1340586460993616,17.727744833864325,26.63051612446421,0.0
32,1,2,3.7530373370942467,4.575451722115154,3.3111224411636893,17.727744833864325,26.63051612446421,0.0
32,1,3,3.088852764219854,3.712033522851657,2.354041428737145,17.727744833864325,26.63051612446421,0.0
32,1,4,2.9267025414659362,3.5012435420870176,2.1410301391485254,17.727744833864325,26.63051612446421,0.0
32,1,5,3.105172581962883,3.733248751605036,2.375938332735538,17.727744833864325,26.63051612446421,0.0
32,1,6,2.6878523345884098,3.19074609312729,1.8425468936523965,17.727744833864325,26.63051612446421,0.0
32,1,7,3.25390230633454,3.9265925238612733,2.5793137072557766,17.727744833864325,26.63051612446421,0.0
32,1,8,3.3077580668620503,3.9966032493037362,2.654642450116438,17.727744833864325,26.63051612446421,0.0
32,1,9,2.6654900192129767,2.9249067227573344,1.7192698482218427,17.727744833864325,26.63051612446421,0.0
32,2,0,3.276228532042912,4.958392873597794,2.500797166509149,28.87139678738376,39.03646846370281,0.2
32,2,1,4.317146450936192,6.157393284715943,3.1727840836247134,28.87139678738376,39.03646846370281,0.2
32,2,2,6.698316619186033,9.037003267255319,5.331980643567059,28.87139678738376,39.03646846370281,0.2
32,2,3,4.762166034192553,6.67604893665736,3.5501723482314094,28.87139678738376,39.03646846370281,0.2
32,2,4,4.33124960434762,3.9033967222228196,2.3103460867059393,28.87139678738376,39.03646846370281,0.2
32,2,5,4.80646291495351,6.649366044105038,3.5589385002896248,28.87139678738376,39.03646846370281,0.2
32,2,6,3.727425578090034,4.449440033730581,2.325453865482456,28.87139678738376,39.03646846370281,0.2
32,2,7,5.217886133299773,7.24585568907931,3.9605532566579758,28.87139678738376,39.03646846370281,0.2
32,2,8,5.370274267285125,7.36209482425635,4.071208022873655,28.87139678738376,39.03646846370281,0.2
32,2,9,3.4780392455563987,5.31633413754102,2.6121265932077637,28.87139678738376,39.03646846370281,0.2
32,3,0,5.059049165138821,5.480512874883647,2.682345125990563,42.58604449634348,51.19177711384684,0.2
32,3,1,6.418461634708758,9.044236657396546,4.1526280684049315,42.58604449634348,51.19177711384684,0.2
32,3,2,10.786461447022594,14.20793951539454,7.318856403658415,42.58604449634348,51.19177711384684,0.2
32,3,3,7.181908510992919,9.921143655932259,4.684669915867726,42.58604449634348,51.19177711384684,0.2
32,3,4,4.673771466818663,7.183997715699636,3.540980101206419,42.58604449634348,51.19177711384684,0.2
32,3,5,7.199642214007908,9.824235025620037,4.677173010153689,42.58604449634348,51.19177711384684,0.2
32,3,6,4.704334119651931,7.287999985675219,3.284882439856614,42.58604449634348,51.19177711384684,0.2
32,3,7,8.012098667942915,10.931762927743417,5.281730343359442,42.58604449634348,51.19177711384684,0.2
32,3,8,8.235950450142226,11.094144108887829,5.424852956711561,42.58604449634348,51.19177711384684,0.2
32,3,9,5.284265768363467,6.14585561971605,2.891167676010711,42.58604449634348,51.19177711384684,0.2
32,4,0,5.426316077124801,7.46384833447288,3.329766490951279,51.914195513737354,55.383197246972706,0.2
32,4,1,8.400661134753866,5.6005225826819105,2.969085332497018,51.914195513737354,55.383197246972706,0.2
32,4,2,14.805860656977657,17.225666741573733,8.375190327310113,51.914195513737354,55.383197246972706,0.2
32,4,3,9.476968282039543,11.468811259163303,5.184998832680194,51.914195513737354,55.383197246972706,0.2
32,4,4,7.163312828679971,9.234955194836136,4.221545857156574,51.914195513737354,55.383197246972706,0.2
32,4,5,9.461802232148873,11.456139945838867,5.208361639370733,51.914195513737354,55.383197246972706,0.2
32,4,6,6.645233762853824,6.505967651212935,3.033977159969922,51.914195513737354,55.383197246972706,0.2
32,4,7,10.684806365707791,12.786693654325983,5.894186367720435,51.914195513737354,55.383197246972706,0.2
32,4,8,10.97433977820851,13.102163527963093,6.094841552716302,51.914195513737354,55.383197246972706,0.2
32,4,9,5.848758793187325,7.802164855994126,3.416773719849257,51.914195513737354,55.383197246972706,0.2
32,5,0,6.7360330584782195,4.919617650832883,2.487091481571233,51.1917830595087,51.100476867544586,0.2
32,5,1,6.006384233697109,6.6536128405748105,3.3496772312931786,51.1917830595087,51.100476867544586,0.2
32,5,2,16.94279736105177,16.07230223710725,7.9785894813874005,51.1917830595087,51.100476867544586,0.2
32,5,3,10.489120975905635,10.089134588614176,4.740056516414934,51.1917830595087,51.100476867544586,0.2
32,5,4,8.540080071369946,8.546917233387953,3.9988379513732135,51.1917830595087,51.100476867544586,0.2
32,5,5,10.536383340589156,10.290285620634892,4.831405784633596,51.1917830595087,51.100476867544586,0.2
32,5,6,6.13765875287748,6.165796164355133,2.9220415805303435,51.1917830595087,51.100476867544586,0.2
32,5,7,11.923789350902398,11.40567741329117,5.44098890552324,51.1917830595087,51.100476867544586,0.2
32,5,8,12.329709694914593,11.924853012517136,5.706100717837693,51.1917830595087,51.100476867544586,0.2
32,5,9,6.912046473165423,5.495539706656611,2.6734549937219363,51.1917830595087,51.100476867544586,0.2
32,6,0,5.031322912537692,5.306845122656122,2.622559218477404,46.20032809602952,46.38825762319477,0.2
32,6,1,6.776311980596717,6.740279856689292,3.3801598808345816,46.20032809602952,46.38825762319477,0.2
32,6,2,16.140483920630125,14.749605047463264,7.51307510896174,46.20032809602952,46.38825762319477,0.2
32,6,3,9.589013968515333,8.944968376452898,4.357033966870295,46.20032809602952,46.38825762319477,0.2
32,6,4,8.089547633189097,3.933740363349513,2.322903352258599,46.20032809602952,46.38825762319477,0.2
32,6,5,9.773811218490934,9.263166494488512,4.488548719346651,46.20032809602952,46.38825762319477,0.2
32,6,6,5.911215918049894,4.6734389707510475,2.4067976588349893,46.20032809602952,46.38825762319477,0.2
32,6,7,11.006982392914605,10.184298741073281,5.02625910128702,46.20032809602952,46.38825762319477,0.2
32,6,8,11.543296857246016,10.802920079681382,5.324773306242393,46.20032809602952,46.38825762319477,0.2
32,6,9,5.408331565292379,5.248585932952227,2.5887806321115896,46.20032809602952,46.38825762319477,0.2
32,7,0,5.305370704368435,6.830609042175461,3.1294024223334236,45.09209781175825,48.514375527835924,0.2
32,7,1,6.837977606573461,8.348199671263918,3.9262474935538605,45.09209781175825,48.514375527835924,0.2
32,7,2,15.198760166013283,16.44728970928517,8.108443526089664,45.09209781175825,48.514375527835924,0.2
32,7,3,8.814169076873036,4.44992575293984,2.6725923094703075,45.09209781175825,48.514375527835924,0.2
32,7,4,4.699174496165217,7.071675405757437,3.50213415939719,45.09209781175825,48.514375527835924,0.2
32,7,5,9.080220081580345,5.384907647443341,3.070429259562531,45.09209781175825,48.514375527835924,0.2
32,7,6,4.868890548042243,6.514457404336236,3.036747981418871,45.09209781175825,48.514375527835924,0.2
32,7,7,10.167994530173134,11.483706792423558,5.467018557813834,45.09209781175825,48.514375527835924,0.2
32,7,8,10.771881186630615,12.10200709111017,5.765307700899834,45.09209781175825,48.514375527835924,0.2
32,7,9,5.237037481889586,6.66983192457702,3.061583124455446,45.09209781175825,48.514375527835924,0.2
32,8,0,6.330701635506427,6.877071653713875,3.1442878597164707,51.70170498453581,57.43051012678202,0.2
32,8,1,7.942698980309076,10.580623400608777,4.634688734860619,51.70170498453581,57.43051012678202,0.2
32,8,2,16.403175355680776,19.937514746387958,9.277718084285299,51.70170498453581,57.43051012678202,0.2
32,8,3,5.4065863769574625,8.480700695609913,4.197473802826236,51.70170498453581,57.43051012678202,0.2
32,8,4,7.084728474814385,9.613112137403721,4.341821473377029,51.70170498453581,57.43051012678202,0.2
32,8,5,6.211400424725649,9.095168613056014,4.43140907482331,51.70170498453581,57.43051012678202,0.2
32,8,6,6.143264054309273,8.732752030945692,3.7282048514126593,51.70170498453581,57.43051012678202,0.2
32,8,7,11.05963971852786,14.009880666836033,6.283435865265346,51.70170498453581,57.43051012678202,0.2
32,8,8,11.663071080538595,14.562700118748284,6.562837385122763,51.70170498453581,57.43051012678202,0.2
32,8,9,6.193504918033808,6.121551782682649,2.8831597179557424,51.70170498453581,57.43051012678202,0.2
32,9,0,6.3608144973466185,10.215502410421145,4.147836469042891,63.112445006953955,67.0412599711,0.2
32,9,1,9.375857622033632,7.411536424735152,3.6124218938617463,63.112445006953955,67.0412599711,0.2
32,9,2,18.76858809553724,24.455001201071667,10.703574558016573,63.112445006953955,67.0412599711,0.2
32,9,3,8.491382916721028,12.949784211902797,5.645072853043627,63.112445006953955,67.0412599711,0.2
32,9,4,8.783394588826802,12.697255282713343,5.275505161013342,63.112445006953955,67.0412599711,0.2
32,9,5,8.964628031655858,13.232808897313994,5.761436011904028,63.112445006953955,67.0412599711,0.2
32,9,6,7.542063744151603,8.636713825831414,3.6994566966011333,63.112445006953955,67.0412599711,0.2
32,9,7,12.71123120022844,17.42369613605237,7.319666318325264,63.112445006953955,67.0412599711,0.2
32,9,8,13.276453380060916,17.888986907220804,7.579356436411521,63.112445006953955,67.0412599711,0.2
32,9,9,5.832558897388096,10.119617600349327,4.0990243997640405,63.112445006953955,67.0412599711,0.2
32,10,0,8.390967850917477,8.935196976403839,3.7767018933397005,69.80415422189887,69.79551085615486,0.2
32,10,1,7.307837761101207,10.759565810901886,4.689418743833795,69.80415422189887,69.79551085615486,0.2
32,10,2,21.653059535141136,25.421249026705034,10.997887583015231,69.80415422189887,69.79551085615486,0.2
32,10,3,11.419839036447378,14.550092106792894,6.124798406551267,69.80415422189887,69.79551085615486,0.2
32,10,4,10.672212979897601,13.44209705306642,5.490274707211746,69.80415422189887,69.79551085615486,0.2
32,10,5,11.655238752013826,14.699849051850595,6.201451149552816,69.80415422189887,69.79551085615486,0.2
32,10,6,7.483906956969399,10.448112694782052,4.226885379153982,69.80415422189887,69.79551085615486,0.2
32,10,7,14.80749909378254,17.998700529923035,7.487931918911809,69.80415422189887,69.79551085615486,0.2
32,10,8,15.332845608363325,18.49987786004663,7.7596210348741295,69.80415422189887,69.79551085615486,0.2
32,10,9,8.292222274250589,7.959500363204872,3.464860046121874,69.80415422189887,69.79551085615486,0.2
32,11,0,7.640172028485267,8.676352336875553,3.6997794876606,65.99848772104922,61.87613284985594,0.2
32,11,1,9.486575040427974,10.508400858144912,4.612520766679754,65.99848772104922,61.87613284985594,0.2
32,11,2,22.248447311226688,22.23025801479704,10.012271298208647,65.99848772104922,61.87613284985594,0.2
32,11,3,12.390311649528735,13.015548282175336,5.665125121814332,65.99848772104922,61.87613284985594,0.2
32,11,4,11.106686318216745,5.9659135905970295,3.109145364751482,65.99848772104922,61.87613284985594,0.2
32,11,5,12.545378202178787,13.29454613723599,5.780238725490731,65.99848772104922,61.87613284985594,0.2
32,11,6,8.55088178878429,7.012438009703663,3.1974392508402385,65.99848772104922,61.87613284985594,0.2
32,11,7,15.147896131002964,15.461381095526399,6.732353021031586,65.99848772104922,61.87613284985594,0.2
32,11,8,15.69751631359663,16.130742956571353,7.049857983893121,65.99848772104922,61.87613284985594,0.2
32,11,9,7.009323890159484,8.0547079014706,3.4938196997443147,65.99848772104922,61.87613284985594,0.2
32,12,0,7.484559955086071,5.3389270969646345,2.6336472651465352,55.68858016294732,52.60836839201045,0.2
32,12,1,9.331012385314661,8.524454801402864,3.984091658330905,55.68858016294732,52.60836839201045,0.2
32,12,2,20.254570594804182,17.950126174959383,8.620227162240921,55.68858016294732,52.60836839201045,0.2
32,12,3,11.46040426698352,10.349534203085419,4.825366911897012,55.68858016294732,52.60836839201045,0.2
32,12,4,6.289722122405354,6.819148144558414,3.4141157743743085,55.68858016294732,52.60836839201045,0.2
32,12,5,11.693276164142672,10.739898460942479,4.978224034038594,55.68858016294732,52.60836839201045,0.2
32,12,6,6.468338411917432,6.073369741331167,2.891310825883775,55.68858016294732,52.60836839201045,0.2
32,12,7,13.619379206996177,12.147100404920113,5.686223374217172,55.68858016294732,52.60836839201045,0.2
32,12,8,14.261683684465764,12.89316593119305,6.026622785530503,55.68858016294732,52.60836839201045,0.2
32,12,9,7.067908534065581,4.772185001945342,2.421964216539705,55.68858016294732,52.60836839201045,0.2
32,13,0,5.327801541221465,6.673294655701171,3.078775523487784,49.78554581807616,50.44782992413006,0.2
32,13,1,8.05971625681693,4.180205722892447,2.4193630940434034,49.78554581807616,50.44782992413006,0.2
32,13,2,17.438500655899702,17.705763807999922,8.537912962541824,49.78554581807616,50.44782992413006,0.2
32,13,3,9.761594732289838,10.504752958963559,4.87591211836127,49.78554581807616,50.44782992413006,0.2
32,13,4,6.906669516962776,8.293995131998003,3.9156313737652044,49.78554581807616,50.44782992413006,0.2
32,13,5,10.070820808883392,5.022442325519224,2.924251929956574,49.78554581807616,50.44782992413006,0.2
32,13,6,5.849048381745529,6.856782154185907,3.1475904836779556,49.78554581807616,50.44782992413006,0.2
32,13,7,11.503085495846825,12.109355036650587,5.673849216305776,49.78554581807616,50.44782992413006,0.2
32,13,8,12.19170486117597,12.829521553206918,6.00578293189903,49.78554581807616,50.44782992413006,0.2
32,13,9,4.899572109154684,6.2496100698554145,2.9252479068485244,49.78554581807616,50.44782992413006,0.2
32,14,0,6.228284704709868,6.44553658623772,3.0048387334480324,52.56748144548568,56.45871122387549,0.2
32,14,1,4.894310104394936,8.069144477466168,3.8339102028905656,52.56748144548568,56.45871122387549,0.2
32,14,2,17.271981120111807,20.4636168907607,9.448418781710204,52.56748144548568,56.45871122387549,0.2
32,14,3,9.863846401473278,5.339274505332212,3.0361509071863577,52.56748144548568,56.45871122387549,0.2
32,14,4,7.921222839551613,10.380788834499837,4.581718535231623,52.56748144548568,56.45871122387549,0.2
32,14,5,5.915687398811785,9.093819542626141,4.430948952383096,52.56748144548568,56.45871122387549,0.2
32,14,6,6.367495621757215,8.848935005719474,3.7628567135050814,52.56748144548568,56.45871122387549,0.2
32,14,7,11.478052888608898,14.227955221992401,6.351741632840445,52.56748144548568,56.45871122387549,0.2
32,14,8,12.149546366465625,14.862932184974477,6.657259042740018,52.56748144548568,56.45871122387549,0.2
32,14,9,5.917702234773373,8.463464158274716,3.617006954994718,52.56748144548568,56.45871122387549,0.2
32,15,0,6.078712455935376,9.868147045022617,4.0485988079498405,62.051552687017846,66.4891077202256,0.2
32,15,1,7.755902986016824,11.903861998731074,5.03320026780035,62.051552687017846,66.4891077202256,0.2
32,15,2,19.113911271827284,24.729835777359423,10.787636878700539,62.051552687017846,66.4891077202256,0.2
32,15,3,6.142056188298396,10.794029799775473,4.96951845650701,62.051552687017846,66.4891077202256,0.2
32,15,4,9.268700253255746,7.366730773998912,3.603790326194127,62.051552687017846,66.4891077202256,0.2
32,15,5,8.963697215643187,13.125339329892988,5.728642128033755,62.051552687017846,66.4891077202256,0.2
32,15,6,7.6121635812503,8.509189291252174,3.661134692303773,62.051552687017846,66.4891077202256,0.2
32,15,7,12.849412033545416,17.477585636295608,7.335506199902045,62.051552687017846,66.4891077202256,0.2
32,15,8,13.467465995772727,17.996840804733996,7.611315096018003,62.051552687017846,66.4891077202256,0.2
32,15,9,7.317113223344813,11.411756850262877,4.458742471111728,62.051552687017846,66.4891077202256,0.2
32,16,0,8.190212582466845,8.190322406960373,3.5534524861528487,70.81281354556155,71.48646098471393,0.2
32,16,1,10.18203633377265,13.817455034496982,5.586789838761644,70.81281354556155,71.48646098471393,0.2
32,16,2,21.82311547529141,26.65159597331043,11.367833689944728,70.81281354556155,71.48646098471393,0.2
32,16,3,10.05320964659761,14.009750746973593,5.96467884545798,70.81281354556155,71.48646098471393,0.2
32,16,4,7.290376318890897,11.161731793136209,4.820357670995931,70.81281354556155,71.48646098471393,0.2
32,16,5,11.588897557678921,15.293489779415262,6.375715542463619,70.81281354556155,71.48646098471393,0.2
32,16,6,7.406382515385985,11.044772692746042,4.394441880108913,70.81281354556155,71.48646098471393,0.2
32,16,7,14.839542771990466,18.86344627755395,7.7379836732445835,70.81281354556155,71.48646098471393,0.2
32,16,8,15.397497165221418,19.358587331552798,8.01002501383106,70.81281354556155,71.48646098471393,0.2
32,16,9,9.019922798270759,9.130163211549378,3.814174963258653,70.81281354556155,71.48646098471393,0.2
32,17,0,7.188544146715494,9.069394270668376,3.816318493382089,69.42834206329923,65.45353026723947,0.2
32,17,1,11.301933978534734,6.717720462366393,3.3722366358235134,69.42834206329923,65.45353026723947,0.2
32,17,2,22.99683889150849,24.10621766856215,10.59648452563418,69.42834206329923,65.45353026723947,0.2
32,17,3,12.066393843350902,13.63082502937065,5.851285366598143,69.42834206329923,65.45353026723947,0.2
32,17,4,9.75146116514654,11.567733037310191,4.942434658673714,69.42834206329923,65.45353026723947,0.2
32,17,5,12.89791064394393,14.37336480140075,6.104712674708187,69.42834206329923,65.45353026723947,0.2
32,17,6,8.889844335456116,7.812257606840496,3.4485582513070168,69.42834206329923,65.45353026723947,0.2
32,17,7,15.653744480457295,16.836702558510883,7.146164498917058,69.42834206329923,65.45353026723947,0.2
32,17,8,16.204077204521592,17.479506736720822,7.457490862525411,69.42834206329923,65.45353026723947,0.2
32,17,9,7.715979097378142,9.23051160848928,3.8434715727093525,69.42834206329923,65.45353026723947,0.2
32,18,0,7.720315404387221,5.217581511141931,2.5916018665538525,59.16084428388081,55.241796763671374,0.2
32,18,1,6.821949083110925,7.2046448785545385,3.541534671942057,59.16084428388081,55.241796763671374,0.2
32,18,2,21.436419118967322,19.170965308125204,9.026559381995865,59.16084428388081,55.241796763671374,0.2
32,18,3,11.837001715016552,10.863978013261276,4.992039275871258,59.16084428388081,55.241796763671374,0.2
32,18,4,9.998419811319373,9.482811259677419,4.3005413818593805,59.16084428388081,55.241796763671374,0.2
32,18,5,12.349678724046909,11.456779791816295,5.2085652651066905,59.16084428388081,55.241796763671374,0.2
32,18,6,6.976345773200286,6.600501193692345,3.0647695009624236,59.16084428388081,55.241796763671374,0.2
32,18,7,14.456509318849132,13.017027470398105,5.9683097742870945,59.16084428388081,55.241796763671374,0.2
32,18,8,15.08631464692262,13.767076118714604,6.309740645404474,59.16084428388081,55.241796763671374,0.2
32,18,9,7.775245394368493,5.875119164629285,2.801414086814844,59.16084428388081,55.241796763671374,0.2
32,19,0,5.242744767526715,6.480207331164339,3.0161438114906263,51.09320827784437,50.765540875742914,0.2
32,19,1,7.16443471119596,8.10225955885085,3.844917263503946,51.09320827784437,50.765540875742914,0.2
32,19,2,18.260500418475303,17.786346224656363,8.56509483577731,51.09320827784437,50.765540875742914,0.2
32,19,3,10.098768692300618,10.417576467422144,4.847551892602704,51.09320827784437,50.765540875742914,0.2
32,19,4,8.699886011911415,5.37474867178744,2.8901332674945563,51.09320827784437,50.765540875742914,0.2
32,19,5,10.536795270282333,4.347046020537505,2.6430798327463227,51.09320827784437,50.765540875742914,0.2
32,19,6,6.199950876795807,6.816765654973455,3.134720559564489,51.09320827784437,50.765540875742914,0.2
32,19,7,12.073739120172075,12.136742585163178,5.6828288942526175,51.09320827784437,50.765540875742914,0.2
32,19,8,12.764445102492964,12.881341833316949,6.022753415571522,51.09320827784437,50.765540875742914,0.2
32,19,9,5.667189561355783,6.433233665278729,2.9851500117085235,51.09320827784437,50.765540875742914,0.2
32,20,0,6.101582341745847,6.309623261357365,2.960344234198278,51.52640063709159,50.765540875742914,0.2
32,20,1,7.778169990135549,8.03041630807898,3.821020210666353,51.52640063709159,50.765540875742914,0.2
32,20,2,17.32696935943825,17.78915519004085,8.566041682268,51.52640063709159,50.765540875742914,0.2
32,20,3,9.806474384914534,10.102312324571624,4.744389463632169,51.52640063709159,50.765540875742914,0.2
32,20,4,5.846666211025865,6.013009319630978,3.1263058997943514,51.52640063709159,50.765540875742914,0.2
32,20,5,5.346883385954772,5.494509651263469,3.114042767754962,51.52640063709159,50.765540875742914,0.2
32,20,6,6.341460092081485,6.590690777851818,3.0615801432180785,51.52640063709159,50.765540875742914,0.2
32,20,7,11.496218549074518,11.83417585257829,5.58328367880106,51.52640063709159,50.765540875742914,0.2
32,20,8,12.18387722400381,12.514823854398394,5.902277547226924,51.52640063709159,50.765540875742914,0.2
32,20,9,6.038882671811799,6.286542421006048,2.9373380263149658,51.52640063709159,50.765540875742914,0.2
33,0,0,2.0,2.0,1.5283749259926194,17.967360056887447,17.967360056887447,0.0
33,0,1,2.0,2.0,1.580400876090814,17.967360056887447,17.967360056887447,0.0
33,0,2,2.0,2.0,1.3076056167851344,17.967360056887447,17.967360056887447,0.0
33,0,3,2.0,2.0,1.4580678976440178,17.967360056887447,17.967360056887447,0.0
33,0,4,2.0,2.0,1.4190757437880497,17.967360056887447,17.967360056887447,0.0
33,0,5,2.0,2.0,1.415613840381093,17.967360056887447,17.967360056887447,0.0
33,0,6,2.0,2.0,1.6068685810065464,17.967360056887447,17.967360056887447,0.0
33,0,7,2.0,2.0,1.4772572028401658,17.967360056887447,17.967360056887447,0.0
33,0,8,2.0,2.0,1.933357578514599,17.967360056887447,17.967360056887447,0.0
33,0,9,2.0,2.0,1.6924147254003739,17.967360056887447,17.967360056887447,0.0
33,1,0,3.091863665278901,3.7120518893400956,2.356344223605797,17.967360056887447,27.420089860681397,0.0
33,1,1,3.1971108412332896,3.848672699100817,2.498986731400936,17.967360056887447,27.420089860681397,0.0
33,1,2,2.6452529587442912,2.9100357536668278,1.700139696797065,17.967360056887447,27.420089860681397,0.0
33,1,3,2.9496343322351155,3.5274247344928185,2.1690880430307704,17.967360056887447,27.420089860681397,0.0
33,1,4,2.8707541951117364,3.4250308402138594,2.0679961230874295,17.967360056887447,27.420089860681397,0.0
33,1,5,2.86375085242753,2.6452529587442912,1.7216737157143587,17.967360056887447,27.420089860681397,0.0
33,1,6,3.2506543361837377,3.9181772304216365,2.572872207478367,17.967360056887447,27.420089860681397,0.0
33,1,7,2.988453809373152,3.577816095144482,2.2195642884765188,17.967360056887447,27.420089860681397,0.0
33,1,8,3.9111332876117566,4.775541509850037,3.5555519234012007,17.967360056887447,27.420089860681397,0.0
33,1,9,3.4237120140203436,4.142822498733573,2.8176901041682023,17.967360056887447,27.420089860681397,0.0
33,2,0,4.766824529736997,6.647893047105926,3.543135194229613,29.727410862540253,40.57408626087596,0.2
33,2,1,5.055386700887261,6.856752964859224,3.743942902774609,29.727410862540253,40.57408626087596,0.2
33,2,2,3.4393394349957536,4.548151473747738,2.324021944714947,29.727410862540253,40.57408626087596,0.2
33,2,3,4.388010031427421,6.117079140616264,3.1888759174850017,29.727410862540253,40.57408626087596,0.2
33,2,4,4.18350364440782,4.044138844245549,2.3230728007858517,29.727410862540253,40.57408626087596,0.2
33,2,5,3.482902208452383,5.083399582270837,2.7197674842069133,29.727410862540253,40.57408626087596,0.2
33,2,6,5.204855142818992,7.069164593947037,3.888812711578455,29.727410862540253,40.57408626087596,0.2
33,2,7,4.490122194221541,6.3875248112506675,3.330181771672098,29.727410862540253,40.57408626087596,0.2
33,2,8,7.192791254957927,9.517133823028042,5.7616319379997325,29.727410862540253,40.57408626087596,0.2
33,2,9,5.7001155311649345,7.699972343996763,4.3483872548570845,29.727410862540253,40.57408626087596,0.2
33,3,0,7.1676725271416455,10.053733195533765,4.733016911912169,44.263477484157725,53.39118573547404,0.2
33,3,1,7.5739014224206995,10.330313990132948,4.987991793371851,44.263477484157725,53.39118573547404,0.2
33,3,2,4.701437380300005,6.378312809418217,2.9447596288071676,44.263477484157725,53.39118573547404,0.2
33,3,3,6.451015005988398,5.5589704656057215,2.9823101588557854,44.263477484157725,53.39118573547404,0.2
33,3,4,4.699517286233044,7.232867588159549,3.489811263053219,44.263477484157725,53.39118573547404,0.2
33,3,5,5.502020557531033,7.921402728100007,3.7100970365666357,44.263477484157725,53.39118573547404,0.2
33,3,6,7.866969366953752,10.727238882532992,5.207160072941171,44.263477484157725,53.39118573547404,0.2
33,3,7,6.736873160831219,9.648412211403244,4.444820366119891,44.263477484157725,53.39118573547404,0.2
33,3,8,11.655635105530287,15.303410125871128,8.034205579937737,44.263477484157725,53.39118573547404,0.2
33,3,9,8.796676998036155,11.884245775468552,5.892043381468888,44.263477484157725,53.39118573547404,0.2
33,4,0,9.574773027362824,11.542744301931803,5.213450565000131,54.14464219160563,58.50582982093661,0.2
33,4,1,10.090580737981988,12.109983986694145,5.575024278255699,54.14464219160563,58.50582982093661,0.2
33,4,2,5.957173952834811,6.142551410259776,2.868137319413206,54.14464219160563,58.50582982093661,0.2
33,4,3,6.033137721603055,8.383675068486319,3.976132585203002,54.14464219160563,58.50582982093661,0.2
33,4,4,7.0597995684256745,9.022688150988646,4.073987975350807,54.14464219160563,58.50582982093661,0.2
33,4,5,7.505432094529599,9.36145991032752,4.170271310851227,54.14464219160563,58.50582982093661,0.2
33,4,6,10.533952602213514,12.591231138311128,5.82514981901546,54.14464219160563,58.50582982093661,0.2
33,4,7,8.9917587333961,6.835895610984832,3.4921421585975296,54.14464219160563,58.50582982093661,0.2
33,4,8,16.252993875738607,18.73188953025809,9.255466211498941,54.14464219160563,58.50582982093661,0.2
33,4,9,11.91945414413234,14.090824609175295,6.638061700975001,54.14464219160563,58.50582982093661,0.2
33,5,0,10.546678107914408,4.8338889389644235,2.834761820157971,54.07809402108203,53.96992838986167,0.2
33,5,1,11.278132548393932,11.516764811136781,5.3824203701420705,54.07809402108203,53.96992838986167,0.2
33,5,2,5.80216896660011,6.6449646179464645,3.030404843266606,54.07809402108203,53.96992838986167,0.2
33,5,3,8.04361525398382,8.658378461067537,4.066889258996786,54.07809402108203,53.96992838986167,0.2
33,5,4,8.241574223412208,8.689491174066507,3.9680818542946774,54.07809402108203,53.96992838986167,0.2
33,5,5,8.436352966208101,5.780930339848658,2.9759266212236133,54.07809402108203,53.96992838986167,0.2
33,5,6,11.784130165916396,11.931650665719078,5.609830416686876,54.07809402108203,53.96992838986167,0.2
33,5,7,7.064514910923416,7.938230657408205,3.877409936537014,54.07809402108203,53.96992838986167,0.2
33,5,8,18.723573121931945,18.3172218529089,9.111563622134959,54.07809402108203,53.96992838986167,0.2
33,5,9,13.428630260859942,13.418136174741402,6.4146111517437125,54.07809402108203,53.96992838986167,0.2
33,6,0,5.734651179110379,6.325195831849764,3.421847813979244,48.794620946374714,49.79582710861421,0.2
33,6,1,10.888499733068539,10.179898701040148,4.93704043635525,48.794620946374714,49.79582710861421,0.2
33,6,2,6.1304320468984645,5.2082788896123215,2.5552991029868224,48.794620946374714,49.79582710861421,0.2
33,6,3,8.227213700485635,7.773876613310775,3.7714043832849464,48.794620946374714,49.79582710861421,0.2
33,6,4,8.027328829788381,4.551635839175891,2.523491438433384,48.794620946374714,49.79582710861421,0.2
33,6,5,6.020223987070257,6.346588058810882,3.1768888490496265,48.794620946374714,49.79582710861421,0.2
33,6,6,11.348544482608391,10.527338731875114,5.13904452168041,48.794620946374714,49.79582710861421,0.2
33,6,7,7.843901842595431,7.322994588146653,3.664521030772017,48.794620946374714,49.79582710861421,0.2
33,6,8,18.43246183776515,16.685877145066225,8.535628745112131,48.794620946374714,49.79582710861421,0.2
33,6,9,12.97659547384187,11.910312514573596,5.901086876037547,48.794620946374714,49.79582710861421,0.2
33,7,0,6.922311236743981,8.682192852827399,4.271196058411495,48.404454524636115,52.36278154944561,0.2
33,7,1,9.987507436544535,4.818075471099779,2.9245414683632385,48.404454524636115,52.36278154944561,0.2
33,7,2,5.169305198666206,6.648486876500615,3.031529170491848,48.404454524636115,52.36278154944561,0.2
33,7,3,7.629455300164103,5.8529224824618025,3.0918448433759647,48.404454524636115,52.36278154944561,0.2
33,7,4,5.1049591009662025,7.102902386620688,3.4457968701352066,48.404454524636115,52.36278154944561,0.2
33,7,5,6.426765470931104,7.969142908256852,3.7257347592514303,48.404454524636115,52.36278154944561,0.2
33,7,6,10.396156571670282,11.65127044190963,5.517224552280695,48.404454524636115,52.36278154944561,0.2
33,7,7,7.413232992117996,8.783088129779683,4.161866905628388,48.404454524636115,52.36278154944561,0.2
33,7,8,17.26736020625464,18.397954062150216,9.139656195032053,48.404454524636115,52.36278154944561,0.2
33,7,9,11.9377489040034,13.168859382067833,6.330959140330263,48.404454524636115,52.36278154944561,0.2
33,8,0,8.64052116774175,11.624055840448198,5.2391313713862075,55.80294612440814,61.872975669643,0.2
33,8,1,5.916273127656223,9.152099297713264,4.5825875534859835,55.80294612440814,61.872975669643,0.2
33,8,2,6.132706532325103,7.480269456946481,3.292288235905965,55.80294612440814,61.872975669643,0.2
33,8,3,6.254723606974591,9.121881339346936,4.218090021926506,55.80294612440814,61.872975669643,0.2
33,8,4,6.970759569209428,9.588286718853402,4.25111925628246,55.80294612440814,61.872975669643,0.2
33,8,5,7.537066810432455,6.6237276188036045,3.273373247015503,55.80294612440814,61.872975669643,0.2
33,8,6,11.16120517045417,14.122475721102733,6.3124354175627895,55.80294612440814,61.872975669643,0.2
33,8,7,8.419351067855247,11.393714208139787,4.993451596436694,55.80294612440814,61.872975669643,0.2
33,8,8,18.48929239938164,22.36808889031008,10.479279023421235,55.80294612440814,61.872975669643,0.2
33,8,9,12.807369578926874,16.01760117989667,7.261126980578813,55.80294612440814,61.872975669643,0.2
33,9,0,10.598629727121066,15.69885024877387,6.465712653090778,67.99442954183192,71.9408325002429,0.2
33,9,1,9.270458255117349,14.342682685935156,6.276066519662098,67.99442954183192,71.9408325002429,0.2
33,9,2,6.660215500206381,10.830153198468423,4.265795192435532,67.99442954183192,71.9408325002429,0.2
33,9,3,8.533089004453497,13.270119735603004,5.4836425830201705,67.99442954183192,71.9408325002429,0.2
33,9,4,8.599906306844682,9.526522495358133,4.23193177767024,67.99442954183192,71.9408325002429,0.2
33,9,5,6.621950957989037,11.226799015568227,4.7359048315758265,67.99442954183192,71.9408325002429,0.2
33,9,6,12.769896558140923,7.876550500177852,4.194639144769662,67.99442954183192,71.9408325002429,0.2
33,9,7,10.10162578094146,15.220972386473962,6.115680630835908,67.99442954183192,71.9408325002429,0.2
33,9,8,21.19931536418829,27.83557947094797,12.212691167387591,67.99442954183192,71.9408325002429,0.2
33,9,9,14.689075500010095,20.176358224652994,8.534454049928918,67.99442954183192,71.9408325002429,0.2
33,10,0,13.07997251344724,16.577778988706346,6.717030944070268,74.90564719194602,74.92041007601851,0.2
33,10,1,12.696323201202764,16.312687497537958,6.867744445502332,74.90564719194602,74.92041007601851,0.2
33,10,2,8.629595353016496,10.403212559001435,4.147372187309767,74.90564719194602,74.92041007601851,0.2
33,10,3,11.093269699386626,14.394435871055435,5.804876783428914,74.90564719194602,74.92041007601851,0.2
33,10,4,8.56109052483955,12.052479701057779,4.989282165508331,74.90564719194602,74.92041007601851,0.2
33,10,5,9.580615215509496,12.78991556462281,5.188372840538497,74.90564719194602,74.92041007601851,0.2
33,10,6,8.485648475453013,13.144722172307013,6.003235077885734,74.90564719194602,74.92041007601851,0.2
33,10,7,12.371866620784123,9.136395166131804,4.278362036889842,74.90564719194602,74.92041007601851,0.2
33,10,8,24.70596411492071,29.165192097944367,12.618175893861048,74.90564719194602,74.92041007601851,0.2
33,10,9,17.264983827728024,21.049632363652158,8.79137810912594,74.90564719194602,74.92041007601851,0.2
33,11,0,13.588383034376726,13.819263995332767,5.9135509997940865,70.84458160423424,67.24528310238016,0.2
33,11,1,13.893272620707856,14.546959824908882,6.338504929100041,70.84458160423424,67.24528310238016,0.2
33,11,2,8.390028620760866,8.432954463401359,3.580482942650304,70.84458160423424,67.24528310238016,0.2
33,11,3,11.743118329717737,7.383543771046693,3.6378278955305854,70.84458160423424,67.24528310238016,0.2
33,11,4,10.093191128047682,10.920970898708221,4.65658414008204,70.84458160423424,67.24528310238016,0.2
33,11,5,10.495946508126847,11.245324312258912,4.74137376706125,70.84458160423424,67.24528310238016,0.2
33,11,6,12.144392122494352,13.357715903950156,6.07116315143522,70.84458160423424,67.24528310238016,0.2
33,11,7,8.65501776023785,10.056883490277515,4.575720752291159,70.84458160423424,67.24528310238016,0.2
33,11,8,25.526249420108247,25.260969679960127,11.41054007152966,70.84458160423424,67.24528310238016,0.2
33,11,9,17.78473467541438,17.974435918782763,7.871264157953644,70.84458160423424,67.24528310238016,0.2
33,12,0,11.962963509861552,10.828626975732098,4.985517931214042,60.52082064846918,57.78630529252538,0.2
33,12,1,12.822634517998022,12.002907938795323,5.540472420463559,60.52082064846918,57.78630529252538,0.2
33,12,2,7.243226073825824,5.646038826420399,2.7038119471363196,60.52082064846918,57.78630529252538,0.2
33,12,3,7.359233457343006,7.752393442258171,3.7641057408194802,60.52082064846918,57.78630529252538,0.2
33,12,4,9.420151470806829,8.958293599863572,4.053613000532329,60.52082064846918,57.78630529252538,0.2
33,12,5,9.591678733123905,6.280760992891866,3.153787228233226,60.52082064846918,57.78630529252538,0.2
33,12,6,12.281808890388294,11.651759112577409,5.517386531371367,60.52082064846918,57.78630529252538,0.2
33,12,7,9.25656689066881,8.685811833233142,4.129546976932411,60.52082064846918,57.78630529252538,0.2
33,12,8,23.083232817012224,20.675044534459296,9.917534176465736,60.52082064846918,57.78630529252538,0.2
33,12,9,15.923367516634148,14.493871618380341,6.7704086939646055,60.52082064846918,57.78630529252538,0.2
33,13,0,10.085576177655488,4.822564964310516,2.8301116422146544,54.68564864739794,55.18971970564272,0.2
33,13,1,11.2082350174553,11.899454662253072,5.507001640460344,54.68564864739794,55.18971970564272,0.2
33,13,2,5.4697429111959615,6.719949881395635,3.05430219490192,54.68564864739794,55.18971970564272,0.2
33,13,3,7.614690331790795,8.726898133318832,4.0893914612569855,54.68564864739794,55.18971970564272,0.2
33,13,4,8.200356166735892,5.789476679090537,2.9862907976376714,54.68564864739794,55.18971970564272,0.2
33,13,5,6.380031478638675,7.839354400467189,3.6831551367278483,54.68564864739794,55.18971970564272,0.2
33,13,6,11.161532850041468,11.929038402412564,5.608970654269716,54.68564864739794,55.18971970564272,0.2
33,13,7,8.353968672802806,9.144357921361522,4.280971837356459,54.68564864739794,55.18971970564272,0.2
33,13,8,20.062919803176744,20.116481138108806,9.729210463642605,54.68564864739794,55.18971970564272,0.2
33,13,9,13.69636486699248,14.160072929598604,6.660880489108107,54.68564864739794,55.18971970564272,0.2
33,14,0,5.725243987212957,9.307356257182851,4.484224463341871,57.50860980484401,62.06846132415805,0.2
33,14,1,11.140524479431864,6.24274956410666,3.505979754430039,57.50860980484401,62.06846132415805,0.2
33,14,2,6.178775782431572,7.465147668919237,3.2876279390484506,57.50860980484401,62.06846132415805,0.2
33,14,3,8.272735084259894,10.985233851312042,4.8042241916543205,57.50860980484401,62.06846132415805,0.2
33,14,4,6.041190452778502,8.959115552906109,4.053873349621468,57.50860980484401,62.06846132415805,0.2
33,14,5,7.450929315291036,10.035657921876915,4.3783038479603915,57.50860980484401,62.06846132415805,0.2
33,14,6,11.346805205070412,14.217541602618498,6.342150118571436,57.50860980484401,62.06846132415805,0.2
33,14,7,8.660297320311189,11.53760066746924,5.037510583461835,57.50860980484401,62.06846132415805,0.2
33,14,8,19.681945714237084,23.226925489783525,10.759334184410001,57.50860980484401,62.06846132415805,0.2
33,14,9,13.474792089816031,16.511624453798284,7.417177292315197,57.50860980484401,62.06846132415805,0.2
33,15,0,9.071472221488447,13.860144835416378,5.925791207181844,68.21700875859541,72.21444253407117,0.2
33,15,1,7.092508015914695,12.04936074016824,5.5554733615150464,68.21700875859541,72.21444253407117,0.2
33,15,2,6.650787838002485,10.481597271965104,4.169221884955775,68.21700875859541,72.21444253407117,0.2
33,15,3,9.718823546115688,8.103577327284674,3.8826701572659603,68.21700875859541,72.21444253407117,0.2
33,15,4,8.200882846332178,12.303404607262479,5.061768679556604,68.21700875859541,72.21444253407117,0.2
33,15,5,8.857197506212492,9.339348305038731,4.1633737896892,68.21700875859541,72.21444253407117,0.2
33,15,6,12.830008643736408,17.54841362192204,7.348959699107914,68.21700875859541,72.21444253407117,0.2
33,15,7,10.190755992904045,14.96872192498827,6.044556252481047,68.21700875859541,72.21444253407117,0.2
33,15,8,21.76585984343159,28.07239972872611,12.285331101973641,68.21700875859541,72.21444253407117,0.2
33,15,9,15.00476131806931,20.154732786315886,8.528049836848492,68.21700875859541,72.21444253407117,0.2
33,16,0,11.987725138591562,16.35282663229888,6.653097530270998,76.91045992043432,76.99051551774077,0.2
33,16,1,11.23858154028376,15.676834262165176,6.679241118669845,76.91045992043432,76.99051551774077,0.2
33,16,2,8.43423000426966,10.295783282549827,4.117345913051357,76.91045992043432,76.99051551774077,0.2
33,16,3,7.854543135557375,12.350355863955985,5.2147366542295,76.91045992043432,76.99051551774077,0.2
33,16,4,10.23982950531825,14.002656445151075,5.541558002089781,76.91045992043432,76.99051551774077,0.2
33,16,5,8.422399456045984,12.378063495268732,5.070849223017662,76.91045992043432,76.99051551774077,0.2
33,16,6,14.866758859259413,19.168680707044444,7.817608518359919,76.91045992043432,76.99051551774077,0.2
33,16,7,12.227983809432633,8.917355244275067,4.20630119044621,76.91045992043432,76.99051551774077,0.2
33,16,8,24.8529128580434,30.444282743771783,13.003049350987231,76.91045992043432,76.99051551774077,0.2
33,16,9,17.252028267288416,21.901527422945197,9.038947857117577,76.91045992043432,76.99051551774077,0.2
33,17,0,13.459047361721131,14.603461185076837,6.146501156803418,74.7739330408097,71.21016405884085,0.2
33,17,1,13.511935177188207,15.042357891900066,6.488845099972948,74.7739330408097,71.21016405884085,0.2
33,17,2,8.329286230392887,7.800497121994751,3.390325351348155,74.7739330408097,71.21016405884085,0.2
33,17,3,10.549279833767773,12.092415469501958,5.13825783751406,74.7739330408097,71.21016405884085,0.2
33,17,4,11.210431121518981,8.641625008321894,3.952768423012501,74.7739330408097,71.21016405884085,0.2
33,17,5,10.258199214157854,11.718213390247872,4.8800782378756695,74.7739330408097,71.21016405884085,0.2
33,17,6,15.814823520212988,16.97279246257613,7.179375567421196,74.7739330408097,71.21016405884085,0.2
33,17,7,8.5092404977225,10.702376599576443,4.779376893146096,74.7739330408097,71.21016405884085,0.2
33,17,8,26.30483865078794,27.231519145309854,12.026562067204635,74.7739330408097,71.21016405884085,0.2
33,17,9,18.285561989066146,19.374781397083336,8.295671884061608,74.7739330408097,71.21016405884085,0.2
33,18,0,12.43421576219119,5.404547339844347,3.0650702650161694,64.3640367465907,59.72434877610879,0.2
33,18,1,13.126768866087954,12.898133512785588,5.826598228957124,64.3640367465907,59.72434877610879,0.2
33,18,2,6.858542095290763,7.479598798190576,3.292081609373529,64.3640367465907,59.72434877610879,0.2
33,18,3,10.394565129578016,10.295690211254568,4.59108758323846,64.3640367465907,59.72434877610879,0.2
33,18,4,7.996350147158296,8.778437988957405,3.9964708693281294,64.3640367465907,59.72434877610879,0.2
33,18,5,9.872274355460691,6.489413762607062,3.2267671646401737,64.3640367465907,59.72434877610879,0.2
33,18,6,14.523694467104784,13.899922507508213,6.242636214991766,64.3640367465907,59.72434877610879,0.2
33,18,7,9.668558092180671,9.648041752078898,4.444700901464142,64.3640367465907,59.72434877610879,0.2
33,18,8,24.329429671624357,22.41112406480685,10.493388109542192,64.3640367465907,59.72434877610879,0.2
33,18,9,16.781933569570818,15.815321796297548,7.196816368498066,64.3640367465907,59.72434877610879,0.2
33,19,0,6.200559314839237,7.371571110708537,3.808912086056979,55.239126350848665,55.1895650700314,0.2
33,19,1,11.78706026244893,11.600260821201514,5.4097063659594165,55.239126350848665,55.1895650700314,0.2
33,19,2,6.6597974999781275,5.994311029870982,2.819507615814327,55.239126350848665,55.1895650700314,0.2
33,19,3,9.287653599465466,5.198802085330643,2.8456995837334147,55.239126350848665,55.1895650700314,0.2
33,19,4,8.084759086319174,8.298242131312445,3.842154739572197,55.239126350848665,55.1895650700314,0.2
33,19,5,6.527668036811376,7.316812127395517,3.50953142728646,55.239126350848665,55.1895650700314,0.2
33,19,6,12.628694543749964,12.267228182746642,5.719813556199518,55.239126350848665,55.1895650700314,0.2
33,19,7,8.991517059431084,8.83377353784771,4.178664487855763,55.239126350848665,55.1895650700314,0.2
33,19,8,21.22785768713915,19.97352675877734,9.680761420131898,55.239126350848665,55.1895650700314,0.2
33,19,9,14.558976764809263,13.972236176396613,6.598905985884962,55.239126350848665,55.1895650700314,0.2
33,20,0,7.705332430439327,7.953775013704179,4.017077575481991,56.016730871552234,55.1895650700314,0.2
33,20,1,10.9436986097341,11.242232406907627,5.292282957463241,56.016730871552234,55.1895650700314,0.2
33,20,2,5.703792311072994,5.892299253455877,2.7858333759191805,56.016730871552234,55.1895650700314,0.2
33,20,3,5.7567779970810165,5.936311296480459,3.1226148312841437,56.016730871552234,55.1895650700314,0.2
33,20,4,7.772581474370353,8.0068769440337,3.7472165159070654,56.016730871552234,55.1895650700314,0.2
33,20,5,7.099692959915653,7.303463197961869,3.5050482012351027,56.016730871552234,55.1895650700314,0.2
33,20,6,11.571037581042068,11.893747816075384,5.597350080532991,56.016730871552234,55.1895650700314,0.2
33,20,7,8.453332150160447,8.754461075338224,4.152366804544634,56.016730871552234,55.1895650700314,0.2
33,20,8,19.583934529480842,20.09902851846898,9.723301099087019,56.016730871552234,55.1895650700314,0.2
33,20,9,13.349419243513347,13.721086147880834,6.515649922420299,56.016730871552234,55.1895650700314,0.2
34,0,0,2.0,2.0,1.5132632702868771,18.395795486081884,18.395795486081884,0.0
34,0,1,2.0,2.0,1.5532652126906863,18.395795486081884,18.395795486081884,0.0
34,0,2,2.0,2.0,1.4804439114957137,18.395795486081884,18.395795486081884,0.0
34,0,3,2.0,2.0,1.6532040891840103,18.395795486081884,18.395795486081884,0.0
34,0,4,2.0,2.0,1.451129653380334,18.395795486081884,18.395795486081884,0.0
34,0,5,2.0,2.0,1.497400924083041,18.395795486081884,18.395795486081884,0.0
34,0,6,2.0,2.0,1.641548609127818,18.395795486081884,18.395795486081884,0.0
34,0,7,2.0,2.0,1.4829003842240454,18.395795486081884,18.395795486081884,0.0
34,0,8,2.0,2.0,1.5841935437177246,18.395795486081884,18.395795486081884,0.0
34,0,9,2.0,2.0,1.482210926630325,18.395795486081884,18.395795486081884,0.0
34,1,0,3.061293169516257,3.7355571196213466,2.3433775293413337,18.395795486081884,28.205536438444657,0.0
34,1,1,3.1422160832303714,3.8430971544506547,2.453587629746541,18.395795486081884,28.205536438444657,0.0
34,1,2,2.994900440063275,2.935598440272427,1.936683333065795,18.395795486081884,28.205536438444657,0.0
34,1,3,3.344389892629804,4.111769864150634,2.7379507593704417,18.395795486081884,28.205536438444657,0.0
34,1,4,2.9355984402724276,3.2711155302082418,2.047728326389721,18.395795486081884,28.205536438444657,0.0
34,1,5,3.029204045938243,3.692913258830412,2.300252305279371,18.395795486081884,28.205536438444657,0.0
34,1,6,3.3208111524435773,4.080435617464758,2.704128474872518,18.395795486081884,28.205536438444657,0.0
34,1,7,2.99986982201551,3.653930437802907,2.2611177192371437,18.395795486081884,28.205536438444657,0.0
34,1,8,3.204783311535371,3.9262439617302767,2.540220047086391,18.395795486081884,28.205536438444657,0.0
34,1,9,2.9984750668108013,3.6520769204688346,2.259263857752746,18.395795486081884,28.205536438444657,0.0
34,2,0,4.740593236503083,6.907078692013406,3.60329299048611,30.57895049083396,41.89956503111325,0.2
34,2,1,4.963545471059204,7.003742012076168,3.734699959344677,30.57895049083396,41.89956503111325,0.2
34,2,2,3.917861204617986,5.924631437634902,3.1661675854991955,30.57895049083396,41.89956503111325,0.2
34,2,3,5.5388048614591865,7.737656839430747,4.262183067791774,30.57895049083396,41.89956503111325,0.2
34,2,4,4.142502406348249,6.205407005961954,3.2057113147590384,30.57895049083396,41.89956503111325,0.2
34,2,5,4.653352003303974,6.68772869683489,3.485877751456118,30.57895049083396,41.89956503111325,0.2
34,2,6,5.470383238768708,7.618851910192687,4.186541716040396,30.57895049083396,41.89956503111325,0.2
34,2,7,4.57418372948457,5.228627445881688,2.9057775863330115,30.57895049083396,41.89956503111325,0.2
34,2,8,5.1388006514818985,7.17713989593464,3.874835144663387,30.57895049083396,41.89956503111325,0.2
34,2,9,4.570433414776714,4.603632440890327,2.6568036716831824,30.57895049083396,41.89956503111325,0.2
34,3,0,7.289370221382419,10.649144145647446,4.878808682700136,45.70948169790391,55.26455574346459,0.2
34,3,1,7.555203182567887,10.706475445766305,5.026633098194663,45.70948169790391,55.26455574346459,0.2
34,3,2,6.405076627013486,9.481716252200382,4.400396691462449,45.70948169790391,55.26455574346459,0.2
34,3,3,8.622288116584807,12.036824219078271,5.807160330593212,45.70948169790391,55.26455574346459,0.2
34,3,4,6.4850725871727555,6.425844053603145,3.285007360828371,45.70948169790391,55.26455574346459,0.2
34,3,5,7.051842174348348,7.337413793096655,3.719608299616424,45.70948169790391,55.26455574346459,0.2
34,3,6,8.469267582751609,11.799693098553911,5.686463406861822,45.70948169790391,55.26455574346459,0.2
34,3,7,5.87831427078008,8.95031937393611,4.233289345146473,45.70948169790391,55.26455574346459,0.2
34,3,8,7.838693104016739,10.987211805406984,5.220456601252941,45.70948169790391,55.26455574346459,0.2
34,3,9,5.37464636363478,8.578245010522199,4.107408769049575,45.70948169790391,55.26455574346459,0.2
34,4,0,9.869706077578385,7.88845363857083,3.9544656580930524,56.04444919865887,60.28240240849736,0.2
34,4,1,10.168751116420397,12.583518866367577,5.628414744055685,56.04444919865887,60.28240240849736,0.2
34,4,2,8.901890767613876,6.8662987664076,3.5105636274228607,56.04444919865887,60.28240240849736,0.2
34,4,3,11.74773788764503,14.324269315123521,6.5592805736917414,56.04444919865887,60.28240240849736,0.2
34,4,4,6.645486474807573,9.427226143592074,4.295898063778891,56.04444919865887,60.28240240849736,0.2
34,4,5,7.5246731381599465,10.259027260561822,4.703178138996558,56.04444919865887,60.28240240849736,0.2
34,4,6,11.50357107579181,14.058248473567827,6.428129257584898,56.04444919865887,60.28240240849736,0.2
34,4,7,8.563836849371278,10.98417030338009,4.8857142310579,56.04444919865887,60.28240240849736,0.2
34,4,8,10.560851141349659,13.021928237768652,5.879764752278524,56.04444919865887,60.28240240849736,0.2
34,4,9,8.309183640411046,10.798455438824702,4.825498243210837,56.04444919865887,60.28240240849736,0.2
34,5,0,7.999783610628384,8.812772583601902,4.273387627756673,55.72021515190661,55.79810826935328,0.2
34,5,1,11.386140104963914,11.517071691074731,5.290102269305577,55.72021515190661,55.79810826935328,0.2
34,5,2,7.1017810745809475,8.313172589925685,4.013356315535554,55.72021515190661,55.79810826935328,0.2
34,5,3,13.269258040854027,13.258878740284421,6.2138423834174015,55.72021515190661,55.79810826935328,0.2
34,5,4,8.6904926973423,8.967633188967525,4.148200168879263,55.72021515190661,55.79810826935328,0.2
34,5,5,9.514409947450106,9.862157306137261,4.575066885643225,55.72021515190661,55.79810826935328,0.2
34,5,6,13.003942258693508,13.081810881674755,6.112238006112259,55.72021515190661,55.79810826935328,0.2
34,5,7,9.883675826553644,6.89583425772007,3.526969881028382,55.72021515190661,55.79810826935328,0.2
34,5,8,11.894614789071301,12.09417417550144,5.583295261351753,55.72021515190661,55.79810826935328,0.2
34,5,9,9.761860412202815,5.983783377542912,3.1920678761965897,55.72021515190661,55.79810826935328,0.2
34,6,0,8.644954656876555,8.49071362517714,4.1634603144060325,50.4474922193768,50.958003503267,0.2
34,6,1,10.701742559308618,5.125560651409273,3.001536180364569,50.4474922193768,50.958003503267,0.2
34,6,2,8.118917915224886,8.268928851530255,3.9983926446923883,50.4474922193768,50.958003503267,0.2
34,6,3,12.570445353636408,11.979552841667477,5.787805113209512,50.4474922193768,50.958003503267,0.2
34,6,4,8.391703606451031,6.076239921198882,3.158854770391176,50.4474922193768,50.958003503267,0.2
34,6,5,9.255244135043666,9.012406984979497,4.295420215154135,50.4474922193768,50.958003503267,0.2
34,6,6,12.364902278386706,11.867025881758078,5.709158144577862,50.4474922193768,50.958003503267,0.2
34,6,7,7.134970509021136,7.733090013653356,3.821537508357277,50.4474922193768,50.958003503267,0.2
34,6,8,11.294864537172286,10.965599390798634,5.213266242560193,50.4474922193768,50.958003503267,0.2
34,6,9,6.457472257408577,7.249690273095954,3.6510067041322687,50.4474922193768,50.958003503267,0.2
34,7,0,8.422574493351016,9.878781228688348,4.628985832579892,49.534157909658205,53.80801297752346,0.2
34,7,1,6.072031474909217,8.567713268877158,4.300610049826792,49.534157909658205,53.80801297752346,0.2
34,7,2,8.088646789081455,9.57542938190845,4.430795864459418,49.534157909658205,53.80801297752346,0.2
34,7,3,11.708582774364581,13.054677907261826,6.146696737468698,49.534157909658205,53.80801297752346,0.2
34,7,4,6.390282987744178,8.213883807354085,3.900939442593185,49.534157909658205,53.80801297752346,0.2
34,7,5,8.689526021708424,6.826969665739886,3.5365245810842567,49.534157909658205,53.80801297752346,0.2
34,7,6,11.549481953904184,12.906221784205753,6.05469313743628,49.534157909658205,53.80801297752346,0.2
34,7,7,7.7308733391556475,9.34288972536354,4.362423626205137,49.534157909658205,53.80801297752346,0.2
34,7,8,10.54630522829891,5.74576458633343,3.3161236949110333,49.534157909658205,53.80801297752346,0.2
34,7,9,7.385893852494902,9.062595037063208,4.268406919669873,49.534157909658205,53.80801297752346,0.2
34,8,0,9.364320795533443,13.359462126725068,5.718021385244029,57.34312732051542,63.63600765063569,0.2
34,8,1,8.700024925465804,12.671964199382542,5.656077804220934,57.34312732051542,63.63600765063569,0.2
34,8,2,8.963387522660948,8.964579148924312,4.2309889925966555,57.34312732051542,63.63600765063569,0.2
34,8,3,12.434611416910675,16.49312705998664,7.239650106321183,57.34312732051542,63.63600765063569,0.2
34,8,4,7.891501435862631,11.762434606959856,5.015719896824205,57.34312732051542,63.63600765063569,0.2
34,8,5,7.154299424611801,11.241035269809462,5.013967529774744,57.34312732051542,63.63600765063569,0.2
34,8,6,12.248490470291284,7.5092594200637155,4.144295613181793,57.34312732051542,63.63600765063569,0.2
34,8,7,8.825072220847874,12.49491942550511,5.346928819885961,57.34312732051542,63.63600765063569,0.2
34,8,8,6.7084340285201405,11.200138519975008,5.2910713472891135,57.34312732051542,63.63600765063569,0.2
34,8,9,8.634878810892014,12.42194405617402,5.322574044971176,57.34312732051542,63.63600765063569,0.2
34,9,0,11.567412064707685,16.93383160571934,6.750285784730505,69.93188854577019,74.70175276815256,0.2
34,9,1,11.442101773230496,16.47184436915147,6.79585619032998,69.93188854577019,74.70175276815256,0.2
34,9,2,8.559183294575819,13.58782644875653,5.660775806391353,69.93188854577019,74.70175276815256,0.2
34,9,3,14.645628328748892,20.11834869526405,8.319938301337924,69.93188854577019,74.70175276815256,0.2
34,9,4,10.146673987166738,15.214478036110366,6.005721101513893,69.93188854577019,74.70175276815256,0.2
34,9,5,10.143128993123513,15.17227970887331,6.185184917965783,69.93188854577019,74.70175276815256,0.2
34,9,6,8.383804789423383,14.19982233682587,6.473375323962302,69.93188854577019,74.70175276815256,0.2
34,9,7,10.81670122813689,11.284200029299598,4.978752345238944,69.93188854577019,74.70175276815256,0.2
34,9,8,10.703702979461527,15.809196314751734,6.734790595454272,69.93188854577019,74.70175276815256,0.2
34,9,9,10.767432136924757,9.906178364385108,4.5427968280723405,69.93188854577019,74.70175276815256,0.2
34,10,0,13.655656732592663,10.004600097523928,4.670176645882707,77.78035008772407,77.27295175853638,0.2
34,10,1,13.747844505951695,17.87140328171506,7.195080833493223,77.78035008772407,77.27295175853638,0.2
34,10,2,11.451605712324946,15.564810824381652,6.225462965462642,77.78035008772407,77.27295175853638,0.2
34,10,3,16.831023915523993,21.187036110456614,8.626897114569067,77.78035008772407,77.27295175853638,0.2
34,10,4,12.149421285166552,11.522885812227958,4.943995885430284,77.78035008772407,77.27295175853638,0.2
34,10,5,12.512472028726423,16.571649481586608,6.5792004281220935,77.78035008772407,77.27295175853638,0.2
34,10,6,13.095473902042235,17.90433023750278,7.613834041021477,77.78035008772407,77.27295175853638,0.2
34,10,7,10.071889569026299,14.490509414392989,5.9312951828042815,77.78035008772407,77.27295175853638,0.2
34,10,8,13.624310358155977,17.910411477809735,7.349556561375899,77.78035008772407,77.27295175853638,0.2
34,10,9,9.18996262801091,13.928290433877384,5.766568873579157,77.78035008772407,77.27295175853638,0.2
34,11,0,9.447648764887262,11.660670576784254,5.198762319901396,73.0691400527984,68.88652978160866,0.2
34,11,1,14.555465821564884,15.482097893674808,6.5073697668148025,73.0691400527984,68.88652978160866,0.2
34,11,2,12.593953496032643,8.257075572878247,3.994379672510407,73.0691400527984,68.88652978160866,0.2
34,11,3,17.451993800089532,18.185198965760414,7.751899146167506,73.0691400527984,68.88652978160866,0.2
34,11,4,10.001578133403703,11.539071361593525,4.948856048810359,73.0691400527984,68.88652978160866,0.2
34,11,5,13.309555400542031,9.457928148800198,4.442979476583252,73.0691400527984,68.88652978160866,0.2
34,11,6,15.402592926999912,16.68147462672117,7.245975444898826,73.0691400527984,68.88652978160866,0.2
34,11,7,11.99885954151337,13.224149403405328,5.563503988705793,73.0691400527984,68.88652978160866,0.2
34,11,8,14.867966296471431,15.980770430095141,6.785871649384726,73.0691400527984,68.88652978160866,0.2
34,11,9,11.665622400843926,12.907057492298303,5.467239317906772,73.0691400527984,68.88652978160866,0.2
34,12,0,10.51696416105808,10.410913442578636,4.80214953061064,61.997944267121454,58.78177155364893,0.2
34,12,1,13.164243796712407,6.39968779784784,3.506192612443959,61.997944267121454,58.78177155364893,0.2
34,12,2,8.080528648258657,9.165280036953277,4.297075442765745,61.997944267121454,58.78177155364893,0.2
34,12,3,15.68189512882495,14.86231365235296,6.730788894976216,61.997944267121454,58.78177155364893,0.2
34,12,4,10.011410120507529,9.800978143465684,4.414421663347513,61.997944267121454,58.78177155364893,0.2
34,12,5,8.988034660609165,9.696298647157306,4.5210705922563905,61.997944267121454,58.78177155364893,0.2
34,12,6,14.658424328072226,14.20495118115595,6.475011921556849,61.997944267121454,58.78177155364893,0.2
34,12,7,11.25482729516903,7.563064960075144,3.762525588310817,61.997944267121454,58.78177155364893,0.2
34,12,8,13.727646033156761,13.360214506790166,5.986274724854934,61.997944267121454,58.78177155364893,0.2
34,12,9,11.060086310590119,10.775897205755468,4.818439622751987,61.997944267121454,58.78177155364893,0.2
34,13,0,9.714626559506165,10.313473517787695,4.770643507363834,55.62770088487129,56.94051854681915,0.2
34,13,1,7.092938622271755,8.941416141228848,4.431074320002325,55.62770088487129,56.94051854681915,0.2
34,13,2,8.692874505135538,9.611287852170701,4.4424041920218675,55.62770088487129,56.94051854681915,0.2
34,13,3,13.616215019703997,14.004717016956201,6.456505276944363,55.62770088487129,56.94051854681915,0.2
34,13,4,8.930262929601435,6.361052610297074,3.261786351590848,55.62770088487129,56.94051854681915,0.2
34,13,5,9.14601100464926,9.973588214671588,4.611190911339024,55.62770088487129,56.94051854681915,0.2
34,13,6,13.098784697417901,13.605699643077678,6.282570432033508,55.62770088487129,56.94051854681915,0.2
34,13,7,7.61149372339056,8.923348505049338,4.22435569550455,55.62770088487129,56.94051854681915,0.2
34,13,8,12.110081758987063,12.66069900731874,5.765110301840765,55.62770088487129,56.94051854681915,0.2
34,13,9,9.747581002254016,7.212635250877972,3.6379338060378994,55.62770088487129,56.94051854681915,0.2
34,14,0,9.650890674509904,13.530712479803004,5.76923141953597,59.33297144213809,64.05962050105042,0.2
34,14,1,8.96395083115343,13.020458120837816,5.764518062510066,59.33297144213809,64.05962050105042,0.2
34,14,2,8.986870874549677,12.676108460239885,5.3921395559179714,59.33297144213809,64.05962050105042,0.2
34,14,3,13.061346225305824,7.251304422069778,4.072834571003904,59.33297144213809,64.05962050105042,0.2
34,14,4,6.598510962770842,10.884681925295403,4.750685051592561,59.33297144213809,64.05962050105042,0.2
34,14,5,9.328322121729366,13.066117600266875,5.570827281115148,59.33297144213809,64.05962050105042,0.2
34,14,6,12.709480450776368,16.55487872562517,7.207438628587401,59.33297144213809,64.05962050105042,0.2
34,14,7,8.545764302997714,12.319519805196046,5.294276593586575,59.33297144213809,64.05962050105042,0.2
34,14,8,11.662671747254649,8.78244625173533,4.462909626180171,59.33297144213809,64.05962050105042,0.2
34,14,9,7.35944771160992,11.510980953322424,5.0462370540039,59.33297144213809,64.05962050105042,0.2
34,15,0,11.671008663704564,17.122817811293924,6.80293245781774,70.40541362818666,74.83130694992394,0.2
34,15,1,11.661473662127372,16.77011542892182,6.88176526902966,70.40541362818666,74.83130694992394,0.2
34,15,2,10.908161399094032,11.205944372290757,4.9463504713008835,70.40541362818666,74.83130694992394,0.2
34,15,3,8.239240915706807,14.367846389840313,6.573242388681397,70.40541362818666,74.83130694992394,0.2
34,15,4,9.610515225289422,14.788704490184536,5.887573088786822,70.40541362818666,74.83130694992394,0.2
34,15,5,11.26964212975289,9.779637302900047,4.548236338845699,70.40541362818666,74.83130694992394,0.2
34,15,6,14.580465327239077,19.984681020856836,8.222820407886145,70.40541362818666,74.83130694992394,0.2
34,15,7,10.710187111330516,15.586724949974183,6.241937142910772,70.40541362818666,74.83130694992394,0.2
34,15,8,9.028352847157706,14.442995037993889,6.321895685495707,70.40541362818666,74.83130694992394,0.2
34,15,9,10.208409421219494,15.281708508575276,6.153317883703686,70.40541362818666,74.83130694992394,0.2
34,16,0,13.76215961539187,10.464803030397233,4.8195360706832036,79.69749584718396,79.82452022846746,0.2
34,16,1,13.921636390673056,18.85313089168378,7.469526230917389,79.69749584718396,79.82452022846746,0.2
34,16,2,10.006341400829958,15.198453203477504,6.122524542629577,79.69749584718396,79.82452022846746,0.2
34,16,3,13.297502438045917,19.026302546563446,8.001171010155403,79.69749584718396,79.82452022846746,0.2
34,16,4,11.910410855550603,16.788175635398726,6.434098018658629,79.69749584718396,79.82452022846746,0.2
34,16,5,9.200966620179992,14.777875271213452,6.072192031061216,79.69749584718396,79.82452022846746,0.2
34,16,6,16.63455688318442,21.81040424840775,8.741729245626477,79.69749584718396,79.82452022846746,0.2
34,16,7,12.62728033868164,12.115800243091023,5.232839974775234,79.69749584718396,79.82452022846746,0.2
34,16,8,12.789034439944755,17.993767800542706,7.37348362912267,79.69749584718396,79.82452022846746,0.2
34,16,9,12.448005827613379,17.284281526130158,6.707256971756985,79.69749584718396,79.82452022846746,0.2
34,17,0,9.74979908857678,12.794828148008559,5.547759350390678,77.52634581597012,73.32289559741106,0.2
34,17,1,15.110661891565643,16.86983150344463,6.910383348705408,77.52634581597012,73.32289559741106,0.2
34,17,2,12.385711680555357,14.346432265808353,5.880194612356136,77.52634581597012,73.32289559741106,0.2
34,17,3,16.18616577991534,18.335780929549447,7.7967760847608325,77.52634581597012,73.32289559741106,0.2
34,17,4,13.016016910780994,10.350767632613463,4.586337508254212,77.52634581597012,73.32289559741106,0.2
34,17,5,12.28389028774536,14.378890902141574,5.956962577999734,77.52634581597012,73.32289559741106,0.2
34,17,6,17.684296285287896,19.433190960767213,8.063315132175623,77.52634581597012,73.32289559741106,0.2
34,17,7,10.585902391534416,13.188447331076395,5.552985625424115,77.52634581597012,73.32289559741106,0.2
34,17,8,14.916370146943436,16.979951404372127,7.08015478311546,77.52634581597012,73.32289559741106,0.2
34,17,9,13.568610536577307,9.099581157771565,4.280593576636136,77.52634581597012,73.32289559741106,0.2
34,18,0,11.222976291660945,11.212557095626106,5.058092431571954,66.2736508049413,61.82138262595821,0.2
34,18,1,13.979530039158577,6.868819245568598,3.6841905174171257,66.2736508049413,61.82138262595821,0.2
34,18,2,11.895484385092882,8.113336647985697,3.945577777762494,66.2736508049413,61.82138262595821,0.2
34,18,3,15.772680036039743,15.323529313159874,6.876328823185963,66.2736508049413,61.82138262595821,0.2
34,18,4,9.278044318390926,9.781592577669123,4.408307882652733,66.2736508049413,61.82138262595821,0.2
34,18,5,12.05078403022195,11.860855585014075,5.205929859642016,66.2736508049413,61.82138262595821,0.2
34,18,6,16.31188176073738,15.716923957932739,6.950083732672978,66.2736508049413,61.82138262595821,0.2
34,18,7,11.233548913342853,11.397374380092876,5.013653900089536,66.2736508049413,61.82138262595821,0.2
34,18,8,14.322973339966335,14.132560478862386,6.2264691249189825,66.2736508049413,61.82138262595821,0.2
34,18,9,8.659532108479144,9.829972098643516,4.518305720844958,66.2736508049413,61.82138262595821,0.2
34,19,0,10.232392548996222,10.369033682617399,4.78861910369356,57.178675632969544,57.01009957592537,0.2
34,19,1,7.453023864134037,9.130504761672386,4.496462439297256,57.178675632969544,57.01009957592537,0.2
34,19,2,7.981803654409493,8.998139061295712,4.242070205513888,57.178675632969544,57.01009957592537,0.2
34,19,3,13.910638598778853,13.871085999368226,6.4133183580802555,57.178675632969544,57.01009957592537,0.2
34,19,4,8.917894906503046,9.250826130127498,4.23947016033288,57.178675632969544,57.01009957592537,0.2
34,19,5,10.531463911948114,7.318483824080518,3.7128882827660874,57.178675632969544,57.01009957592537,0.2
34,19,6,14.05984290781365,13.997003170966972,6.408513347688931,57.178675632969544,57.01009957592537,0.2
34,19,7,10.142494528234328,6.37667372888481,3.338926954676284,57.178675632969544,57.01009957592537,0.2
34,19,8,12.595988931063426,12.738545766538442,5.789901004841028,57.178675632969544,57.01009957592537,0.2
34,19,9,9.140417739992275,9.67283655445074,4.467624954783556,57.178675632969544,57.01009957592537,0.2
34,20,0,9.687254849430863,10.02357503307096,4.676375172257137,57.86455104063005,57.01009957592537,0.2
34,20,1,9.096229336087433,9.358400846657226,4.574733181068011,57.86455104063005,57.01009957592537,0.2
34,20,2,8.581600306922288,8.849144146563717,4.1927778265336,57.86455104063005,57.01009957592537,0.2
34,20,3,12.973980185088589,13.340968782288787,6.24074778726709,57.86455104063005,57.01009957592537,0.2
34,20,4,8.57634048154402,8.878993832748563,4.119455804874562,57.86455104063005,57.01009957592537,0.2
34,20,5,7.5110787147130145,7.74886657940766,3.8644156132983305,57.86455104063005,57.01009957592537,0.2
34,20,6,12.964259771080506,13.320883161841838,6.190216861219734,57.86455104063005,57.01009957592537,0.2
34,20,7,6.75456444398237,6.959323078830881,3.5496691795628346,57.86455104063005,57.01009957592537,0.2
34,20,8,11.71282270991419,12.031798219075682,5.563122458726466,57.86455104063005,57.01009957592537,0.2
34,20,9,9.037891837186079,9.329252743979655,4.355939255468297,57.86455104063005,57.01009957592537,0.2
35,0,0,2.0,2.0,1.382851418357311,18.297002380004447,18.297002380004447,0.0
35,0,1,2.0,2.0,1.4231041943399334,18.297002380004447,18.297002380004447,0.0
35,0,2,2.0,2.0,1.550592097422371,18.297002380004447,18.297002380004447,0.0
35,0,3,2.0,2.0,1.5137521707010164,18.297002380004447,18.297002380004447,0.0
35,0,4,2.0,2.0,1.5639386945338942,18.297002380004447,18.297002380004447,0.0
35,0,5,2.0,2.0,1.5004019061263318,18.297002380004447,18.297002380004447,0.0
35,0,6,2.0,2.0,1.4989541333756031,18.297002380004447,18.297002380004447,0.0
35,0,7,2.0,2.0,1.5991776652046386,18.297002380004447,18.297002380004447,0.0
35,0,8,2.0,2.0,1.6811171502434326,18.297002380004447,18.297002380004447,0.0
35,0,9,2.0,2.0,1.7941098531646653,18.297002380004447,18.297002380004447,0.0
35,1,0,2.7974733046091664,3.0873610843027315,1.8739833177285252,18.297002380004447,28.155383107219166,0.0
35,1,1,2.878903648283806,2.7974733046091678,1.7999144655541177,18.297002380004447,28.155383107219166,0.0
35,1,2,3.1368084389209496,3.7871171525446536,2.4243353119589046,18.297002380004447,28.155383107219166,0.0
35,1,3,3.0622822026394187,3.68978867462981,2.3239930632345946,18.297002380004447,28.155383107219166,0.0
35,1,4,3.1638082659675986,3.822377917095908,2.461117023139856,18.297002380004447,28.155383107219166,0.0
35,1,5,3.0352749564079224,3.654518220900559,2.288061546407651,18.297002380004447,28.155383107219166,0.0
35,1,6,3.0323461488964725,3.6506933078039383,2.28417877601527,18.297002380004447,28.155383107219166,0.0
35,1,7,3.235095808811801,3.9154767824821213,2.5593222705301786,18.297002380004447,28.155383107219166,0.0
35,1,8,3.4008573063570275,4.131955100158282,2.7937394296191145,18.297002380004447,28.155383107219166,0.0
35,1,9,3.629438675144479,4.430473820729808,3.130712279339004,18.297002380004447,28.155383107219166,0.0
35,2,0,3.7910206657313443,4.836621713382522,2.5658662090717486,30.524576902306702,41.66176167415398,0.2
35,2,1,3.6411812586118955,5.374512337136751,2.842844117792424,30.524576902306702,41.66176167415398,0.2
35,2,2,4.904368774978531,6.880030022935299,3.6820510260127364,30.524576902306702,41.66176167415398,0.2
35,2,3,4.701378953798639,6.573467375487118,3.481688718275039,30.524576902306702,41.66176167415398,0.2
35,2,4,4.978777242700094,6.982521965917873,3.752384604326474,30.524576902306702,41.66176167415398,0.2
35,2,5,4.628690407666261,6.544812236624206,3.4404451974183647,30.524576902306702,41.66176167415398,0.2
35,2,6,4.620835661757612,4.23720297493756,2.535261930128418,30.524576902306702,41.66176167415398,0.2
35,2,7,5.177443964446175,7.13881927114704,3.8968544936886755,30.524576902306702,41.66176167415398,0.2
35,2,8,5.651663924731289,7.77291880579987,4.34796333920216,30.524576902306702,41.66176167415398,0.2
35,2,9,6.333351442967535,8.586961691999305,4.97525909365287,30.524576902306702,41.66176167415398,0.2
35,3,0,5.190682185945627,7.89123880592705,3.6145659481161694,45.45005494288728,55.05161306926624,0.2
35,3,1,5.751001461991201,7.016209561996423,3.4260010222538524,45.45005494288728,55.05161306926624,0.2
35,3,2,7.448695727351034,10.505350735502578,4.951809843912215,45.45005494288728,55.05161306926624,0.2
35,3,3,7.043367866595088,9.929256499013634,4.647030178196662,45.45005494288728,55.05161306926624,0.2
35,3,4,7.590978770300107,10.694438521407431,5.057190573546328,45.45005494288728,55.05161306926624,0.2
35,3,5,6.959933271198213,6.086589048574388,3.2700048471974297,45.45005494288728,55.05161306926624,0.2
35,3,6,5.128770506777317,8.132822871730326,4.001623885473824,45.45005494288728,55.05161306926624,0.2
35,3,7,7.883237687957862,10.917182289725853,5.24629988829604,45.45005494288728,55.05161306926624,0.2
35,3,8,8.795819427430725,12.097363108722186,5.925984118508527,45.45005494288728,55.05161306926624,0.2
35,3,9,10.064822809771764,13.591540369848024,6.86145327053329,45.45005494288728,55.05161306926624,0.2
35,4,0,7.3121751284139656,7.824345309681923,3.593090273770727,55.8285014772706,60.67527716947726,0.2
35,4,1,6.930713071621152,9.111294985894663,4.11359732566744,55.8285014772706,60.67527716947726,0.2
35,4,2,10.017385572992904,12.156363441738423,5.484526539474864,55.8285014772706,60.67527716947726,0.2
35,4,3,9.400824048516338,6.810394988865408,3.5690644667872515,55.8285014772706,60.67527716947726,0.2
35,4,4,10.23056811311125,12.389919963328786,5.605917196853565,55.8285014772706,60.67527716947726,0.2
35,4,5,6.615136770690807,9.214077748116805,4.371222579293377,55.8285014772706,60.67527716947726,0.2
35,4,6,8.095183507131445,10.354533434707783,4.738694614014799,55.8285014772706,60.67527716947726,0.2
35,4,7,10.613131454799602,12.812628367827026,5.868437442046315,55.8285014772706,60.67527716947726,0.2
35,4,8,11.988115393306845,14.308689852378524,6.664949926450995,55.8285014772706,60.67527716947726,0.2
35,4,9,13.880545733497208,16.35416195068862,7.810302238186179,55.8285014772706,60.67527716947726,0.2
35,5,0,7.268730384544649,8.172618576203131,3.704310510106728,56.083357052941196,56.54439709330747,0.2
35,5,1,8.321702933303051,9.143274317367332,4.1236987061662,56.083357052941196,56.54439709330747,0.2
35,5,2,11.095057920848177,7.150056991393932,3.782624417934924,56.083357052941196,56.54439709330747,0.2
35,5,3,7.220126787104073,8.912985528338702,4.308737365363284,56.083357052941196,56.54439709330747,0.2
35,5,4,11.340628138253944,6.072965319292012,3.403135870748045,56.083357052941196,56.54439709330747,0.2
35,5,5,8.842872279513685,9.69839577768249,4.530817219619129,56.083357052941196,56.54439709330747,0.2
35,5,6,9.58625887454263,10.192353174278393,4.686617089650587,56.083357052941196,56.54439709330747,0.2
35,5,7,11.871699928105782,12.334463823179533,5.714258875524571,56.083357052941196,56.54439709330747,0.2
35,5,8,13.483024458225525,13.753397139963713,6.482820106012435,56.083357052941196,56.54439709330747,0.2
35,5,9,15.800043100949786,15.985292504214918,7.686567505879528,56.083357052941196,56.54439709330747,0.2
35,6,0,7.493726098438397,5.535938595305921,2.820255192558643,51.12221759641103,52.45220840102797,0.2
35,6,1,8.342137769547824,6.166874879806529,3.130122235405629,51.12221759641103,52.45220840102797,0.2
35,6,2,7.652153145350816,7.901654357164825,4.056758820966007,51.12221759641103,52.45220840102797,0.2
35,6,3,8.716466278419313,8.559873242540823,4.18852310475242,51.12221759641103,52.45220840102797,0.2
35,6,4,6.884457450739392,7.463379651575626,3.9314576511560366,51.12221759641103,52.45220840102797,0.2
35,6,5,9.1657281843081,8.696528438604055,4.197867777816708,51.12221759641103,52.45220840102797,0.2
35,6,6,9.480907365157712,8.941413108363024,4.276137478620026,51.12221759641103,52.45220840102797,0.2
35,6,7,11.559800603086583,10.874957043207216,5.232087564381372,51.12221759641103,52.45220840102797,0.2
35,6,8,13.114580456298427,12.151549030134978,5.94455202525227,51.12221759641103,52.45220840102797,0.2
35,6,9,15.549730879487843,14.357445871689979,7.129877459099036,51.12221759641103,52.45220840102797,0.2
35,7,0,5.705304639843541,7.547953416624685,3.5037650024812628,50.986612406827255,54.82106386630969,0.2
35,7,1,6.332157799073295,8.174673106574526,3.812808367539507,50.986612406827255,54.82106386630969,0.2
35,7,2,8.206720081591445,9.971247200981477,4.774206585430996,50.986612406827255,54.82106386630969,0.2
35,7,3,8.473275881802655,10.042486268647053,4.6840622118685555,50.986612406827255,54.82106386630969,0.2
35,7,4,7.9532389968368165,9.842472554552778,4.771684016338758,50.986612406827255,54.82106386630969,0.2
35,7,5,8.49217991812255,9.964268547045064,4.617409656222126,50.986612406827255,54.82106386630969,0.2
35,7,6,8.650517535346191,6.464371263106424,3.4074991074933605,50.986612406827255,54.82106386630969,0.2
35,7,7,10.584380284413582,5.358780035825324,3.188026113973081,50.986612406827255,54.82106386630969,0.2
35,7,8,12.02567779715483,13.426352217577584,6.374521744925853,50.986612406827255,54.82106386630969,0.2
35,7,9,14.423561050873861,15.805382298048073,7.625907582913649,50.986612406827255,54.82106386630969,0.2
35,8,0,7.0880276289614885,10.128171242650005,4.304535039941526,58.42273429507692,64.37271618528682,0.2
35,8,1,7.713214508940256,7.231710386959516,3.4993261276581715,58.42273429507692,64.37271618528682,0.2
35,8,2,9.658098690962579,13.08999971116948,5.7760948360138435,58.42273429507692,64.37271618528682,0.2
35,8,3,9.475738912280642,12.707652895237596,5.523056964910994,58.42273429507692,64.37271618528682,0.2
35,8,4,9.652995597744546,13.146667748338276,5.843455069758195,58.42273429507692,64.37271618528682,0.2
35,8,5,9.340902484715372,8.192933311082307,4.026189427738301,58.42273429507692,64.37271618528682,0.2
35,8,6,6.8932841678795524,10.41295811607358,4.7573952229760135,58.42273429507692,64.37271618528682,0.2
35,8,7,6.449295875062833,10.400912165262625,5.071374923138375,58.42273429507692,64.37271618528682,0.2
35,8,8,12.895495621839116,16.57532153576934,7.387548668904152,58.42273429507692,64.37271618528682,0.2
35,8,9,15.427017395664485,19.377189590883535,8.7949137815078,58.42273429507692,64.37271618528682,0.2
35,9,0,8.707965080800689,9.81804563485316,4.2118418446314925,70.74148394683282,74.58758658712378,0.2
35,9,1,7.079047897910662,11.51821922612566,4.847138618191893,70.74148394683282,74.58758658712378,0.2
35,9,2,11.684893180956657,16.5941226902598,6.81937506146208,70.74148394683282,74.58758658712378,0.2
35,9,3,11.173003993102888,8.441461806306334,4.147879620568511,70.74148394683282,74.58758658712378,0.2
35,9,4,11.821161223343962,16.812507452522226,6.941310486073974,70.74148394683282,74.58758658712378,0.2
35,9,5,8.144878975339996,13.053052319370593,5.578084197626452,70.74148394683282,74.58758658712378,0.2
35,9,6,9.624089731606853,14.344755074469578,5.9532283774790296,70.74148394683282,74.58758658712378,0.2
35,9,7,10.25926269215296,15.224719587759656,6.621558653381707,70.74148394683282,74.58758658712378,0.2
35,9,8,14.944823365268007,20.305273859512276,8.515363224743908,70.74148394683282,74.58758658712378,0.2
35,9,9,17.791887250861603,23.58732854743904,10.092602384779054,70.74148394683282,74.58758658712378,0.2
35,10,0,8.520449100445568,12.800314266634711,5.071179289873499,77.66147890733616,76.90676027755826,0.2
35,10,1,9.805638341275737,13.914009666686193,5.532638725120706,77.66147890733616,76.90676027755826,0.2
35,10,2,13.795422585037551,10.72821928781656,5.025114001039837,77.66147890733616,76.90676027755826,0.2
35,10,3,8.39105514535806,13.748155852122167,5.8358604016968885,77.66147890733616,76.90676027755826,0.2
35,10,4,14.042094852722798,9.066491110538685,4.50511826312244,77.66147890733616,76.90676027755826,0.2
35,10,5,11.28432268758047,15.728241426385338,6.355690304720055,77.66147890733616,76.90676027755826,0.2
35,10,6,12.043229837391067,16.289444413730134,6.507313611393994,77.66147890733616,76.90676027755826,0.2
35,10,7,13.395245014640377,17.991954911475755,7.442700902668847,77.66147890733616,76.90676027755826,0.2
35,10,8,17.226363573151815,21.850120775036153,8.963851869010533,77.66147890733616,76.90676027755826,0.2
35,10,9,20.417078343089905,25.3549299651339,10.616264372882396,77.66147890733616,76.90676027755826,0.2
35,11,0,10.25886693102583,9.100477559808134,3.993920820107532,72.7228701614483,69.42907842383151,0.2
35,11,1,11.192387650697627,8.100959254660564,3.788708699307597,72.7228701614483,69.42907842383151,0.2
35,11,2,10.165678021450596,11.771266408927808,5.36232091670719,72.7228701614483,69.42907842383151,0.2
35,11,3,11.805797402707242,12.747363711699286,5.53513281436852,72.7228701614483,69.42907842383151,0.2
35,11,4,9.11373984788856,11.181122902851373,5.217212460959411,72.7228701614483,69.42907842383151,0.2
35,11,5,12.857400096489295,13.32789484940498,5.660042609715317,72.7228701614483,69.42907842383151,0.2
35,11,6,13.164130195722063,13.572658713339743,5.727074033587429,72.7228701614483,69.42907842383151,0.2
35,11,7,15.056394933694046,15.614756894593175,6.739852273576534,72.7228701614483,69.42907842383151,0.2
35,11,8,18.13364471203702,18.29844408778052,7.917113956669597,72.7228701614483,69.42907842383151,0.2
35,11,9,21.47643324768107,21.52587171784726,9.466742359714234,72.7228701614483,69.42907842383151,0.2
35,12,0,8.079600401499272,8.39551387225685,3.774745021579129,62.486238576464274,59.48786226994199,0.2
35,12,1,7.664461492069657,8.55879926271236,3.9373560577600184,62.486238576464274,59.48786226994199,0.2
35,12,2,10.847839049154928,10.893054396243663,5.079036571254879,62.486238576464274,59.48786226994199,0.2
35,12,3,11.197433129913579,11.048897515589054,5.007916092325943,62.486238576464274,59.48786226994199,0.2
35,12,4,10.554288327914257,10.761840259332832,5.079480612070307,62.486238576464274,59.48786226994199,0.2
35,12,5,11.450122474067378,6.173528816632127,3.302630946382141,62.486238576464274,59.48786226994199,0.2
35,12,6,11.585725342432603,7.166050485409553,3.662378716713424,62.486238576464274,59.48786226994199,0.2
35,12,7,13.634550004466186,13.136765967096466,5.971970348401419,62.486238576464274,59.48786226994199,0.2
35,12,8,16.016120495173194,15.02360132189097,6.896342417462188,62.486238576464274,59.48786226994199,0.2
35,12,9,19.150979404839067,17.83702029243377,8.299532861590471,62.486238576464274,59.48786226994199,0.2
35,13,0,7.636213326604451,6.887303759789561,3.286162148031268,56.295904685562924,57.757886166812426,0.2
35,13,1,7.96517132361851,8.849175073943044,4.030395384812651,56.295904685562924,57.757886166812426,0.2
35,13,2,10.274762011740519,10.912397072927124,5.08534804351709,56.295904685562924,57.757886166812426,0.2
35,13,3,10.130887088828656,5.9313114487104155,3.2399573428169726,56.295904685562924,57.757886166812426,0.2
35,13,4,10.275660295034607,10.953385593249068,5.1425981769197335,56.295904685562924,57.757886166812426,0.2
35,13,5,6.681138540867376,8.234820070527482,4.040587261098705,56.295904685562924,57.757886166812426,0.2
35,13,6,7.408899145177213,8.70863486002245,4.197903048216389,56.295904685562924,57.757886166812426,0.2
35,13,7,12.081144368652442,12.562907585417712,5.788137429862981,56.295904685562924,57.757886166812426,0.2
35,13,8,13.951125591794723,14.251347167331076,6.646241617675879,56.295904685562924,57.757886166812426,0.2
35,13,9,16.789744229069953,16.94886365124824,8.008043885990022,56.295904685562924,57.757886166812426,0.2
35,14,0,6.6478225799955375,9.715783511633125,4.181085060467837,60.18468215522044,64.87444562674648,0.2
35,14,1,8.15338751969959,8.427079008649336,3.8948402342559443,60.18468215522044,64.87444562674648,0.2
35,14,2,10.287529959859839,13.493017025523208,5.9000123015018335,60.18468215522044,64.87444562674648,0.2
35,14,3,6.554351432325022,10.263684898804023,4.756046579008252,60.18468215522044,64.87444562674648,0.2
35,14,4,10.403345525981512,13.6608621430911,6.002517074656677,60.18468215522044,64.87444562674648,0.2
35,14,5,8.174005426624099,11.488748127099798,5.10126055131359,60.18468215522044,64.87444562674648,0.2
35,14,6,8.492251269245484,11.724858891842178,5.169430303625422,60.18468215522044,64.87444562674648,0.2
35,14,7,11.709255042516038,7.092246068359327,3.8790410477201993,60.18468215522044,64.87444562674648,0.2
35,14,8,13.445178024633304,16.82481398920913,7.465212451814294,60.18468215522044,64.87444562674648,0.2
35,14,9,16.20006943320593,19.786177076052173,8.924447897380192,60.18468215522044,64.87444562674648,0.2
35,15,0,8.458228907089104,10.807260595942438,4.504591978613552,71.30095593019466,75.41344519074995,0.2
35,15,1,7.879162892273508,12.293839162119667,5.073375071356064,71.30095593019466,75.41344519074995,0.2
35,15,2,11.935575067004308,9.28263954141727,4.540948848672665,71.30095593019466,75.41344519074995,0.2
35,15,3,9.621361459106168,14.397733722972408,6.0275341284113475,71.30095593019466,75.41344519074995,0.2
35,15,4,12.142939620194218,17.224478413537813,7.059939570550001,71.30095593019466,75.41344519074995,0.2
35,15,5,10.319720559066061,15.158674331406129,6.193690020087978,71.30095593019466,75.41344519074995,0.2
35,15,6,10.457626236959284,15.232945003766583,6.208919926137672,71.30095593019466,75.41344519074995,0.2
35,15,7,7.84720153910023,13.25700234080427,6.010179623005772,71.30095593019466,75.41344519074995,0.2
35,15,8,15.101935225979817,20.557717800057112,8.589332438227826,71.30095593019466,75.41344519074995,0.2
35,15,9,18.053931478013368,23.954025596521344,10.202180216692605,71.30095593019466,75.41344519074995,0.2
35,16,0,9.112675187691018,13.566254990121537,5.281733758880706,80.31748982993994,80.64067230471744,0.2
35,16,1,10.263308941207606,14.597089303551327,5.721397043161253,80.31748982993994,80.64067230471744,0.2
35,16,2,9.186224212611082,14.859737192783232,6.312252446549654,80.31748982993994,80.64067230471744,0.2
35,16,3,12.1935484846822,16.888532562424214,6.739817281508453,80.31748982993994,80.64067230471744,0.2
35,16,4,14.282078478271035,19.186073971516358,7.61358162563772,80.31748982993994,80.64067230471744,0.2
35,16,5,12.529677634349675,10.400795027802664,4.758095851393042,80.31748982993994,80.64067230471744,0.2
35,16,6,12.560487347555405,11.95578658110519,5.240491909806797,80.31748982993994,80.64067230471744,0.2
35,16,7,12.158440760929448,17.368980848801616,7.2613564142825195,80.31748982993994,80.64067230471744,0.2
35,16,8,17.376001413730528,22.621814522528542,9.18430267653336,80.31748982993994,80.64067230471744,0.2
35,16,9,20.638751514542594,26.277445339638728,10.885195496862234,80.31748982993994,80.64067230471744,0.2
35,17,0,10.684813275220579,10.14905585005873,4.3107463804400865,78.31900060325457,74.67767496510669,0.2
35,17,1,11.574240934956194,9.045875307055804,4.092899865065932,78.31900060325457,74.67767496510669,0.2
35,17,2,12.769526412427528,14.576780828700269,6.227872401754775,78.31900060325457,74.67767496510669,0.2
35,17,3,13.634479216401012,15.052601316141738,6.218159721792907,78.31900060325457,74.67767496510669,0.2
35,17,4,15.402082297088151,16.643445807841427,6.89237661712434,78.31900060325457,74.67767496510669,0.2
35,17,5,9.625507085103454,12.072118012037482,5.281229503992711,78.31900060325457,74.67767496510669,0.2
35,17,6,10.601382061797784,12.725046533037165,5.474304017808108,78.31900060325457,74.67767496510669,0.2
35,17,7,14.689539638566687,16.37752229732719,6.96866292589231,78.31900060325457,74.67767496510669,0.2
35,17,8,18.579611097751275,19.860739413536688,8.384434397079925,78.31900060325457,74.67767496510669,0.2
35,17,9,22.020474082527826,23.303319845554984,10.007382315275075,78.31900060325457,74.67767496510669,0.2
35,18,0,8.72053046490479,9.322235542381192,4.061800351735272,67.49818202402167,63.016501206642914,0.2
35,18,1,8.279832496076542,9.534100976902204,4.24630832146713,67.49818202402167,63.016501206642914,0.2
35,18,2,12.598827724468844,12.601036987161564,5.624202766978896,67.49818202402167,63.016501206642914,0.2
35,18,3,12.579179219539936,7.9784346308262775,3.987274779754455,67.49818202402167,63.016501206642914,0.2
35,18,4,13.943102878414772,6.7313540117936626,3.657382899326132,67.49818202402167,63.016501206642914,0.2
35,18,5,10.6837931803867,11.128125129032087,4.988638229403523,67.49818202402167,63.016501206642914,0.2
35,18,6,11.074378019096686,11.389708761936207,5.0655450317519595,67.49818202402167,63.016501206642914,0.2
35,18,7,14.097428143915149,14.053778516477628,6.260815302896772,67.49818202402167,63.016501206642914,0.2
35,18,8,16.961497879461557,16.297840802010903,7.300759321904009,67.49818202402167,63.016501206642914,0.2
35,18,9,20.24468030647545,19.28158583599929,8.764516428462393,67.49818202402167,63.016501206642914,0.2
35,19,0,8.216918970318147,7.166844959338178,3.378968391039297,58.284042332406834,58.27926360159967,0.2
35,19,1,8.590173907877274,8.993273762656365,4.076225217572708,58.284042332406834,58.27926360159967,0.2
35,19,2,11.377619382292247,11.298904253881174,5.210771141239452,58.284042332406834,58.27926360159967,0.2
35,19,3,8.066155630627811,8.987256624042189,4.333839084493398,58.284042332406834,58.27926360159967,0.2
35,19,4,7.3987927334614465,8.71292682669484,4.381406767524392,58.284042332406834,58.27926360159967,0.2
35,19,5,10.091888461659117,10.177109705495052,4.686231397999012,58.284042332406834,58.27926360159967,0.2
35,19,6,10.247468969916595,6.263791290389338,3.3331391298144815,58.284042332406834,58.27926360159967,0.2
35,19,7,12.665470376960453,12.57607261438507,5.792382650701288,58.284042332406834,58.27926360159967,0.2
35,19,8,14.769250720127449,14.361920753681513,6.682296625933833,58.284042332406834,58.27926360159967,0.2
35,19,9,17.73039417753032,17.09669458147634,8.056873442197793,58.284042332406834,58.27926360159967,0.2
35,20,0,6.835567252973085,7.058264529224645,3.3430515544881123,59.152736942581605,58.27926360159967,0.2
35,20,1,8.246100107616854,8.486516923747722,3.9140497258588183,59.152736942581605,58.27926360159967,0.2
35,20,2,10.541257701685126,10.862543042007184,5.0690739448806745,59.152736942581605,58.27926360159967,0.2
35,20,3,8.767246418811913,9.023898224533351,4.346200064521405,59.152736942581605,58.27926360159967,0.2
35,20,4,8.86347463369807,9.134832612400483,4.528862586101253,59.152736942581605,58.27926360159967,0.2
35,20,5,9.48012712074044,9.777315389030539,4.556594141346252,59.152736942581605,58.27926360159967,0.2
35,20,6,6.742855821257104,6.950415736168929,3.584882246225645,59.152736942581605,58.27926360159967,0.2
35,20,7,11.717843016473097,12.04214630983413,5.619121830259884,59.152736942581605,58.27926360159967,0.2
35,20,8,13.518116390794797,13.900162501824717,6.531168613550759,59.152736942581605,58.27926360159967,0.2
35,20,9,16.298850385485977,16.735710798337845,7.937412450354984,59.152736942581605,58.27926360159967,0.2
36,0,0,2.0,2.0,1.511648169290438,18.0044990581195,18.0044990581195,0.0
36,0,1,2.0,2.0,1.4489052850349844,18.0044990581195,18.0044990581195,0.0
36,0,2,2.0,2.0,1.6858951910948525,18.0044990581195,18.0044990581195,0.0
36,0,3,2.0,2.0,1.5848268732695572,18.0044990581195,18.0044990581195,0.0
36,0,4,2.0,2.0,1.8815003405070132,18.0044990581195,18.0044990581195,0.0
36,0,5,2.0,2.0,1.3912618004560597,18.0044990581195,18.0044990581195,0.0
36,0,6,2.0,2.0,1.5252083986569687,18.0044990581195,18.0044990581195,0.0
36,0,7,2.0,2.0,1.5589762054748117,18.0044990581195,18.0044990581195,0.0
36,0,8,2.0,2.0,1.3790982328709926,18.0044990581195,18.0044990581195,0.0
36,0,9,2.0,2.0,1.7557473012994993,18.0044990581195,18.0044990581195,0.0
36,1,0,3.0580258612126983,3.6603289985975715,2.307776843263465,18.0044990581195,27.936470313507126,0.0
36,1,1,2.931098599593142,3.49604900077596,2.142018697158283,18.0044990581195,27.936470313507126,0.0
36,1,2,3.4105231616707226,4.116560819976793,2.7943689715379736,18.0044990581195,27.936470313507126,0.0
36,1,3,3.2060645211365997,3.8519331537609185,2.5074711739328284,18.0044990581195,27.936470313507126,0.0
36,1,4,3.8062274119325656,4.628714730346839,3.385365744426384,18.0044990581195,27.936470313507126,0.0
36,1,5,2.8144872940302146,2.789880705674935,1.7562963848548028,18.0044990581195,27.936470313507126,0.0
36,1,6,3.085457860886466,3.695833812844304,2.344266034650509,18.0044990581195,27.936470313507126,0.0
36,1,7,3.1537692766134935,3.784248225033103,2.436151096048399,18.0044990581195,27.936470313507126,0.0
36,1,8,2.789880705674933,3.0641239254074817,1.8590395667910835,18.0044990581195,27.936470313507126,0.0
36,1,9,3.5518322068610173,4.29945493854382,3.0000631304510805,18.0044990581195,27.936470313507126,0.0
36,2,0,4.6685739525753025,6.445911960242937,3.4294840245395344,30.28724323218347,41.496174955740926,0.2
36,2,1,4.333249432098919,4.643037118487853,2.6126456358642494,30.28724323218347,41.496174955740926,0.2
36,2,2,5.652937472047193,7.692768701346827,4.328799264992321,30.28724323218347,41.496174955740926,0.2
36,2,3,5.072550512683942,7.038086397667857,3.82365804206963,30.28724323218347,41.496174955740926,0.2
36,2,4,6.848508936427253,9.153190781637239,5.456121896897174,30.28724323218347,41.496174955740926,0.2
36,2,5,3.552942988950525,5.195567749318625,2.714132044831888,30.28724323218347,41.496174955740926,0.2
36,2,6,4.742390660181741,6.60177032088402,3.5186047023186227,30.28724323218347,41.496174955740926,0.2
36,2,7,4.928271806153531,6.773342339266229,3.6616818562961173,30.28724323218347,41.496174955740926,0.2
36,2,8,3.760789837051368,4.15044694367349,2.299008683248506,30.28724323218347,41.496174955740926,0.2
36,2,9,6.069051532339366,8.224014317366283,4.723889313299256,30.28724323218347,41.496174955740926,0.2
36,3,0,6.937759096801256,5.562849051261076,3.0934123730576775,45.26941146677728,54.68699388305748,0.2
36,3,1,5.285315778477495,7.959806652022342,3.8102262317766096,45.26941146677728,54.68699388305748,0.2
36,3,2,8.757050991937303,11.950991016769844,5.89240132996012,45.26941146677728,54.68699388305748,0.2
36,3,3,7.735163125009055,10.802041760936168,5.160775012782383,45.26941146677728,54.68699388305748,0.2
36,3,4,11.037596050192223,14.68847845459678,7.5974363737603285,45.26941146677728,54.68699388305748,0.2
36,3,5,5.490620206775994,6.444732885108374,3.1559586859424025,45.26941146677728,54.68699388305748,0.2
36,3,6,7.118047964908166,10.007169370635106,4.707887390773148,45.26941146677728,54.68699388305748,0.2
36,3,7,7.407489414248371,10.274411616115122,4.9017184487242105,45.26941146677728,54.68699388305748,0.2
36,3,8,4.650836187514811,7.292579719509982,3.411073164665344,45.26941146677728,54.68699388305748,0.2
36,3,9,9.55630812714589,12.94714019073515,6.4902691603515965,45.26941146677728,54.68699388305748,0.2
36,4,0,6.257894679716435,8.862436251860833,4.285652094373978,55.45873678481218,60.26808466324896,0.2
36,4,1,7.707990913860055,9.74274515393309,4.389306816058384,55.45873678481218,60.26808466324896,0.2
36,4,2,11.920178264840722,14.165544629415164,6.637016060901999,55.45873678481218,60.26808466324896,0.2
36,4,3,10.4401168033675,12.555778187671834,5.7339166303988565,55.45873678481218,60.26808466324896,0.2
36,4,4,15.369420862516353,17.874530092233066,8.716608645018319,55.45873678481218,60.26808466324896,0.2
36,4,5,6.384424282444544,8.477736211987633,3.8236998450705806,55.45873678481218,60.26808466324896,0.2
36,4,6,9.523936644212181,6.424192085680758,3.452082400864031,55.45873678481218,60.26808466324896,0.2
36,4,7,9.916051952497705,11.986153620278237,5.460021808066401,55.45873678481218,60.26808466324896,0.2
36,4,8,6.900514394782489,7.463645940799001,3.466888908087008,55.45873678481218,60.26808466324896,0.2
36,4,9,13.129649704072815,15.4719315572325,7.352282528669546,55.45873678481218,60.26808466324896,0.2
36,5,0,8.669765361411926,9.138522176453925,4.378676945244146,55.70698097719133,56.92457722372241,0.2
36,5,1,8.87945623127651,5.868767265897511,3.0782353462018484,55.70698097719133,56.92457722372241,0.2
36,5,2,13.426514957544184,13.155430752165957,6.30206859455278,55.70698097719133,56.92457722372241,0.2
36,5,3,11.599567742028153,11.332285024061601,5.336826353142034,55.70698097719133,56.92457722372241,0.2
36,5,4,17.63347794814467,17.041548280825694,8.430234178528046,55.70698097719133,56.92457722372241,0.2
36,5,5,7.735247691418476,6.683149754365674,3.2372385165064124,55.70698097719133,56.92457722372241,0.2
36,5,6,6.983475038265443,7.994688773698421,4.023178338545758,55.70698097719133,56.92457722372241,0.2
36,5,7,11.045485471457177,10.99253029983315,5.13909752787897,55.70698097719133,56.92457722372241,0.2
36,5,8,7.013428226396084,7.416012167620121,3.4513858051163453,55.70698097719133,56.92457722372241,0.2
36,5,9,14.87348085908603,14.448749678068983,7.0084535535661745,55.70698097719133,56.92457722372241,0.2
36,6,0,8.857952272543473,8.833979007463178,4.276014601040038,51.465941331246036,52.75971367415111,0.2
36,6,1,6.227191939777135,6.936299473032273,3.460258023934672,51.465941331246036,52.75971367415111,0.2
36,6,2,12.748924738436271,12.075427451607018,5.935281669899614,51.465941331246036,52.75971367415111,0.2
36,6,3,10.796264194445731,10.220081335679291,4.964538422978327,51.465941331246036,52.75971367415111,0.2
36,6,4,17.054149674337864,15.879975840139116,8.023764812522874,51.465941331246036,52.75971367415111,0.2
36,6,5,6.548851315737879,6.8935256737738815,3.3082387337581713,51.465941331246036,52.75971367415111,0.2
36,6,6,8.138787618364027,8.294084690663386,4.128061103117779,51.465941331246036,52.75971367415111,0.2
36,6,7,10.396263801863984,5.069479335172797,2.989460639043294,51.465941331246036,52.75971367415111,0.2
36,6,8,6.982065842756522,5.982027294942755,2.969395720111197,51.465941331246036,52.75971367415111,0.2
36,6,9,14.1779235732965,13.292188484626172,6.610869075311062,51.465941331246036,52.75971367415111,0.2
36,7,0,8.650268957122105,5.645041821570801,3.125336184196305,51.28552550604156,55.63191746920709,0.2
36,7,1,7.000014116133863,8.264622771278447,3.911786327928721,51.28552550604156,55.63191746920709,0.2
36,7,2,12.006924103678417,12.988420450368524,6.245957316923805,51.28552550604156,55.63191746920709,0.2
36,7,3,10.043135165227012,11.031584654269263,5.237298909655821,51.28552550604156,55.63191746920709,0.2
36,7,4,16.231872468380605,17.131735716694383,8.461439636773953,51.28552550604156,55.63191746920709,0.2
36,7,5,6.692482952330615,6.530145367448051,3.18517910786485,51.28552550604156,55.63191746920709,0.2
36,7,6,8.350962787806578,9.516103092636255,4.5449550036012685,51.28552550604156,55.63191746920709,0.2
36,7,7,6.0476029614503375,7.979586950655468,4.106811577606331,51.28552550604156,55.63191746920709,0.2
36,7,8,6.007012139958924,7.263139752916594,3.4014280239296895,51.28552550604156,55.63191746920709,0.2
36,7,9,13.373620269643776,14.323476257356807,6.965862784301534,51.28552550604156,55.63191746920709,0.2
36,8,0,6.322475739008968,9.529443676360895,4.508966500636522,59.28685989303696,65.1834395320239,0.2
36,8,1,7.913444409461606,7.104665839038093,3.5188403141241875,59.28685989303696,65.1834395320239,0.2
36,8,2,12.635413048625784,16.009815859276276,7.2306944645974065,59.28685989303696,65.1834395320239,0.2
36,8,3,10.59492270357217,13.818009885676357,6.13158395534748,59.28685989303696,65.1834395320239,0.2
36,8,4,17.11727752396955,21.02309329132761,9.764970520945562,59.28685989303696,65.1834395320239,0.2
36,8,5,6.44353645399987,9.210219080855373,4.052069041756669,59.28685989303696,65.1834395320239,0.2
36,8,6,9.19432856230341,12.247177862957116,5.422922634243636,59.28685989303696,65.1834395320239,0.2
36,8,7,8.30797553728584,11.440438527424293,5.284797610488386,59.28685989303696,65.1834395320239,0.2
36,8,8,6.88100251999319,8.09312204067701,3.6690655234058194,59.28685989303696,65.1834395320239,0.2
36,8,9,14.091763528580971,17.684857520489626,8.073504808056484,59.28685989303696,65.1834395320239,0.2
36,9,0,9.121524734661303,13.63330090982888,5.793625777399147,71.63241687645233,75.3091851104521,0.2
36,9,1,7.1185246016079375,11.585062332166192,4.955047955147105,71.63241687645233,75.3091851104521,0.2
36,9,2,14.627511292952185,19.831226263530226,8.39951623076982,71.63241687645233,75.3091851104521,0.2
36,9,3,12.404038642438126,17.368172255509513,7.195959529940408,71.63241687645233,75.3091851104521,0.2
36,9,4,19.75428740210631,25.846698212395005,11.28409814125938,71.63241687645233,75.3091851104521,0.2
36,9,5,8.197232777338458,9.924655445937022,4.269614560165357,71.63241687645233,75.3091851104521,0.2
36,9,6,10.97043478487255,8.483949334556602,4.193984658671317,71.63241687645233,75.3091851104521,0.2
36,9,7,10.691011369222572,15.333619484423162,6.487386412412902,71.63241687645233,75.3091851104521,0.2
36,9,8,7.422426385317936,11.655480706487475,4.7363669053414705,71.63241687645233,75.3091851104521,0.2
36,9,9,16.332495216298057,21.905702610855116,9.378449490933852,71.63241687645233,75.3091851104521,0.2
36,10,0,11.720357830216166,15.519220633090962,6.343641924773333,78.41281583970316,77.86680158472102,0.2
36,10,1,10.023936189795773,13.76668779392336,5.591130435056129,78.41281583970316,77.86680158472102,0.2
36,10,2,16.992008046043413,21.142780934878,8.784621458711031,78.41281583970316,77.86680158472102,0.2
36,10,3,14.55724340216481,9.185828112757674,4.607269851397438,78.41281583970316,77.86680158472102,0.2
36,10,4,22.827444002813706,27.536736950960492,11.795654338470275,78.41281583970316,77.86680158472102,0.2
36,10,5,8.637321836948777,12.33968650263254,4.972797247877703,78.41281583970316,77.86680158472102,0.2
36,10,6,8.484324466695417,13.23180564347242,5.724552864100353,78.41281583970316,77.86680158472102,0.2
36,10,7,13.123817978194415,16.98869500379647,6.96996349303814,78.41281583970316,77.86680158472102,0.2
36,10,8,9.581549979003961,10.804461395437823,4.49155157059951,78.41281583970316,77.86680158472102,0.2
36,10,9,18.972365173315996,23.347911749178472,9.80651377571753,78.41281583970316,77.86680158472102,0.2
36,11,0,12.83302652980143,13.52256980792698,5.760645998823706,73.63068319476882,70.42932575067965,0.2
36,11,1,11.310714894617774,8.020271874493268,3.8304638046146344,73.63068319476882,70.42932575067965,0.2
36,11,2,17.771066143196553,18.081401743047305,7.873576326357239,73.63068319476882,70.42932575067965,0.2
36,11,3,9.320389917034959,11.435440217911012,5.370786038281106,73.63068319476882,70.42932575067965,0.2
36,11,4,23.862309199831635,23.847883413958208,10.665916814190307,73.63068319476882,70.42932575067965,0.2
36,11,5,10.059842558282218,9.081343682205244,4.012295791550076,73.63068319476882,70.42932575067965,0.2
36,11,6,11.580625080580273,12.60566552224318,5.5335550737019465,73.63068319476882,70.42932575067965,0.2
36,11,7,14.10005915822588,14.693885093988994,6.296716455271402,73.63068319476882,70.42932575067965,0.2
36,11,8,9.086294773413515,10.088748849849441,4.281148797028172,73.63068319476882,70.42932575067965,0.2
36,11,9,19.838328351602687,19.99827837433295,8.799051086544065,73.63068319476882,70.42932575067965,0.2
36,12,0,11.653640575613128,6.2466134693657995,3.354910731325987,63.386462150214754,60.88557876755702,0.2
36,12,1,7.748931009818962,8.422776871764992,3.9640370661034874,63.386462150214754,60.88557876755702,0.2
36,12,2,15.928044974601761,14.795499021034903,6.842271567674957,63.386462150214754,60.88557876755702,0.2
36,12,3,10.86496377514424,10.770770849851091,5.1503124896505765,63.386462150214754,60.88557876755702,0.2
36,12,4,21.57687887562319,19.714300198378087,9.335342584014978,63.386462150214754,60.88557876755702,0.2
36,12,5,8.116772502132136,8.342677448031463,3.7809565014653512,63.386462150214754,60.88557876755702,0.2
36,12,6,11.194241400608648,10.770406204737053,4.9564490843140785,63.386462150214754,60.88557876755702,0.2
36,12,7,12.738097496576845,12.099062853861913,5.495974419581979,63.386462150214754,60.88557876755702,0.2
36,12,8,8.660655305233531,7.256455667230593,3.399236546996258,63.386462150214754,60.88557876755702,0.2
36,12,9,17.800256913891435,16.365070170402824,7.6468667566370465,63.386462150214754,60.88557876755702,0.2
36,13,0,6.786899218268893,8.589305928843388,4.19276359195909,57.61862350121168,59.183789321097876,0.2
36,13,1,8.01914632598686,9.097375804080711,4.183697681075442,57.61862350121168,59.183789321097876,0.2
36,13,2,13.841741635695525,14.323906138946768,6.688867629095509,57.61862350121168,59.183789321097876,0.2
36,13,3,10.418951384746567,11.261917410766246,5.31360744150997,57.61862350121168,59.183789321097876,0.2
36,13,4,18.885160995232223,19.063359617632027,9.11848971792524,57.61862350121168,59.183789321097876,0.2
36,13,5,7.648778992686252,7.154767481088532,3.3955077895301775,57.61862350121168,59.183789321097876,0.2
36,13,6,10.026770638521704,10.765050205035465,4.954723605816515,57.61862350121168,59.183789321097876,0.2
36,13,7,11.118216691609005,6.080841425547705,3.395416575100003,57.61862350121168,59.183789321097876,0.2
36,13,8,6.876569217805002,7.956659399784555,3.6256488725192977,57.61862350121168,59.183789321097876,0.2
36,13,9,15.4694172718909,15.832466752082704,7.471796273259049,57.61862350121168,59.183789321097876,0.2
36,14,0,8.481854279743112,11.207880866049203,5.051218785074057,61.67049705981966,66.2525044144582,0.2
36,14,1,8.463514172236048,7.4070949724857895,3.623035077366266,61.67049705981966,66.2525044144582,0.2
36,14,2,13.531409363333474,16.448878189879604,7.368939213752585,61.67049705981966,66.2525044144582,0.2
36,14,3,10.749292925811579,13.586811101929465,6.0595881271509855,61.67049705981966,66.2525044144582,0.2
36,14,4,18.44647315367463,21.76376814262425,10.004540984336565,61.67049705981966,66.2525044144582,0.2
36,14,5,6.869026036135411,9.39486348483519,4.108763988637752,61.67049705981966,66.2525044144582,0.2
36,14,6,10.023280039336186,12.694681766997258,5.56087923898104,61.67049705981966,66.2525044144582,0.2
36,14,7,6.868841511659375,10.061620139690863,4.830432655950789,61.67049705981966,66.2525044144582,0.2
36,14,8,7.334595603052941,8.405606516501255,3.767667285149636,61.67049705981966,66.2525044144582,0.2
36,14,9,15.115254129579666,18.197443744668835,8.23660582022338,61.67049705981966,66.2525044144582,0.2
36,15,0,10.21848733667339,14.752632134660317,6.122635209846493,72.81552623507511,76.26583006462555,0.2
36,15,1,7.329307961830424,11.870141042555353,5.040087951573798,72.81552623507511,76.26583006462555,0.2
36,15,2,14.907176910046035,20.209549763916712,8.511365128194692,72.81552623507511,76.26583006462555,0.2
36,15,3,12.258392910185725,17.314044614188887,7.180253913573202,72.81552623507511,76.26583006462555,0.2
36,15,4,20.23893236613672,26.454595139307532,11.4692254024261,72.81552623507511,76.26583006462555,0.2
36,15,5,8.311925215224857,10.214497589646097,4.356520592482912,72.81552623507511,76.26583006462555,0.2
36,15,6,11.249517493126088,8.736938614727348,4.28114256310004,72.81552623507511,76.26583006462555,0.2
36,15,7,9.77184260387626,14.571441550580236,6.259941182811954,72.81552623507511,76.26583006462555,0.2
36,15,8,7.6218952455324525,11.927632736181142,4.813513407331832,72.81552623507511,76.26583006462555,0.2
36,15,9,16.662444422289852,22.34287775870656,9.509077548817967,72.81552623507511,76.26583006462555,0.2
36,16,0,12.385935557525004,9.790559123683467,4.595100047337765,81.22530425567706,81.27550400601092,0.2
36,16,1,10.195969943147475,14.295660846156704,5.740661839803372,81.22530425567706,81.27550400601092,0.2
36,16,2,17.218275525356365,22.02071055268965,9.038398905725856,81.22530425567706,81.27550400601092,0.2
36,16,3,14.52547133906646,19.103837481114024,7.692105997284042,81.22530425567706,81.27550400601092,0.2
36,16,4,23.201951751219898,28.76045956901746,12.160190519766255,81.22530425567706,81.27550400601092,0.2
36,16,5,8.81313053352347,12.815522930207106,5.106264374231491,81.22530425567706,81.27550400601092,0.2
36,16,6,8.660642694155216,13.655274851228153,5.8521911534936075,81.22530425567706,81.27550400601092,0.2
36,16,7,12.663702054225388,17.076838673673958,6.995257770998636,81.22530425567706,81.27550400601092,0.2
36,16,8,9.737615393550364,11.245317470572823,4.6190685709947825,81.22530425567706,81.27550400601092,0.2
36,16,9,19.236622417379024,24.350027248395016,10.099285013416916,81.22530425567706,81.27550400601092,0.2
36,17,0,9.295770712449912,11.9223929038633,5.274534367706532,78.93555528931539,75.2709089221455,0.2
36,17,1,11.613213129372477,8.764088160415053,4.075807985992413,78.93555528931539,75.2709089221455,0.2
36,17,2,18.28445147434021,19.60918844439693,8.333574245276594,78.93555528931539,75.2709089221455,0.2
36,17,3,15.560935106960335,16.831130000984977,7.039472584304197,78.93555528931539,75.2709089221455,0.2
36,17,4,24.599756637930998,25.835334636469348,11.280625151633252,78.93555528931539,75.2709089221455,0.2
36,17,5,10.329843165766967,9.929998537165815,4.2712234592232825,78.93555528931539,75.2709089221455,0.2
36,17,6,11.838834098905442,13.696758742948433,5.864630509591321,78.93555528931539,75.2709089221455,0.2
36,17,7,14.1512288402427,15.672870976025438,6.587528096342784,78.93555528931539,75.2709089221455,0.2
36,17,8,9.344258427175657,11.044418731981187,4.561148475624438,78.93555528931539,75.2709089221455,0.2
36,17,9,20.4305971311324,21.703116551449526,9.317651963234459,78.93555528931539,75.2709089221455,0.2
36,18,0,10.670249089689268,11.02379637652925,4.992999853830131,68.03438261722097,63.87350766964147,0.2
36,18,1,8.245256058724674,9.241286045486454,4.22991547221741,68.03438261722097,63.87350766964147,0.2
36,18,2,16.85860908385458,15.96554503976424,7.216692480094121,68.03438261722097,63.87350766964147,0.2
36,18,3,14.240674284813682,6.708406598222883,3.697382607655829,68.03438261722097,63.87350766964147,0.2
36,18,4,22.82041823298963,21.209931052609086,9.825638551320306,68.03438261722097,63.87350766964147,0.2
36,18,5,8.64057659888821,9.118324298730958,4.023725894103216,68.03438261722097,63.87350766964147,0.2
36,18,6,11.863998600418713,11.691318589460174,5.249435909528821,68.03438261722097,63.87350766964147,0.2
36,18,7,13.326402061888118,12.975058297610913,5.771583885262212,68.03438261722097,63.87350766964147,0.2
36,18,8,9.22708754500566,7.924503963309437,3.6153859494243608,68.03438261722097,63.87350766964147,0.2
36,18,9,18.849373318610937,17.653481253491975,8.063475395260877,68.03438261722097,63.87350766964147,0.2
36,19,0,10.100711917119476,10.53519606664377,4.837038690453409,59.07668870299411,59.26945869837252,0.2
36,19,1,8.557011590108495,9.211364853161898,4.220323953502038,59.07668870299411,59.26945869837252,0.2
36,19,2,14.599185633854246,14.438136200233279,6.726162709888367,59.07668870299411,59.26945869837252,0.2
36,19,3,7.479711127700361,9.064506754753483,4.564589780945537,59.07668870299411,59.26945869837252,0.2
36,19,4,19.877017287011927,19.23034151363537,9.174326716401136,59.07668870299411,59.26945869837252,0.2
36,19,5,8.139895309352694,7.194331632289257,3.4086403551531084,59.07668870299411,59.26945869837252,0.2
36,19,6,10.619475546120572,10.836335885232318,4.977667828519568,59.07668870299411,59.26945869837252,0.2
36,19,7,11.675767642132621,6.129316097267659,3.4143410775393415,59.07668870299411,59.26945869837252,0.2
36,19,8,7.313833970238154,7.9967597138728905,3.638430114698325,59.07668870299411,59.26945869837252,0.2
36,19,9,16.31220596888929,15.957182585899753,7.512947649039875,59.07668870299411,59.26945869837252,0.2
36,20,0,9.785206443928114,10.061374996767325,4.683708527197904,60.15777280716709,59.26945869837252,0.2
36,20,1,8.537608191304605,8.785690626402886,4.082837866080667,60.15777280716709,59.26945869837252,0.2
36,20,2,13.606856364743937,13.982535074202673,6.57687695863901,60.15777280716709,59.26945869837252,0.2
36,20,3,9.234049218285225,9.513100193332694,4.721568332523088,60.15777280716709,59.26945869837252,0.2
36,20,4,18.55942998372321,19.046835762972528,9.112956352373002,60.15777280716709,59.26945869837252,0.2
36,20,5,6.895592882915536,7.102140701040599,3.3780055154594852,60.15777280716709,59.26945869837252,0.2
36,20,6,10.06969561924212,10.372486304599429,4.827543548468349,60.15777280716709,59.26945869837252,0.2
36,20,7,6.907125299544518,7.100195074643693,3.784492826092759,60.15777280716709,59.26945869837252,0.2
36,20,8,7.360451731427201,7.598356981957336,3.510572855571938,60.15777280716709,59.26945869837252,0.2
36,20,9,15.198502317827941,15.618043913192873,7.400816910721671,60.15777280716709,59.26945869837252,0.2
37,0,0,2.0,2.0,1.4264506540617115,17.632364767204916,17.632364767204916,0.0
37,0,1,2.0,2.0,1.4315144487255758,17.632364767204916,17.632364767204916,0.0
37,0,2,2.0,2.0,1.5471385995229912,17.632364767204916,17.632364767204916,0.0
37,0,3,2.0,2.0,1.3864399966090424,17.632364767204916,17.632364767204916,0.0
37,0,4,2.0,2.0,1.5035758829697508,17.632364767204916,17.632364767204916,0.0
37,0,5,2.0,2.0,1.7032028119957365,17.632364767204916,17.632364767204916,0.0
37,0,6,2.0,2.0,1.4816837933751494,17.632364767204916,17.632364767204916,0.0
37,0,7,2.0,2.0,1.481563995516991,17.632364767204916,17.632364767204916,0.0
37,0,8,2.0,2.0,1.4085757336480065,17.632364767204916,17.632364767204916,0.0
37,0,9,2.0,2.0,1.4516287001610546,17.632364767204916,17.632364767204916,0.0
37,1,0,2.885673451324356,3.5023082167279793,2.1114646244537107,17.632364767204916,26.42614520536119,0.0
37,1,1,2.8959173793444823,3.5159223129079535,2.1247225550464117,17.632364767204916,26.42614520536119,0.0
37,1,2,3.1298221003651303,3.8267797655051066,2.43664159010036,17.632364767204916,26.42614520536119,0.0
37,1,3,2.8047329072876988,3.1164900234952246,1.8912376293706772,17.632364767204916,26.42614520536119,0.0
37,1,4,3.0416958309654074,3.7096606774723773,2.3170653607088263,17.632364767204916,26.42614520536119,0.0
37,1,5,3.445536039261023,4.24636099655656,2.8850756609475177,17.632364767204916,26.42614520536119,0.0
37,1,6,2.9974086896210688,3.650803430465825,2.257909072420009,17.632364767204916,26.42614520536119,0.0
37,1,7,2.99716634159604,3.6504813519315658,2.257587087293689,17.632364767204916,26.42614520536119,0.0
37,1,8,2.849512941225047,2.8047329072876996,1.7847741300909368,17.632364767204916,26.42614520536119,0.0
37,1,9,2.936607999237537,3.5699998124528944,2.1777212271700574,17.632364767204916,26.42614520536119,0.0
37,2,0,4.271439318876731,4.805419659031889,2.634800153341578,28.64982864842437,38.502670447837914,0.2
37,2,1,4.29825977580731,4.231431224420844,2.4188884422397154,28.64982864842437,38.502670447837914,0.2
37,2,2,4.9292640631655384,6.951301827028242,3.7004498832701094,28.64982864842437,38.502670447837914,0.2
37,2,3,3.825925700044911,5.567976549915282,2.8390187442359296,28.64982864842437,38.502670447837914,0.2
37,2,4,4.687364387504069,6.615725118070542,3.473830073465464,28.64982864842437,38.502670447837914,0.2
37,2,5,5.8364348014089416,8.064834199974191,4.520247127559842,28.64982864842437,38.502670447837914,0.2
37,2,6,4.567692718450633,6.479637720556253,3.3738054939478923,28.64982864842437,38.502670447837914,0.2
37,2,7,4.567041350716252,6.454446152824022,3.3643464041220197,28.64982864842437,38.502670447837914,0.2
37,2,8,3.6105527444282175,5.434831192036751,2.8358904284431725,28.64982864842437,38.502670447837914,0.2
37,2,9,4.405474743718869,6.3041192975433376,3.2424377364726005,28.64982864842437,38.502670447837914,0.2
37,3,0,5.3301338047647615,8.029803434576626,3.7742372394469563,42.00370836425153,50.03528198038045,0.2
37,3,1,4.8933498958489015,7.67325546755573,3.6691080318136757,42.00370836425153,50.03528198038045,0.2
37,3,2,7.485916148380762,10.524307957634484,4.947020475705602,42.00370836425153,50.03528198038045,0.2
37,3,3,5.743262828424072,6.628759441489018,3.207618153692839,42.00370836425153,50.03528198038045,0.2
37,3,4,7.027470027699781,9.914521428545243,4.610994276872946,42.00370836425153,50.03528198038045,0.2
37,3,5,9.144345156478371,12.520275882327924,6.149999741232368,42.00370836425153,50.03528198038045,0.2
37,3,6,6.8251228432585505,9.685947296176012,4.470272571956049,42.00370836425153,50.03528198038045,0.2
37,3,7,6.805987344735352,9.627476968953788,4.451005800767274,42.00370836425153,50.03528198038045,0.2
37,3,8,5.736934325012607,8.437804662609235,3.858511796166265,42.00370836425153,50.03528198038045,0.2
37,3,9,6.559369205705754,5.762246308508837,3.0447302492031696,42.00370836425153,50.03528198038045,0.2
37,4,0,7.63518609624517,9.781315962585479,4.333251111797963,50.74137992001535,54.43747362007082,0.2
37,4,1,7.422512378747614,9.639008685608344,4.304249116678541,50.74137992001535,54.43747362007082,0.2
37,4,2,10.00769680272729,12.22949924792986,5.49533657239088,50.74137992001535,54.43747362007082,0.2
37,4,3,6.4889300739154985,8.732739528840455,3.890320989091662,50.74137992001535,54.43747362007082,0.2
37,4,4,9.327924335197624,11.481534534652534,5.109804796635592,50.74137992001535,54.43747362007082,0.2
37,4,5,12.441293309651448,14.891513791864599,6.943885677867064,50.74137992001535,54.43747362007082,0.2
37,4,6,9.043247899495125,6.340481993517617,3.322921831967947,50.74137992001535,54.43747362007082,0.2
37,4,7,9.004271710621095,11.123965903569104,4.924715798207301,50.74137992001535,54.43747362007082,0.2
37,4,8,7.805671384505634,7.362170412458235,3.5072224418004008,50.74137992001535,54.43747362007082,0.2
37,4,9,6.159411979343289,8.799293738467709,4.0949444998251385,50.74137992001535,54.43747362007082,0.2
37,5,0,8.76605696497943,5.705918117444981,2.9714171802319043,50.3176320326779,50.70888216733045,0.2
37,5,1,8.707386665300115,9.159475912321003,4.153212728116966,50.3176320326779,50.70888216733045,0.2
37,5,2,11.116926342938255,11.207109002829501,5.169561921316071,50.3176320326779,50.70888216733045,0.2
37,5,3,7.870020574063298,8.42218995059421,3.792954247849024,50.3176320326779,50.70888216733045,0.2
37,5,4,10.337005350388564,10.536057555689915,4.81148402527523,50.3176320326779,50.70888216733045,0.2
37,5,5,14.047304400328406,13.988257804982656,6.64629950148131,50.3176320326779,50.70888216733045,0.2
37,5,6,6.722186487161273,8.102836552355107,3.9453041437725083,50.3176320326779,50.70888216733045,0.2
37,5,7,9.962575006530606,6.552272519783363,3.3999598219614016,50.3176320326779,50.70888216733045,0.2
37,5,8,7.095021940909394,7.982836393633058,3.71166921932503,50.3176320326779,50.70888216733045,0.2
37,5,9,8.283968740275036,8.86583235757579,4.116595638883945,50.3176320326779,50.70888216733045,0.2
37,6,0,6.011101502452205,6.700657070048378,3.325201210080583,45.846284362201864,46.51325400580265,0.2
37,6,1,8.401843886505056,4.9047400362726,2.6822912595059423,45.846284362201864,46.51325400580265,0.2
37,6,2,10.4578924962053,9.879800745021896,4.732950415209968,45.846284362201864,46.51325400580265,0.2
37,6,3,7.6730501289618065,5.637725766526135,2.8638669951541527,45.846284362201864,46.51325400580265,0.2
37,6,4,9.73351000518193,9.297061416713241,4.40804829555897,45.846284362201864,46.51325400580265,0.2
37,6,5,13.445295122101845,12.558332849410858,6.163079375935317,45.846284362201864,46.51325400580265,0.2
37,6,6,7.981250099796135,8.0258280174669,3.919019532787076,45.846284362201864,46.51325400580265,0.2
37,6,7,6.878032384693376,7.374790114816382,3.6933816219829416,45.846284362201864,46.51325400580265,0.2
37,6,8,7.508612580327416,7.469064164267051,3.5427910473880817,45.846284362201864,46.51325400580265,0.2
37,6,9,8.327768444803914,8.089622522546456,3.860862446760658,45.846284362201864,46.51325400580265,0.2
37,7,0,6.726797611202918,8.135822869873989,3.809051063858053,45.2136016017142,48.534126775630305,0.2
37,7,1,5.426207106594243,7.26109855005037,3.5300135360257774,45.2136016017142,48.534126775630305,0.2
37,7,2,9.574638506222822,10.687171626879126,5.000485510459901,45.2136016017142,48.534126775630305,0.2
37,7,3,5.793530209060332,7.325128641337421,3.4399391544256557,45.2136016017142,48.534126775630305,0.2
37,7,4,8.917369768404058,5.130131499586164,2.9073298169760875,45.2136016017142,48.534126775630305,0.2
37,7,5,12.467753078524524,13.553177930909674,6.500910192037454,45.2136016017142,48.534126775630305,0.2
37,7,6,7.9280769992173825,9.194766370303167,4.310354828378598,45.2136016017142,48.534126775630305,0.2
37,7,7,7.471617235281086,8.866304802429173,4.201644252264409,45.2136016017142,48.534126775630305,0.2
37,7,8,7.166976326820143,6.053235356412201,3.0580916530879456,45.2136016017142,48.534126775630305,0.2
37,7,9,7.81042669096805,8.982356139784313,4.154394535332368,45.2136016017142,48.534126775630305,0.2
37,8,0,7.705613579001838,6.635730908281862,3.3026145650615115,51.72275386284109,56.863560837764815,0.2
37,8,1,7.141127745793377,10.181291176491417,4.472359845328342,51.72275386284109,56.863560837764815,0.2
37,8,2,10.11585521039832,13.402068772772454,5.859067670802831,51.72275386284109,56.863560837764815,0.2
37,8,3,6.958909559073905,9.842187475706499,4.230037572588975,51.72275386284109,56.863560837764815,0.2
37,8,4,5.881454393955251,9.472592023749701,4.466142102927347,51.72275386284109,56.863560837764815,0.2
37,8,5,13.151176240965725,16.81036447465764,7.558739168663762,51.72275386284109,56.863560837764815,0.2
37,8,6,8.719738365027075,11.840787659761078,5.14518445376296,51.72275386284109,56.863560837764815,0.2
37,8,7,8.499819630034285,11.60169790858334,5.071827865262195,51.72275386284109,56.863560837764815,0.2
37,8,8,6.186441760116241,9.324294281379217,4.137999039367957,51.72275386284109,56.863560837764815,0.2
37,8,9,8.404234652492198,7.607791952112317,3.6984145448295127,51.72275386284109,56.863560837764815,0.2
37,9,0,6.681105401871713,11.099892986522397,4.734334177593678,62.489404122486114,65.85444845925171,0.2
37,9,1,9.047470400525167,13.232501277970071,5.373089814274117,62.489404122486114,65.85444845925171,0.2
37,9,2,11.852745118806688,16.60036635529739,6.805978852835039,62.489404122486114,65.85444845925171,0.2
37,9,3,8.557258596059675,9.27402909755274,4.05758848657789,62.489404122486114,65.85444845925171,0.2
37,9,4,9.034892065535006,13.615804055275989,5.757509445874669,62.489404122486114,65.85444845925171,0.2
37,9,5,15.291137399243613,20.64308460797316,8.727454298300543,62.489404122486114,65.85444845925171,0.2
37,9,6,10.408577498362066,7.949810159355894,3.892998748916088,62.489404122486114,65.85444845925171,0.2
37,9,7,10.260178982567894,14.645950814479225,5.970376488286081,62.489404122486114,65.85444845925171,0.2
37,9,8,8.371066980486805,12.582087641769004,5.103711296331573,62.489404122486114,65.85444845925171,0.2
37,9,9,7.481798710398756,12.084056567453793,5.113090431153582,62.489404122486114,65.85444845925171,0.2
37,10,0,9.577437822387207,12.99335102964416,5.286163304706199,68.56843201379752,68.25441877858371,0.2
37,10,1,10.869624255478348,9.731704919723072,4.33318260712975,68.56843201379752,68.25441877858371,0.2
37,10,2,13.768322395154794,17.313985981658735,7.00948591799167,68.56843201379752,68.25441877858371,0.2
37,10,3,8.208398474056597,11.705790644596968,4.775959204330823,68.56843201379752,68.25441877858371,0.2
37,10,4,11.647295408643675,15.191925884668079,6.216319635197905,68.56843201379752,68.25441877858371,0.2
37,10,5,17.65541842933108,21.603558693600224,9.009756971213712,68.56843201379752,68.25441877858371,0.2
37,10,6,7.875437614191793,12.13665753679415,5.234845902108614,68.56843201379752,68.25441877858371,0.2
37,10,7,12.077920030111981,15.427086442262432,6.19153250852148,68.56843201379752,68.25441877858371,0.2
37,10,8,10.324678354005707,8.523791454257145,3.885994451985751,68.56843201379752,68.25441877858371,0.2
37,10,9,10.343652105586383,13.859394791489354,5.628018745742638,68.56843201379752,68.25441877858371,0.2
37,11,0,10.693774133946153,12.142398808693839,5.0413738057950095,64.54123430588037,60.79213323492108,0.2
37,11,1,8.765918381775172,11.013246865671922,4.725148923600228,64.54123430588037,60.79213323492108,0.2
37,11,2,14.18001202031446,6.9872868231168175,3.713848848826365,64.54123430588037,60.79213323492108,0.2
37,11,3,9.6616441944927,11.202369544089013,4.631237020744,64.54123430588037,60.79213323492108,0.2
37,11,4,12.575456771083545,13.839713503653151,5.823623958371522,64.54123430588037,60.79213323492108,0.2
37,11,5,18.2265095681264,19.11900000085205,8.271246992560972,64.54123430588037,60.79213323492108,0.2
37,11,6,10.589960331593357,12.388538278454117,5.3106610119238535,64.54123430588037,60.79213323492108,0.2
37,11,7,12.525313043236313,8.353589723277295,4.0300516996016675,64.54123430588037,60.79213323492108,0.2
37,11,8,7.861268099361741,10.323380593776285,4.443595952367707,64.54123430588037,60.79213323492108,0.2
37,11,9,11.385339010432201,12.63241829900257,5.27442471482823,64.54123430588037,60.79213323492108,0.2
37,12,0,10.198571193585305,6.021695223283332,3.08559480760461,54.71297944789642,52.606490608340856,0.2
37,12,1,9.55885628679949,9.400524753699472,4.229423821356471,54.71297944789642,52.606490608340856,0.2
37,12,2,7.513021915461312,8.63581352372514,4.307452565563181,54.71297944789642,52.606490608340856,0.2
37,12,3,9.36887489202504,6.875131500140403,3.2906128411345996,54.71297944789642,52.606490608340856,0.2
37,12,4,11.781043388579869,11.116308622999894,4.995474783854516,54.71297944789642,52.606490608340856,0.2
37,12,5,16.73252263428597,15.367682326163164,7.09857590452119,54.71297944789642,52.606490608340856,0.2
37,12,6,10.743332373577514,10.299824460378431,4.666759388006916,54.71297944789642,52.606490608340856,0.2
37,12,7,8.152692253244965,8.749100408460066,4.162687404421395,54.71297944789642,52.606490608340856,0.2
37,12,8,8.989281775466953,8.868086976920887,3.995215096780269,54.71297944789642,52.606490608340856,0.2
37,12,9,10.670027264700876,10.04836419449705,4.493671345945129,54.71297944789642,52.606490608340856,0.2
37,13,0,6.242079943316216,7.977430444532595,3.756988570837806,49.783768791192855,50.93343766131765,0.2
37,13,1,8.556016992901297,9.47425606214524,4.252617496726057,49.783768791192855,50.93343766131765,0.2
37,13,2,8.713867161048608,10.034877589455292,4.784831845624741,49.783768791192855,50.93343766131765,0.2
37,13,3,6.656826219127186,8.021500843375856,3.6657177721740584,49.783768791192855,50.93343766131765,0.2
37,13,4,10.105718637712942,5.599219442079991,3.090961503040991,49.783768791192855,50.93343766131765,0.2
37,13,5,14.360238800802836,14.857766970473259,6.93286667298818,49.783768791192855,50.93343766131765,0.2
37,13,6,9.44073573897892,10.268468612000053,4.656809900336893,49.783768791192855,50.93343766131765,0.2
37,13,7,8.421010916078586,9.588215132282732,4.438291854324052,49.783768791192855,50.93343766131765,0.2
37,13,8,8.08221869034267,9.009105511356017,4.039581518451339,49.783768791192855,50.93343766131765,0.2
37,13,9,9.090583025110275,6.578992277070454,3.3407664280022176,49.783768791192855,50.93343766131765,0.2
37,14,0,7.600292477644072,10.270250135529997,4.483761156532662,53.07349281907268,57.1936677361752,0.2
37,14,1,8.602937209217279,7.7167506833161195,3.6836543088518643,53.07349281907268,57.1936677361752,0.2
37,14,2,9.679593322527435,12.604436443377802,5.612736156717357,53.07349281907268,57.1936677361752,0.2
37,14,3,7.415653969585486,9.963784350146797,4.266552609935206,53.07349281907268,57.1936677361752,0.2
37,14,4,6.252936631907589,9.575564893527744,4.5000717346820425,53.07349281907268,57.1936677361752,0.2
37,14,5,14.025013233263868,17.132135328390607,7.659729198319394,53.07349281907268,57.1936677361752,0.2
37,14,6,9.420608178069672,12.114122942366182,5.228040189170931,53.07349281907268,57.1936677361752,0.2
37,14,7,8.97855171981153,11.69817669941471,5.1013150097481965,53.07349281907268,57.1936677361752,0.2
37,14,8,8.171970834787288,6.765792520240775,3.305843410025864,53.07349281907268,57.1936677361752,0.2
37,14,9,6.758285651811012,9.764667818610082,4.404481403969221,53.07349281907268,57.1936677361752,0.2
37,15,0,9.070534963578162,13.235122153819464,5.354825505534056,62.85931453203756,66.1780469302592,0.2
37,15,1,7.45193912782245,11.857727442524345,4.9759472000830955,62.85931453203756,66.1780469302592,0.2
37,15,2,11.354422720904637,16.15574648293452,6.67785746726327,62.85931453203756,66.1780469302592,0.2
37,15,3,8.631127589385244,9.382574278163444,4.090774023438452,62.85931453203756,66.1780469302592,0.2
37,15,4,9.103530849000066,13.734391382353875,5.792565422744154,62.85931453203756,66.1780469302592,0.2
37,15,5,15.495437664798477,20.90471620543732,8.80473646815259,62.85931453203756,66.1780469302592,0.2
37,15,6,10.576192547137804,8.04147940774951,3.924367781425285,62.85931453203756,66.1780469302592,0.2
37,15,7,10.319830727096408,14.751602114024973,6.000491865741919,62.85931453203756,66.1780469302592,0.2
37,15,8,6.687637273244581,11.178141990098647,4.698053311573218,62.85931453203756,66.1780469302592,0.2
37,15,9,8.910154037292024,13.419444623016252,5.502356547493961,62.85931453203756,66.1780469302592,0.2
37,16,0,10.832676022682556,10.4196944815338,4.529332932889728,70.48152485066865,70.60304877379889,0.2
37,16,1,10.06621483160703,14.236915047891628,5.655433035732546,70.48152485066865,70.60304877379889,0.2
37,16,2,13.509136085527746,18.047208968837914,7.21597894675624,70.48152485066865,70.60304877379889,0.2
37,16,3,8.275531972445618,12.508365343988814,5.002884446831413,70.48152485066865,70.60304877379889,0.2
37,16,4,11.718212759674687,16.133301878705726,6.48351673669114,70.48152485066865,70.60304877379889,0.2
37,16,5,17.811758296516658,22.863107735068322,9.374326001428503,70.48152485066865,70.60304877379889,0.2
37,16,6,7.938896370404473,13.015939111703199,5.497527233798744,70.48152485066865,70.60304877379889,0.2
37,16,7,12.138842673985764,8.970186979453784,4.23604402914309,70.48152485066865,70.60304877379889,0.2
37,16,8,9.504042551707366,13.69034669268594,5.414387292230976,70.48152485066865,70.60304877379889,0.2
37,16,9,11.131127574313654,15.398618987606726,6.058593162064991,70.48152485066865,70.60304877379889,0.2
37,17,0,9.162725509944998,11.517993362153264,4.858470076666993,68.57036358293468,65.12380045368906,0.2
37,17,1,11.440797422951082,13.078635907391567,5.329278957697975,68.57036358293468,65.12380045368906,0.2
37,17,2,14.597742174030452,16.082806760457135,6.6567387833000575,68.57036358293468,65.12380045368906,0.2
37,17,3,10.120708197761727,11.867282783891785,4.821986448229913,68.57036358293468,65.12380045368906,0.2
37,17,4,13.115989722471914,14.73149737747931,6.083831526934432,68.57036358293468,65.12380045368906,0.2
37,17,5,18.964023458754387,20.43320099288965,8.665245139221023,68.57036358293468,65.12380045368906,0.2
37,17,6,11.12135799533893,13.147541765187597,5.536377882569192,68.57036358293468,65.12380045368906,0.2
37,17,7,8.56940950514678,11.528102838028563,5.049285270631634,68.57036358293468,65.12380045368906,0.2
37,17,8,10.953168004718767,8.089042961936112,3.7461676114288394,68.57036358293468,65.12380045368906,0.2
37,17,9,12.256380121081893,9.193447910971933,4.222497906428438,68.57036358293468,65.12380045368906,0.2
37,18,0,9.82856159403129,9.883643203838615,4.364934156463395,58.86281461190491,55.26732075883847,0.2
37,18,1,10.780996005113309,6.089471579569252,3.1209043922210635,58.86281461190491,55.26732075883847,0.2
37,18,2,13.466413524136627,12.681037387647118,5.636591645349026,58.86281461190491,55.26732075883847,0.2
37,18,3,9.754756140131366,7.023877013749311,3.3402879792055047,58.86281461190491,55.26732075883847,0.2
37,18,4,12.30743669233531,11.774533207058592,5.2007376128083775,58.86281461190491,55.26732075883847,0.2
37,18,5,17.529570880189556,16.2921392122549,7.394861546553997,58.86281461190491,55.26732075883847,0.2
37,18,6,11.199951871267539,10.905630864770504,4.857245886118727,58.86281461190491,55.26732075883847,0.2
37,18,7,10.214575886054075,10.33411017018142,4.677249954550135,58.86281461190491,55.26732075883847,0.2
37,18,8,7.57840195153621,8.366251905919867,3.835578372945461,58.86281461190491,55.26732075883847,0.2
37,18,9,8.542006042871552,9.065855749324976,4.181390346545214,58.86281461190491,55.26732075883847,0.2
37,19,0,8.830150959810469,5.3876206872231895,2.8543923174660937,51.116815453525746,50.92758788983524,0.2
37,19,1,6.313510336379488,7.792512331214748,3.7089329960193305,51.116815453525746,50.92758788983524,0.2
37,19,2,11.402681768644397,11.496455669033892,5.262632007519916,51.116815453525746,50.92758788983524,0.2
37,19,3,6.757317762044506,7.827377881828104,3.6033918516968644,51.116815453525746,50.92758788983524,0.2
37,19,4,10.520960128450318,6.247543203499725,3.3373429818481655,51.116815453525746,50.92758788983524,0.2
37,19,5,14.959617131057838,14.760108969572233,6.900937007323907,51.116815453525746,50.92758788983524,0.2
37,19,6,9.826085087638,10.152522121814762,4.619939568478581,51.116815453525746,50.92758788983524,0.2
37,19,7,9.461957888709035,9.947876813098366,4.554185303509991,51.116815453525746,50.92758788983524,0.2
37,19,8,7.759277651678058,8.48116670401625,3.8723813970113126,51.116815453525746,50.92758788983524,0.2
37,19,9,8.458846493071512,9.069086504440158,4.182433362078307,51.116815453525746,50.92758788983524,0.2
37,20,0,5.774363176687754,5.940474164654813,3.0564024105710215,51.69087636661456,50.92758788983524,0.2
37,20,1,7.503077270060866,7.72267648810387,3.6856341929490215,51.69087636661456,50.92758788983524,0.2
37,20,2,10.646170917268217,10.962902537104467,5.090449245997911,51.69087636661456,50.92758788983524,0.2
37,20,3,7.289570215101392,7.505274217982662,3.4989414629258917,51.69087636661456,50.92758788983524,0.2
37,20,4,6.751360107172888,6.948882443127474,3.595380257711903,51.69087636661456,50.92758788983524,0.2
37,20,5,13.96042033041462,14.349457414991626,6.765972126402783,51.69087636661456,50.92758788983524,0.2
37,20,6,9.346020432968155,9.625839704849467,4.450835786901224,51.69087636661456,50.92758788983524,0.2
37,20,7,9.21300122463387,9.481852384762785,4.403770230689814,51.69087636661456,50.92758788983524,0.2
37,20,8,7.833729234824575,8.073666621076734,3.741181465135749,51.69087636661456,50.92758788983524,0.2
37,20,9,8.46095648700968,8.72512055886893,4.070751153833421,51.69087636661456,50.92758788983524,0.2
38,0,0,2.0,2.0,1.6818364035535824,17.366107452423023,17.366107452423023,0.0
38,0,1,2.0,2.0,1.4430403539379402,17.366107452423023,17.366107452423023,0.0
38,0,2,2.0,2.0,1.6494297893697878,17.366107452423023,17.366107452423023,0.0
38,0,3,2.0,2.0,1.288427075508878,17.366107452423023,17.366107452423023,0.0
38,0,4,2.0,2.0,1.6495781579943485,17.366107452423023,17.366107452423023,0.0
38,0,5,2.0,2.0,1.4146318433728742,17.366107452423023,17.366107452423023,0.0
38,0,6,2.0,2.0,1.36760552971476,17.366107452423023,17.366107452423023,0.0
38,0,7,2.0,2.0,1.6465900129449942,17.366107452423023,17.366107452423023,0.0
38,0,8,2.0,2.0,1.2879513979355257,17.366107452423023,17.366107452423023,0.0
38,0,9,2.0,2.0,1.395755817801388,17.366107452423023,17.366107452423023,0.0
38,1,0,3.4023123375394704,4.113667372560284,2.786269828259193,17.366107452423023,25.787013511606496,0.0
38,1,1,2.919233992911938,3.486863971699867,2.1294232067190637,17.366107452423023,25.787013511606496,0.0
38,1,2,3.336754579946377,4.028604926956732,2.6929054951401215,17.366107452423023,25.787013511606496,0.0
38,1,3,2.6064552567428683,2.6054929730908505,1.5504643327440695,17.366107452423023,25.787013511606496,0.0
38,1,4,3.337054725906341,4.028994372086186,2.6933299658522567,17.366107452423023,25.787013511606496,0.0
38,1,5,2.8617642974157405,3.4122959415158536,2.0561515221967053,17.366107452423023,25.787013511606496,0.0
38,1,6,2.7666312590239333,3.2888590028467317,1.9371869279996754,17.366107452423023,25.787013511606496,0.0
38,1,7,3.3310097843494244,4.021150944683538,2.6847864238953534,17.366107452423023,25.787013511606496,0.0
38,1,8,2.605492973090851,2.8525949864703475,1.6513782415578464,17.366107452423023,25.787013511606496,0.0
38,1,9,2.82357857700329,3.3627492382015425,2.0080503025370815,17.366107452423023,25.787013511606496,0.0
38,2,0,5.636553110855657,7.610072400344134,4.285829636167825,27.95691587709311,37.37053991543057,0.2
38,2,1,4.307769074777499,6.06521959800808,3.1372566595118725,27.95691587709311,37.37053991543057,0.2
38,2,2,5.4476794357550435,7.346005462170847,4.100612296874536,27.95691587709311,37.37053991543057,0.2
38,2,3,3.1365499742210727,4.7152907223823375,2.3485227840062533,27.95691587709311,37.37053991543057,0.2
38,2,4,5.4485381292271144,7.344333394407138,4.100327716635498,27.95691587709311,37.37053991543057,0.2
38,2,5,4.159542317575679,5.870449832702866,3.0060236949833943,27.95691587709311,37.37053991543057,0.2
38,2,6,3.918879964381446,3.7740911098642833,2.133086746489479,27.95691587709311,37.37053991543057,0.2
38,2,7,5.431254760794346,7.343199318978812,4.092457722551595,27.95691587709311,37.37053991543057,0.2
38,2,8,3.340696249245799,4.269875027576462,2.1901259586552135,27.95691587709311,37.37053991543057,0.2
38,2,9,4.062234771637891,5.6695999304849805,2.8945105703678835,27.95691587709311,37.37053991543057,0.2
38,3,0,8.67012452395256,11.686130452518238,5.786717253160084,40.768633493849315,48.56171506728504,0.2
38,3,1,6.346590557875889,9.003646470041613,4.136665296601545,40.768633493849315,48.56171506728504,0.2
38,3,2,8.295434549783673,11.186185078978596,5.504149701255451,40.768633493849315,48.56171506728504,0.2
38,3,3,4.7510019560368315,5.893573518558292,2.745389317789801,40.768633493849315,48.56171506728504,0.2
38,3,4,8.29485885118644,11.181419841263677,5.5030032441596335,40.768633493849315,48.56171506728504,0.2
38,3,5,6.0811096030317,8.6623090880025,3.946989818989705,40.768633493849315,48.56171506728504,0.2
38,3,6,4.315180322704834,6.770668759275979,3.211307904739139,40.768633493849315,48.56171506728504,0.2
38,3,7,8.27893805299736,11.192256308851519,5.496760732115878,40.768633493849315,48.56171506728504,0.2
38,3,8,4.430569200520158,6.745945916604316,3.016535748175716,40.768633493849315,48.56171506728504,0.2
38,3,9,5.855521383585812,5.144622592084605,2.7041819784390184,40.768633493849315,48.56171506728504,0.2
38,4,0,11.706382061108606,13.775674776851805,6.492945663378275,49.24701802945467,52.68186757522844,0.2
38,4,1,8.368368852738069,10.144726170341864,4.49702921915066,49.24701802945467,52.68186757522844,0.2
38,4,2,11.134755078839621,13.158958967452136,6.166914251234806,49.24701802945467,52.68186757522844,0.2
38,4,3,5.553852876254335,7.312614084900044,3.1929322536053966,49.24701802945467,52.68186757522844,0.2
38,4,4,11.132435825246752,13.156431267622073,6.166639655431982,49.24701802945467,52.68186757522844,0.2
38,4,5,7.9846601779561945,5.626691544745568,2.9180962219136184,49.24701802945467,52.68186757522844,0.2
38,4,6,6.496394346588364,8.313765166001476,3.7076461417772606,49.24701802945467,52.68186757522844,0.2
38,4,7,11.119807381898257,13.142996045825717,6.151068225033182,49.24701802945467,52.68186757522844,0.2
38,4,8,6.10237521970734,6.464289943851118,2.927811128801,49.24701802945467,52.68186757522844,0.2
38,4,9,5.4704914751251215,7.618555682405944,3.5595844593622488,49.24701802945467,52.68186757522844,0.2
38,5,0,13.135064201731378,12.848441192514755,6.183837383349228,48.69489069138696,48.62241839335661,0.2
38,5,1,9.097375917338633,4.890505258681203,2.698392308689595,48.69489069138696,48.62241839335661,0.2
38,5,2,12.475510933876452,12.305934552638556,5.884276306395858,48.69489069138696,48.62241839335661,0.2
38,5,3,6.459220870957468,5.65897193249331,2.6684257546785144,48.69489069138696,48.62241839335661,0.2
38,5,4,12.474955433540147,12.311103634979473,5.886535826952626,48.69489069138696,48.62241839335661,0.2
38,5,5,5.903234557752698,6.736598683555676,3.310022196711869,48.69489069138696,48.62241839335661,0.2
38,5,6,7.500473996606233,7.643065504043259,3.4956436871053858,48.69489069138696,48.62241839335661,0.2
38,5,7,12.4434548252485,12.240035005835644,5.852108128280192,48.69489069138696,48.62241839335661,0.2
38,5,8,5.92288756769537,6.267537741976676,2.8651433020323225,48.69489069138696,48.62241839335661,0.2
38,5,9,7.2009489728089955,7.587519752285779,3.5494276984527438,48.69489069138696,48.62241839335661,0.2
38,6,0,12.50974600041506,11.492014119429356,5.7192628585475465,43.9598966643349,44.43445522182603,0.2
38,6,1,5.458779120239045,5.798412806688402,3.0400020099140077,43.9598966643349,44.43445522182603,0.2
38,6,2,11.903741548488833,11.028732355472435,5.44980239038912,43.9598966643349,44.43445522182603,0.2
38,6,3,5.398157542414937,5.248745273280688,2.5314986102007038,43.9598966643349,44.43445522182603,0.2
38,6,4,11.9083125011992,11.038537651856174,5.453684133600983,43.9598966643349,44.43445522182603,0.2
38,6,5,6.696090852598494,6.490176164716995,3.2247939655267612,43.9598966643349,44.43445522182603,0.2
38,6,6,7.071598414180542,4.147763998789622,2.278818190884483,43.9598966643349,44.43445522182603,0.2
38,6,7,11.838666141006962,10.934773739149234,5.407933477724031,43.9598966643349,44.43445522182603,0.2
38,6,8,5.796112145465627,4.74407476449745,2.35767829383777,43.9598966643349,44.43445522182603,0.2
38,6,9,7.180402103399561,6.887517138917445,3.316899665877179,43.9598966643349,44.43445522182603,0.2
38,7,0,11.569923533675988,12.244462430485846,5.97888992337245,43.19288767752559,46.44365723783807,0.2
38,7,1,6.149846871325432,7.16217184336956,3.5244292344731565,43.19288767752559,46.44365723783807,0.2
38,7,2,11.024811848997574,11.723803738427282,5.688016067939613,43.19288767752559,46.44365723783807,0.2
38,7,3,5.121157406125484,5.025565361973387,2.4556603258594754,43.19288767752559,46.44365723783807,0.2
38,7,4,11.032664516946118,11.7325402205222,5.691494712572467,43.19288767752559,46.44365723783807,0.2
38,7,5,6.523676305110361,7.3737242284041,3.526170085686173,43.19288767752559,46.44365723783807,0.2
38,7,6,4.6099913341592975,5.855957282549196,2.901071156615328,43.19288767752559,46.44365723783807,0.2
38,7,7,10.94011210185284,11.634255253023726,5.6478283818018475,43.19288767752559,46.44365723783807,0.2
38,7,8,4.769523319940251,5.7092782400804145,2.6840173815596766,43.19288767752559,46.44365723783807,0.2
38,7,9,6.7100037980804315,4.337701233056966,2.399773177765553,43.19288767752559,46.44365723783807,0.2
38,8,0,12.095142493110163,15.665146065285873,7.10422758567653,49.49494327791292,54.54901822273276,0.2
38,8,1,7.129830845554521,10.359643354035327,4.563508273668315,49.49494327791292,54.54901822273276,0.2
38,8,2,11.506712069725477,14.939998255849225,6.739973975168452,49.49494327791292,54.54901822273276,0.2
38,8,3,4.967738482663725,7.965521350456699,3.389914853682092,49.49494327791292,54.54901822273276,0.2
38,8,4,11.513749279484564,5.500012529861657,3.3489331294248723,49.49494327791292,54.54901822273276,0.2
38,8,5,7.13335254335304,10.242583919087462,4.438222844310428,49.49494327791292,54.54901822273276,0.2
38,8,6,5.868793282971515,8.90652095243195,3.8907696268058634,49.49494327791292,54.54901822273276,0.2
38,8,7,11.425413401154154,14.881319353620198,6.709860416194372,49.49494327791292,54.54901822273276,0.2
38,8,8,5.429699007677554,6.886056644476442,3.060256939812792,49.49494327791292,54.54901822273276,0.2
38,8,9,4.854680201211328,8.220431635822836,3.7541764855463975,49.49494327791292,54.54901822273276,0.2
38,9,0,14.371672008267026,19.081214200741133,8.156182905358339,59.945870325119735,63.64412227302759,0.2
38,9,1,9.231861356526105,13.289616581100846,5.432705899221962,59.945870325119735,63.64412227302759,0.2
38,9,2,13.63479620369627,18.119718871645844,7.714696681149802,59.945870325119735,63.64412227302759,0.2
38,9,3,6.85771166893608,8.737201026123472,3.6165916510146796,59.945870325119735,63.64412227302759,0.2
38,9,4,6.7748066814121035,11.618585332730984,5.652742168070177,59.945870325119735,63.64412227302759,0.2
38,9,5,8.97841211430634,7.601495264415744,3.6020667241212263,59.945870325119735,63.64412227302759,0.2
38,9,6,7.870928156766877,11.521366998510592,4.658999444762473,59.945870325119735,63.64412227302759,0.2
38,9,7,13.57387723856491,18.09758272729675,7.694827339870781,59.945870325119735,63.64412227302759,0.2
38,9,8,6.190822080177507,9.728055924554548,3.8975950842886284,59.945870325119735,63.64412227302759,0.2
38,9,9,7.594603700506795,11.301066803316758,4.691071574567222,59.945870325119735,63.64412227302759,0.2
38,10,0,16.499750907695883,19.871642595503264,8.391244757909432,66.26701419959771,66.20758650418568,0.2
38,10,1,10.990226081497386,13.92017490222682,5.6118850103172795,66.26701419959771,66.20758650418568,0.2
38,10,2,15.606635486775833,18.85956317366526,7.933868124452192,66.26701419959771,66.20758650418568,0.2
38,10,3,7.316273073939004,10.067053777361934,3.9936547514948315,66.26701419959771,66.20758650418568,0.2
38,10,4,11.435353865999277,15.098893131294549,6.7906833286553,66.26701419959771,66.20758650418568,0.2
38,10,5,7.286889515664823,10.668684299689286,4.5666742923693535,66.26701419959771,66.20758650418568,0.2
38,10,6,9.425037570843548,7.945483997163768,3.5918988755943233,66.26701419959771,66.20758650418568,0.2
38,10,7,15.56644031391029,18.833966590190798,7.912682448264672,66.26701419959771,66.20758650418568,0.2
38,10,8,7.884735883935759,8.986075685344579,3.68703727591343,66.26701419959771,66.20758650418568,0.2
38,10,9,9.489918675031388,12.280394999279114,4.972068291743736,66.26701419959771,66.20758650418568,0.2
38,11,0,16.975275066484247,17.257725973240614,7.60240933929494,62.605754028254566,59.0088598957575,0.2
38,11,1,11.352700873350429,6.430694997022213,3.268421189476391,62.605754028254566,59.0088598957575,0.2
38,11,2,16.050013751159025,16.44737323287853,7.2090895505304236,62.605754028254566,59.0088598957575,0.2
38,11,3,8.079062151452055,7.428385826930382,3.228233668367745,62.605754028254566,59.0088598957575,0.2
38,11,4,13.737379938138226,14.69285991663105,6.662333017184299,62.605754028254566,59.0088598957575,0.2
38,11,5,9.238266131963632,10.143650822160033,4.40817103431479,62.605754028254566,59.0088598957575,0.2
38,11,6,7.2663202162869425,8.711046265157949,3.830796442139077,62.605754028254566,59.0088598957575,0.2
38,11,7,16.00715566619926,16.370953418589984,7.1732548549310104,62.605754028254566,59.0088598957575,0.2
38,11,8,7.4587827842843595,8.328923771354125,3.496155164184686,62.605754028254566,59.0088598957575,0.2
38,11,9,10.058367898533573,10.713755419943883,4.5190553354340945,62.605754028254566,59.0088598957575,0.2
38,12,0,15.379481045514424,14.016071858459547,6.57205474468371,53.10803169620949,50.492479718686965,0.2
38,12,1,6.611933071334946,7.063426506392419,3.4903443904071487,53.10803169620949,50.492479718686965,0.2
38,12,2,14.583805100407972,13.415121895933238,6.250706009298978,53.10803169620949,50.492479718686965,0.2
38,12,3,6.530634736613344,6.3401104602908855,2.8893930432571886,53.10803169620949,50.492479718686965,0.2
38,12,4,13.47773051723014,12.623331352491352,5.99064642963341,53.10803169620949,50.492479718686965,0.2
38,12,5,8.917618065790375,8.353154050097103,3.8478468347496766,53.10803169620949,50.492479718686965,0.2
38,12,6,7.749603927084249,7.541332772254779,3.4630082384380954,53.10803169620949,50.492479718686965,0.2
38,12,7,14.511312421160307,13.304443321318198,6.203862666794087,53.10803169620949,50.492479718686965,0.2
38,12,8,7.072633119324036,5.713352141682249,2.6853578797071056,53.10803169620949,50.492479718686965,0.2
38,12,9,9.141934191271144,4.9531397215322945,2.6333273822895595,53.10803169620949,50.492479718686965,0.2
38,13,0,13.295099864396423,13.269602346276026,6.325040162833486,47.78319000071361,48.906119115912055,0.2
38,13,1,7.060878071524979,7.634545149917276,3.6855787616644493,47.78319000071361,48.906119115912055,0.2
38,13,2,12.645019532717274,12.697688830090447,6.014785067928169,47.78319000071361,48.906119115912055,0.2
38,13,3,5.845168756190175,5.418512795370089,2.5885402240352624,47.78319000071361,48.906119115912055,0.2
38,13,4,12.118925606743279,12.275641122306746,5.874661248744893,47.78319000071361,48.906119115912055,0.2
38,13,5,7.784096438375097,8.080932846050455,3.759633245174255,47.78319000071361,48.906119115912055,0.2
38,13,6,7.005577730238128,4.748804984791702,2.5052373955420792,47.78319000071361,48.906119115912055,0.2
38,13,7,12.550256640322251,12.589928987648312,5.968714094079258,47.78319000071361,48.906119115912055,0.2
38,13,8,5.432410801390551,6.021082317302543,2.785804741007079,47.78319000071361,48.906119115912055,0.2
38,13,9,5.327154426324584,6.376423370668379,3.1426242051111735,47.78319000071361,48.906119115912055,0.2
38,14,0,12.79539563775141,15.399355081390508,7.019634905194777,50.96099303107441,54.63709978900808,0.2
38,14,1,7.455832246994705,9.83217520655722,4.399589991409474,50.96099303107441,54.63709978900808,0.2
38,14,2,12.167757459061454,14.677496614452005,6.656857021025981,50.96099303107441,54.63709978900808,0.2
38,14,3,5.2365511424558555,7.439953891686803,3.2317519278752043,50.96099303107441,54.63709978900808,0.2
38,14,4,11.884290531015964,14.40436710715879,6.570491039583915,50.96099303107441,54.63709978900808,0.2
38,14,5,7.605642586670527,5.518166392601077,2.878583204969692,50.96099303107441,54.63709978900808,0.2
38,14,6,5.068031635721762,7.524726753971329,3.4576685916209335,50.96099303107441,54.63709978900808,0.2
38,14,7,12.074557048844731,14.599262905774218,6.62058141602793,50.96099303107441,54.63709978900808,0.2
38,14,8,5.635612251154584,6.4378079886259,2.919410001177726,50.96099303107441,54.63709978900808,0.2
38,14,9,6.3574489663252605,8.64833811403468,3.8899257532955027,50.96099303107441,54.63709978900808,0.2
38,15,0,14.200543163713249,19.413474481236797,8.255341434784834,60.04949108349069,63.75320267361859,0.2
38,15,1,8.90025883389123,13.468327323036823,5.483742367457308,60.04949108349069,63.75320267361859,0.2
38,15,2,13.466652716053764,7.0883999093621695,3.9994160470525117,60.04949108349069,63.75320267361859,0.2
38,15,3,6.537752086257816,8.797133395320632,3.633939309939735,60.04949108349069,63.75320267361859,0.2
38,15,4,13.291936528686682,18.2672099025408,7.759298400768258,60.04949108349069,63.75320267361859,0.2
38,15,5,5.8233007278286495,10.67807492484323,4.569487646463216,60.04949108349069,63.75320267361859,0.2
38,15,6,6.99477576031659,11.22955461730444,4.5760801593895435,60.04949108349069,63.75320267361859,0.2
38,15,7,13.39326808828866,18.415062770664314,7.789072074040987,60.04949108349069,63.75320267361859,0.2
38,15,8,5.905892299843209,10.00369849340768,3.974576803166406,60.04949108349069,63.75320267361859,0.2
38,15,9,7.8692210220838845,12.066385933457132,4.911255158976264,60.04949108349069,63.75320267361859,0.2
38,16,0,16.700346094794465,20.935408728772856,8.703216008211232,67.89899592059123,68.34472292288851,0.2
38,16,1,11.093471560769132,14.749215310213167,5.843805058348124,67.89899592059123,68.34472292288851,0.2
38,16,2,8.090717106068743,13.016501543539961,6.120104374332188,67.89899592059123,68.34472292288851,0.2
38,16,3,7.351366947435518,10.697316395015381,4.167074207922859,67.89899592059123,68.34472292288851,0.2
38,16,4,15.696863632993097,19.749887015466893,8.194965533807917,67.89899592059123,68.34472292288851,0.2
38,16,5,9.243957475856055,12.907145960779518,5.217994148970921,67.89899592059123,68.34472292288851,0.2
38,16,6,9.257293962102423,12.599478727900154,4.96005686487839,67.89899592059123,68.34472292288851,0.2
38,16,7,15.757095017981335,19.83992659843248,8.206208038810274,67.89899592059123,68.34472292288851,0.2
38,16,8,8.04046794642974,9.624878088698605,3.8686117271345353,67.89899592059123,68.34472292288851,0.2
38,16,9,9.935344475172048,8.50612390937176,3.8450380614089985,67.89899592059123,68.34472292288851,0.2
38,17,0,17.606384983962982,18.66397291529404,8.030925895537122,66.37705568228306,63.049354746823546,0.2
38,17,1,11.821869241374133,12.813396765272218,5.295688984589049,66.37705568228306,63.049354746823546,0.2
38,17,2,12.380815741545039,14.382472811484721,6.562908208272222,66.37705568228306,63.049354746823546,0.2
38,17,3,8.429885308168004,8.239105623324889,3.471002248633244,66.37705568228306,63.049354746823546,0.2
38,17,4,16.57820718024261,17.705895765713382,7.591619501997379,66.37705568228306,63.049354746823546,0.2
38,17,5,10.555869662912148,11.720694962420072,4.877415871855084,66.37705568228306,63.049354746823546,0.2
38,17,6,10.034069086990984,7.307163759471527,3.3873809391192484,66.37705568228306,63.049354746823546,0.2
38,17,7,16.6009504823816,17.691568468455547,7.573574751479543,66.37705568228306,63.049354746823546,0.2
38,17,8,7.826103288387031,9.106024095707632,3.7214195471356435,66.37705568228306,63.049354746823546,0.2
38,17,9,7.77841436123005,9.731561463913689,4.2248979255862995,66.37705568228306,63.049354746823546,0.2
38,18,0,16.246359157477144,15.037682249805544,6.903818801651642,56.987805595001504,53.11186330727024,0.2
38,18,1,10.713044342463695,5.391082846970453,2.888887855901779,56.987805595001504,53.11186330727024,0.2
38,18,2,13.276596653493861,12.874607302055324,6.07332651979075,56.987805595001504,53.11186330727024,0.2
38,18,3,7.021749409871118,6.941355903705455,3.0785758944291586,56.987805595001504,53.11186330727024,0.2
38,18,4,15.357653478647656,14.365951174334304,6.558219841321724,56.987805595001504,53.11186330727024,0.2
38,18,5,9.866888456606471,9.298134985805822,4.147625401671577,56.987805595001504,53.11186330727024,0.2
38,18,6,6.852585624119106,7.371258500363187,3.408152350698102,56.987805595001504,53.11186330727024,0.2
38,18,7,15.321149406560181,14.271034469669692,6.516033352292248,56.987805595001504,53.11186330727024,0.2
38,18,8,7.528337245898342,6.270847764088461,2.866202419005377,56.987805595001504,53.11186330727024,0.2
38,18,9,8.54686122068425,8.553905330699898,3.8601444566362635,56.987805595001504,53.11186330727024,0.2
38,19,0,13.966250127162263,13.417883849836446,6.374433155752985,49.1232301076662,48.90553143536154,0.2
38,19,1,5.844146774998397,6.705805726340499,3.365682590383759,49.1232301076662,48.90553143536154,0.2
38,19,2,12.286185329637147,12.092208844940526,5.812551105755157,49.1232301076662,48.90553143536154,0.2
38,19,3,6.227880860193446,5.5345272051027585,2.627212575867877,49.1232301076662,48.90553143536154,0.2
38,19,4,13.267112206204644,12.849248363682742,6.06549581089604,49.1232301076662,48.90553143536154,0.2
38,19,5,8.390540866984939,4.795362263364467,2.6091402696987154,49.1232301076662,48.90553143536154,0.2
38,19,6,6.894605662294949,7.171708481330172,3.343302635481936,49.1232301076662,48.90553143536154,0.2
38,19,7,13.181770010138967,12.735400301440652,6.016907018520549,49.1232301076662,48.90553143536154,0.2
38,19,8,5.7982547122079735,6.122862845325663,2.818685683676842,49.1232301076662,48.90553143536154,0.2
38,19,9,7.8089742151783135,7.930412397244853,3.66096426950787,49.1232301076662,48.90553143536154,0.2
38,20,0,12.895316408191947,13.24893961691449,6.318144236677797,49.63851389422312,48.90553143536154,0.2
38,20,1,6.80869041561309,7.031994307555248,3.479464713270418,49.63851389422312,48.90553143536154,0.2
38,20,2,11.758643288909763,12.073572484319959,5.8062788935159455,49.63851389422312,48.90553143536154,0.2
38,20,3,5.314784328206719,5.5071989624369,2.6181250288469147,49.63851389422312,48.90553143536154,0.2
38,20,4,12.270344004388237,12.598051625493726,5.982246015863652,49.63851389422312,48.90553143536154,0.2
38,20,5,5.278224511736334,5.451715637814528,2.8542740513264375,49.63851389422312,48.90553143536154,0.2
38,20,6,6.763416335140601,6.977696994491933,3.2797317612599177,49.63851389422312,48.90553143536154,0.2
38,20,7,12.172050111227176,12.50407839782212,5.940194448380643,49.63851389422312,48.90553143536154,0.2
38,20,8,5.702129563230175,5.898962236090076,2.7461320006115106,49.63851389422312,48.90553143536154,0.2
38,20,9,7.406037754397417,7.63062640491552,3.5635313474039325,49.63851389422312,48.90553143536154,0.2
39,0,0,2.0,2.0,1.429245997373769,17.649785425582998,17.649785425582998,0.0
39,0,1,2.0,2.0,1.5158934383379272,17.649785425582998,17.649785425582998,0.0
39,0,2,2.0,2.0,1.4077509018495222,17.649785425582998,17.649785425582998,0.0
39,0,3,2.0,2.0,1.4889712808524305,17.649785425582998,17.649785425582998,0.0
39,0,4,2.0,2.0,1.5112999689848587,17.649785425582998,17.649785425582998,0.0
39,0,5,2.0,2.0,1.4233440688778116,17.649785425582998,17.649785425582998,0.0
39,0,6,2.0,2.0,1.344411448189987,17.649785425582998,17.649785425582998,0.0
39,0,7,2.0,2.0,1.5399573668915276,17.649785425582998,17.649785425582998,0.0
39,0,8,2.0,2.0,1.4458590115090915,17.649785425582998,17.649785425582998,0.0
39,0,9,2.0,2.0,1.5051065773694126,17.649785425582998,17.649785425582998,0.0
39,1,0,2.8913283598625332,3.51368563119017,2.1204108583663657,17.649785425582998,26.084101737740887,0.0
39,1,1,3.066613932695709,3.7469988123624502,2.3524812189962803,17.649785425582998,26.084101737740887,0.0
39,1,2,2.8478443274416563,2.7197102210663204,1.745704215566107,17.649785425582998,26.084101737740887,0.0
39,1,3,3.0121510917365355,3.6745062593560576,2.279316415602496,17.649785425582998,26.084101737740887,0.0
39,1,4,3.0573214608363575,3.73463010377214,2.3399306815507113,17.649785425582998,26.084101737740887,0.0
39,1,5,2.879388908382803,3.49779367065307,2.104964763628733,17.649785425582998,26.084101737740887,0.0
39,1,6,2.7197102210663204,3.0233096904498646,1.7953496868958863,17.649785425582998,26.084101737740887,0.0
39,1,7,3.1152946491046247,3.811795090935356,2.418679831817892,17.649785425582998,26.084101737740887,0.0
39,1,8,2.924936065604243,3.5584190374355504,2.1641378038510393,17.649785425582998,26.084101737740887,0.0
39,1,9,3.044792386867021,3.7179533285094624,2.323052422574626,17.649785425582998,26.084101737740887,0.0
39,2,0,4.289537322910434,6.082164895490441,3.1133412142544903,28.279003215449514,37.8398812402418,0.2
39,2,1,4.75900976950517,6.612394244051672,3.5010538725918328,28.279003215449514,37.8398812402418,0.2
39,2,2,3.531515299446307,5.332269554333202,2.7966832681810585,28.279003215449514,37.8398812402418,0.2
39,2,3,4.610999230112423,6.480655220421822,3.3907718276281864,28.279003215449514,37.8398812402418,0.2
39,2,4,4.7336203509484145,6.631109085945591,3.4973572501117145,28.279003215449514,37.8398812402418,0.2
39,2,5,4.2582902654786805,4.172294322691602,2.3815042168958365,28.279003215449514,37.8398812402418,0.2
39,2,6,3.631946827299657,4.746578355282248,2.461941126144021,28.279003215449514,37.8398812402418,0.2
39,2,7,4.892927882262795,6.758791169485586,3.6115698629498203,28.279003215449514,37.8398812402418,0.2
39,2,8,4.377995823268183,6.315395941945188,3.23359301299712,28.279003215449514,37.8398812402418,0.2
39,2,9,4.699476061629199,6.516062160354908,3.4406136636445748,28.279003215449514,37.8398812402418,0.2
39,3,0,6.2982102194047895,6.652842502642872,3.3150574353997295,41.280651904555924,49.06252452810081,0.2
39,3,1,7.082543082038856,10.079196058561816,4.702684046228223,41.280651904555924,49.06252452810081,0.2
39,3,2,5.657619235389248,8.556703749563862,3.8942099718830843,41.280651904555924,49.06252452810081,0.2
39,3,3,6.8594453054679,9.880067936334685,4.555093289131742,41.280651904555924,49.06252452810081,0.2
39,3,4,7.075064908629861,10.14345940941786,4.709338884311915,41.280651904555924,49.06252452810081,0.2
39,3,5,4.8177225572753715,7.811066386397368,3.693908463407753,41.280651904555924,49.06252452810081,0.2
39,3,6,4.980444382151083,7.757272100298744,3.472222306620871,41.280651904555924,49.06252452810081,0.2
39,3,7,7.306114124201991,10.325356366477088,4.8587128785365605,41.280651904555924,49.06252452810081,0.2
39,3,8,6.541476554708803,5.738056869109832,3.023711438864999,41.280651904555924,49.06252452810081,0.2
39,3,9,6.960274074095975,9.896074210702835,4.6096751065168755,41.280651904555924,49.06252452810081,0.2
39,4,0,6.706277012604288,8.875237358132736,4.056130985267229,49.754894913785115,53.27133764748611,0.2
39,4,1,9.513410410326255,11.483487597084675,5.152278616918521,49.754894913785115,53.27133764748611,0.2
39,4,2,7.877887887497457,6.318297252693961,3.1493784763160457,49.754894913785115,53.27133764748611,0.2
39,4,3,9.214838056490207,11.153001964374123,4.958377284786869,49.754894913785115,53.27133764748611,0.2
39,4,4,9.52687297878335,11.495983009577966,5.140578029591983,49.754894913785115,53.27133764748611,0.2
39,4,5,7.472683022105403,9.465483403260812,4.225604611737255,49.754894913785115,53.27133764748611,0.2
39,4,6,7.02421755619917,7.1850042537426955,3.290865447045777,49.754894913785115,53.27133764748611,0.2
39,4,7,9.82905277604796,11.829993552280348,5.344128057939032,49.754894913785115,53.27133764748611,0.2
39,4,8,6.116891459759542,8.525788895071395,3.989506267270662,49.754894913785115,53.27133764748611,0.2
39,4,9,9.32525568706497,11.278222815320769,5.051434498738597,49.754894913785115,53.27133764748611,0.2
39,5,0,8.205449985915443,8.74392011077461,4.01402723083961,49.23974952148524,48.87340006019268,0.2
39,5,1,10.422928810283775,10.703698760509118,4.90480098958489,49.23974952148524,48.87340006019268,0.2
39,5,2,6.371112685461598,7.506912660098883,3.553266418179982,49.23974952148524,48.87340006019268,0.2
39,5,3,10.03067133911539,6.174563015848752,3.277854586569234,49.23974952148524,48.87340006019268,0.2
39,5,4,10.399258819235046,10.578296737806115,4.84976503751768,49.23974952148524,48.87340006019268,0.2
39,5,5,8.548290828822763,5.331417841044998,2.827344988428558,49.23974952148524,48.87340006019268,0.2
39,5,6,6.657337234471079,7.359076643797666,3.346474602007015,49.23974952148524,48.87340006019268,0.2
39,5,7,10.811035357837964,11.113264958903697,5.11536784171114,49.23974952148524,48.87340006019268,0.2
39,5,8,8.070669873208967,8.54703558211349,3.9964631012590894,49.23974952148524,48.87340006019268,0.2
39,5,9,10.218923719939141,10.55532649244302,4.822546529395867,49.23974952148524,48.87340006019268,0.2
39,6,0,8.120275159848447,4.56738465675874,2.547729405784297,44.186811089888515,44.383489889986095,0.2
39,6,1,9.92228785438394,9.395047213543569,4.476895456713228,44.186811089888515,44.383489889986095,0.2
39,6,2,7.188167735931205,7.047777300936406,3.3997058148963624,44.186811089888515,44.383489889986095,0.2
39,6,3,6.63101659411164,7.029106486863853,3.5891814135536473,44.186811089888515,44.383489889986095,0.2
39,6,4,9.810951520879172,9.199550252161858,4.398112091517537,44.186811089888515,44.383489889986095,0.2
39,6,5,5.719647116857286,6.2403502627391285,3.1567135593547984,44.186811089888515,44.383489889986095,0.2
39,6,6,6.7698331428751315,5.2733463978349695,2.6501570746608274,44.186811089888515,44.383489889986095,0.2
39,6,7,10.348259249314067,9.814273383286658,4.689088254015109,44.186811089888515,44.383489889986095,0.2
39,6,8,8.084743371712761,7.580839922693842,3.6745746742091496,44.186811089888515,44.383489889986095,0.2
39,6,9,9.75588917010796,9.289387349719842,4.409985966197394,44.186811089888515,44.383489889986095,0.2
39,7,0,5.1539918934427185,7.328629806906227,3.5473328190158195,43.14334639604436,46.547220768644664,0.2
39,7,1,9.056645827184072,4.854321967106273,2.8199257978441166,43.14334639604436,46.547220768644664,0.2
39,7,2,6.8775185348507994,8.328629750838713,3.8212575203593997,43.14334639604436,46.547220768644664,0.2
39,7,3,7.26082285958313,8.949479140068808,4.250340822925863,43.14334639604436,46.547220768644664,0.2
39,7,4,8.897269079938132,10.238637807769344,4.740227686140495,43.14334639604436,46.547220768644664,0.2
39,7,5,6.3859513721893295,8.06750593870222,3.778386707002512,43.14334639604436,46.547220768644664,0.2
39,7,6,5.361200466635504,7.049667051853955,3.247350971283918,43.14334639604436,46.547220768644664,0.2
39,7,7,9.485906467916898,10.842503448726273,5.0278046933818965,43.14334639604436,46.547220768644664,0.2
39,7,8,7.43357125749928,8.824458980951025,4.086830362615106,43.14334639604436,46.547220768644664,0.2
39,7,9,8.921289626902343,5.813903168601731,3.17668178389682,43.14334639604436,46.547220768644664,0.2
39,8,0,7.176164215493911,10.484544479821276,4.557961833130016,49.6053107939051,54.826073844735575,0.2
39,8,1,5.704638282700369,9.647154098288258,4.560654020804054,49.6053107939051,54.826073844735575,0.2
39,8,2,7.730306930545674,6.414674659458502,3.182929809012695,49.6053107939051,54.826073844735575,0.2
39,8,3,8.598331555931034,11.969790187064564,5.209858173473189,49.6053107939051,54.826073844735575,0.2
39,8,4,9.589360240523632,12.958553161423986,5.5900956214121615,49.6053107939051,54.826073844735575,0.2
39,8,5,7.643580363742684,10.87578374590501,4.657054211361441,49.6053107939051,54.826073844735575,0.2
39,8,6,6.569308554967343,9.655024430411148,4.047049990315885,49.6053107939051,54.826073844735575,0.2
39,8,7,10.171121223733868,7.389138420856828,3.844176879598395,49.6053107939051,54.826073844735575,0.2
39,8,8,8.267554046741317,11.69735084370102,4.978129733432414,49.6053107939051,54.826073844735575,0.2
39,8,9,6.42634658338498,10.10133715362512,4.6763979716189,49.6053107939051,54.826073844735575,0.2
39,9,0,9.220641048157818,13.369714901773508,5.403454391997675,60.25033667356274,63.78674343828161,0.2
39,9,1,9.22608727545971,13.595921980929486,5.798741390853513,60.25033667356274,63.78674343828161,0.2
39,9,2,6.438986179538375,10.804564546932214,4.5849003935028945,60.25033667356274,63.78674343828161,0.2
39,9,3,10.539410791076953,14.890318315516689,6.070131668850379,60.25033667356274,63.78674343828161,0.2
39,9,4,11.308621492893037,15.73775421430567,6.404564552859305,60.25033667356274,63.78674343828161,0.2
39,9,5,9.421102413068546,7.812645760606434,3.694431275604974,60.25033667356274,63.78674343828161,0.2
39,9,6,8.187079363722457,8.97834366587027,3.8463478923712136,60.25033667356274,63.78674343828161,0.2
39,9,7,7.7766722122951775,12.359797347357244,5.510558862921111,60.25033667356274,63.78674343828161,0.2
39,9,8,10.070630041151665,14.602294320441638,5.814330542056716,60.25033667356274,63.78674343828161,0.2
39,9,9,9.460234348873538,13.714780121260517,5.792665506224356,60.25033667356274,63.78674343828161,0.2
39,10,0,10.93105102516579,8.120820668241159,3.811587831009362,66.41551304671053,65.81567496355818,0.2
39,10,1,11.730706586333643,15.523287788275018,6.362624192062432,66.41551304671053,65.81567496355818,0.2
39,10,2,9.275137071741643,12.97616184682638,5.212033456895313,66.41551304671053,65.81567496355818,0.2
39,10,3,12.279722227311582,15.891393377230136,6.3529978606207544,66.41551304671053,65.81567496355818,0.2
39,10,4,12.956271459411864,16.59821503516901,6.647718903453452,66.41551304671053,65.81567496355818,0.2
39,10,5,7.473740657904618,11.77964640646836,4.924719248556747,66.41551304671053,65.81567496355818,0.2
39,10,6,7.781064116006092,11.450350703049606,4.560204900959315,66.41551304671053,65.81567496355818,0.2
39,10,7,11.147720650141494,15.173457809738565,6.361314886447834,66.41551304671053,65.81567496355818,0.2
39,10,8,11.762243043362615,9.369054890464426,4.261789524108384,66.41551304671053,65.81567496355818,0.2
39,10,9,11.718415226013718,15.419661801934474,6.2877990043246355,66.41551304671053,65.81567496355818,0.2
39,11,0,7.710745394532843,9.737751219588995,4.328197403499349,62.23516330279731,58.6340725150611,0.2
39,11,1,12.871427174510815,13.685299885407957,5.825399297373311,62.23516330279731,58.6340725150611,0.2
39,11,2,10.543811334202967,11.319758107483597,4.736862952119794,62.23516330279731,58.6340725150611,0.2
39,11,3,12.851953350445608,6.8378523059967975,3.5205387221607167,62.23516330279731,58.6340725150611,0.2
39,11,4,13.448166536248634,13.993965414685777,5.899133626110893,62.23516330279731,58.6340725150611,0.2
39,11,5,9.96258198649992,11.05413716822022,4.7103837875649175,62.23516330279731,58.6340725150611,0.2
39,11,6,9.225178717418295,8.019757014200154,3.5540542448636008,62.23516330279731,58.6340725150611,0.2
39,11,7,12.868778482499664,13.850197827951574,5.967698648726705,62.23516330279731,58.6340725150611,0.2
39,11,8,8.621491987706557,10.210382517317871,4.526206437717623,62.23516330279731,58.6340725150611,0.2
39,11,9,12.720057719752251,13.551680770452814,5.744357634276628,62.23516330279731,58.6340725150611,0.2
39,12,0,8.755833441420084,8.940775193107456,4.0770741517890405,52.770722686536615,50.10599325777421,0.2
39,12,1,11.784634854299329,11.389267729434113,5.122650630396441,52.770722686536615,50.10599325777421,0.2
39,12,2,9.582553469040402,6.600670482530642,3.2472554475309168,52.770722686536615,50.10599325777421,0.2
39,12,3,7.121960437938181,8.37041595771504,4.055909466891833,52.770722686536615,50.10599325777421,0.2
39,12,4,11.933797529000628,5.584632258801702,3.101172205484226,52.770722686536615,50.10599325777421,0.2
39,12,5,9.52898679153096,9.357647648578187,4.191848525593728,52.770722686536615,50.10599325777421,0.2
39,12,6,7.189761489306894,7.570580529198665,3.413513568282788,52.770722686536615,50.10599325777421,0.2
39,12,7,12.072502828681706,11.744517313104813,5.317069309254524,52.770722686536615,50.10599325777421,0.2
39,12,8,9.156400689602878,9.003227595196577,4.144610371336702,52.770722686536615,50.10599325777421,0.2
39,12,9,11.620689627744612,11.286046051475278,5.053887023264708,52.770722686536615,50.10599325777421,0.2
39,13,0,8.24781747997952,8.805785157082486,4.033886248926342,47.4174413566108,48.85525516969062,0.2
39,13,1,10.362992145892674,10.755812127207541,4.921504896706038,47.4174413566108,48.85525516969062,0.2
39,13,2,6.569115312840654,7.536253210684535,3.562982215565231,47.4174413566108,48.85525516969062,0.2
39,13,3,8.20500185986703,8.999609820491285,4.266992710093102,47.4174413566108,48.85525516969062,0.2
39,13,4,6.273592623670021,7.789682400532319,3.91465507812314,47.4174413566108,48.85525516969062,0.2
39,13,5,8.480003123722254,6.276660966358407,3.169559935891893,47.4174413566108,48.85525516969062,0.2
39,13,6,6.905451269331441,5.600321396373943,2.764141497790146,47.4174413566108,48.85525516969062,0.2
39,13,7,10.75629619635165,11.165750791045399,5.132267120988275,47.4174413566108,48.85525516969062,0.2
39,13,8,8.384441537178112,8.828588917144847,4.088169143249303,47.4174413566108,48.85525516969062,0.2
39,13,9,10.223885114778541,10.640152481010464,4.849642811589769,47.4174413566108,48.85525516969062,0.2
39,14,0,8.160449449158124,11.165957900221189,4.763357505181345,50.90799194949646,54.904029003061844,0.2
39,14,1,9.956079434327929,6.116320622427604,3.3150558269114407,50.90799194949646,54.904029003061844,0.2
39,14,2,7.207822547328449,10.321499147832231,4.440427299450954,50.90799194949646,54.904029003061844,0.2
39,14,3,8.632017900829208,11.825918609580002,5.165944597231716,50.90799194949646,54.904029003061844,0.2
39,14,4,7.919247818258779,11.351483961116916,5.09526204565981,50.90799194949646,54.904029003061844,0.2
39,14,5,6.411939265716003,9.783752379967519,4.324567854101918,50.90799194949646,54.904029003061844,0.2
39,14,6,5.591788060221176,8.81363605266435,3.7968180376161644,50.90799194949646,54.904029003061844,0.2
39,14,7,10.382446062168537,13.468074944962563,5.851962950066494,50.90799194949646,54.904029003061844,0.2
39,14,8,8.270262365968659,11.4546768232952,4.905609087302775,50.90799194949646,54.904029003061844,0.2
39,14,9,9.81070426093069,7.300855294328849,3.7256999426913127,50.90799194949646,54.904029003061844,0.2
39,15,0,9.636151277108087,9.424583271607668,4.230283729149141,60.34286250183361,64.10135973278788,0.2
39,15,1,6.706273758673323,12.076336512251554,5.337062891752831,60.34286250183361,64.10135973278788,0.2
39,15,2,8.982871671077923,13.554312903837193,5.373522507542111,60.34286250183361,64.10135973278788,0.2
39,15,3,10.450574741437311,15.248803538058,6.172063173835347,60.34286250183361,64.10135973278788,0.2
39,15,4,10.307585734448438,15.214216680052125,6.254669906068642,60.34286250183361,64.10135973278788,0.2
39,15,5,8.74849095515418,13.37016854520305,5.381269176524687,60.34286250183361,64.10135973278788,0.2
39,15,6,7.6808664775475695,12.063576673886582,4.7298184085470085,60.34286250183361,64.10135973278788,0.2
39,15,7,11.838372449167158,7.964847894638816,4.05146359912964,60.34286250183361,64.10135973278788,0.2
39,15,8,9.923922615547205,14.896615193641946,5.896119386616594,60.34286250183361,64.10135973278788,0.2
39,15,9,7.536996377415434,12.583718762571843,5.453967669292258,60.34286250183361,64.10135973278788,0.2
39,16,0,8.557756564530244,12.768024973411604,5.232058534652483,68.26979320996479,68.65595788390794,0.2
39,16,1,10.796742706048951,15.035032294450252,6.2218671220297255,68.26979320996479,68.65595788390794,0.2
39,16,2,10.870499582972124,9.17621793452464,4.089492545772912,68.26979320996479,68.65595788390794,0.2
39,16,3,12.485927073550823,16.506624137385842,6.5241826032769294,68.26979320996479,68.65595788390794,0.2
39,16,4,12.653038395227126,16.7681070060429,6.695276270277819,68.26979320996479,68.65595788390794,0.2
39,16,5,10.886170897612814,14.732168049536696,5.759377745794949,68.26979320996479,68.65595788390794,0.2
39,16,6,9.568302536274656,10.402335245743819,4.263858632417342,68.26979320996479,68.65595788390794,0.2
39,16,7,8.196007982277974,13.061779893512929,5.727819894238039,68.26979320996479,68.65595788390794,0.2
39,16,8,11.927699799044206,16.037492980042614,6.208697271119995,68.26979320996479,68.65595788390794,0.2
39,16,9,11.03323810244975,15.13834267848023,6.2072764679216625,68.26979320996479,68.65595788390794,0.2
39,17,0,10.584321558009192,12.548090734722347,5.168807318587758,66.67933008554851,62.88593425298466,0.2
39,17,1,12.586679196077057,14.576384976324285,6.088391305035009,66.67933008554851,62.88593425298466,0.2
39,17,2,8.272939575668776,10.931940022493556,4.622669936656892,66.67933008554851,62.88593425298466,0.2
39,17,3,13.198255737947155,14.795751666051927,6.043120409091294,66.67933008554851,62.88593425298466,0.2
39,17,4,13.544373881710744,15.197391296163037,6.249827180144725,66.67933008554851,62.88593425298466,0.2
39,17,5,11.651074931940684,7.759351929210756,3.6767721208369006,66.67933008554851,62.88593425298466,0.2
39,17,6,8.62567774127474,10.661072807335358,4.3378231437035435,66.67933008554851,62.88593425298466,0.2
39,17,7,11.58723419958916,14.056577704576078,6.0298071048986515,66.67933008554851,62.88593425298466,0.2
39,17,8,12.560036922108521,8.886555942451082,4.106940250539068,66.67933008554851,62.88593425298466,0.2
39,17,9,12.557162673316732,14.503286874422159,6.023830774029665,66.67933008554851,62.88593425298466,0.2
39,18,0,10.456365954047543,10.137667865259672,4.4518715863475755,56.840096306452445,52.96242035870614,0.2
39,18,1,12.316661007646394,11.914659819862406,5.286945446192627,56.840096306452445,52.96242035870614,0.2
39,18,2,9.351543898460672,9.292967207224596,4.125844925590462,56.840096306452445,52.96242035870614,0.2
39,18,3,12.225079134715513,5.935712041602684,3.188572535163659,56.840096306452445,52.96242035870614,0.2
39,18,4,12.643241683654317,11.98170105838562,5.291668288335163,56.840096306452445,52.96242035870614,0.2
39,18,5,7.438016636227488,8.331206915149718,3.8644210898177773,56.840096306452445,52.96242035870614,0.2
39,18,6,8.775306069426875,6.975465831785494,3.223387044458569,56.840096306452445,52.96242035870614,0.2
39,18,7,12.198146658398354,12.003393112674464,5.398840802161544,56.840096306452445,52.96242035870614,0.2
39,18,8,8.308235839361377,8.70341102664019,4.047506873473172,56.840096306452445,52.96242035870614,0.2
39,18,9,12.186056692807286,11.83104684499128,5.223510576957101,56.840096306452445,52.96242035870614,0.2
39,19,0,9.006023172865167,6.414413196075794,3.231438093618165,48.98501013395125,48.78691233005504,0.2
39,19,1,10.695356386312287,10.975637090176752,4.991700191996307,48.98501013395125,48.78691233005504,0.2
39,19,2,8.346479516944182,8.7774929630583,3.964278528650411,48.98501013395125,48.78691233005504,0.2
39,19,3,6.450401271256105,8.096064838191108,3.962388992942362,48.98501013395125,48.78691233005504,0.2
39,19,4,10.70491057603957,5.427540524695755,3.0398477234220804,48.98501013395125,48.78691233005504,0.2
39,19,5,7.817625735508027,8.547321250791365,3.9343221512290962,48.98501013395125,48.78691233005504,0.2
39,19,6,6.520830139515337,7.3633444944534086,3.3478330208243006,48.98501013395125,48.78691233005504,0.2
39,19,7,10.92171785008012,11.274993415099203,5.167364634941575,48.98501013395125,48.78691233005504,0.2
39,19,8,8.18800362674802,8.706222146071662,4.0484219436462245,48.98501013395125,48.78691233005504,0.2
39,19,9,10.567029256649608,10.879297692555603,4.9256875411713335,48.98501013395125,48.78691233005504,0.2
39,20,0,6.537117207525016,6.740995416375845,3.345744786990686,49.51811695886501,48.78691233005504,0.2
39,20,1,10.098082734231943,10.38481099464463,4.802050178037789,49.51811695886501,48.78691233005504,0.2
39,20,2,8.019634798587829,8.278812861281068,3.8052435916917027,49.51811695886501,48.78691233005504,0.2
39,20,3,8.0158123158314,8.258797882083824,4.017973893733739,49.51811695886501,48.78691233005504,0.2
39,20,4,6.149534753670058,6.333876140667838,3.386868797331785,49.51811695886501,48.78691233005504,0.2
39,20,5,7.959033807746403,8.20964116330775,3.8248624481199633,49.51811695886501,48.78691233005504,0.2
39,20,6,6.7725811896481884,6.999196679810455,3.231059408207565,49.51811695886501,48.78691233005504,0.2
39,20,7,10.453447441665359,10.741589225757163,4.995002143999529,49.51811695886501,48.78691233005504,0.2
39,20,8,8.189854790471742,8.476249104596814,3.973265142670281,49.51811695886501,48.78691233005504,0.2
39,20,9,9.964540817871388,10.241742252475373,4.721803894943476,49.51811695886501,48.78691233005504,0.2
40,0,0,2.0,2.0,1.3049152678122156,17.369286630696585,17.369286630696585,0.0
40,0,1,2.0,2.0,1.4412543261825337,17.369286630696585,17.369286630696585,0.0
40,0,2,2.0,2.0,1.420265954728345,17.369286630696585,17.369286630696585,0.0
40,0,3,2.0,2.0,1.380114867107352,17.369286630696585,17.369286630696585,0.0
40,0,4,2.0,2.0,1.455711927940306,17.369286630696585,17.369286630696585,0.0
40,0,5,2.0,2.0,1.3271747416185615,17.369286630696585,17.369286630696585,0.0
40,0,6,2.0,2.0,1.3088801463633306,17.369286630696585,17.369286630696585,0.0
40,0,7,2.0,2.0,1.485901051758657,17.369286630696585,17.369286630696585,0.0
40,0,8,2.0,2.0,1.3029100256408908,17.369286630696585,17.369286630696585,0.0
40,0,9,2.0,2.0,1.9418657838717475,17.369286630696585,17.369286630696585,0.0
40,1,0,2.639810451088072,2.635753897094571,1.583050304605048,17.369286630696585,25.40604331665265,0.0
40,1,1,2.91562090411533,3.5225973189713544,2.1420210140277622,17.369286630696585,25.40604331665265,0.0
40,1,2,2.873161961620943,3.4666047614529236,2.0872847982689433,17.369286630696585,25.40604331665265,0.0
40,1,3,2.791937330919709,3.3594901104685437,1.9842006802825116,17.369286630696585,25.40604331665265,0.0
40,1,4,2.9448682653496143,3.561167157501588,2.180063256606021,17.369286630696585,25.40604331665265,0.0
40,1,5,2.684840801363788,3.2182569982218827,1.8515763135295948,17.369286630696585,25.40604331665265,0.0
40,1,6,2.6478312997168696,3.1694508686305145,1.8066236866974366,17.369286630696585,25.40604331665265,0.0
40,1,7,3.005940096242119,3.641705385801942,2.2603841797420228,17.369286630696585,25.40604331665265,0.0
40,1,8,2.63575389709457,2.9064681525213674,1.692580475897143,17.369286630696585,25.40604331665265,0.0
40,1,9,3.9283451710005224,4.858123322035996,3.6143165551731773,17.369286630696585,25.40604331665265,0.0
40,2,0,3.2024705678406824,4.850802988513458,2.426223813661539,27.54388814562623,36.66888476693748,0.2
40,2,1,4.333254119067043,6.066545014077828,3.133853021262826,27.54388814562623,36.66888476693748,0.2
40,2,2,4.222524144502951,5.918926965130635,3.0354198267103074,27.54388814562623,36.66888476693748,0.2
40,2,3,4.013987591430037,3.812131147238495,2.1677626062914968,27.54388814562623,36.66888476693748,0.2
40,2,4,4.410212609796701,6.193283952440618,3.211435014088693,27.54388814562623,36.66888476693748,0.2
40,2,5,3.7456918652176676,5.5657311643431,2.716893835767104,27.54388814562623,36.66888476693748,0.2
40,2,6,3.6547538426176662,4.334653423879623,2.2492977495781163,27.54388814562623,36.66888476693748,0.2
40,2,7,4.5726997977127,6.44360131163377,3.3702254670733276,27.54388814562623,36.66888476693748,0.2
40,2,8,3.4240473230664077,5.169557732625213,2.532857762344528,27.54388814562623,36.66888476693748,0.2
40,2,9,7.311670612823123,9.792962667284893,5.90388761401679,27.54388814562623,36.66888476693748,0.2
40,3,0,4.908189165968262,7.323843364240872,3.2372679583320596,40.003177023251844,47.57656951059948,0.2
40,3,1,6.339705084126609,8.898422001787312,4.097686468151923,40.003177023251844,47.57656951059948,0.2
40,3,2,6.140577231059664,8.641340754748205,3.9559926081937893,40.003177023251844,47.57656951059948,0.2
40,3,3,4.385328706560669,6.96747398210668,3.3063360034736307,40.003177023251844,47.57656951059948,0.2
40,3,4,6.496651485574827,9.134108995923704,4.215225146194605,40.003177023251844,47.57656951059948,0.2
40,3,5,5.496207239707815,5.92111125575531,2.8371961755300785,40.003177023251844,47.57656951059948,0.2
40,3,6,4.55027223100869,7.110004776364684,3.1804444018622107,40.003177023251844,47.57656951059948,0.2
40,3,7,6.817880539798882,9.595774789185333,4.4537406720774495,40.003177023251844,47.57656951059948,0.2
40,3,8,5.123906936399508,5.21744995087666,2.5492605961607926,40.003177023251844,47.57656951059948,0.2
40,3,9,11.943414725816305,15.734679817504798,8.228084619609817,40.003177023251844,47.57656951059948,0.2
40,4,0,6.548910875803547,6.047392815012005,2.8311249770024864,48.24797009787913,51.193878132803235,0.2
40,4,1,8.289515672573355,9.989989982345676,4.443397474620101,48.24797009787913,51.193878132803235,0.2
40,4,2,8.002872591908352,9.676066107674373,4.281913191790954,48.24797009787913,51.193878132803235,0.2
40,4,3,6.688633777280994,8.462645281531332,3.788336370646079,48.24797009787913,51.193878132803235,0.2
40,4,4,8.527293433595613,10.24909130114505,4.569137178115633,48.24797009787913,51.193878132803235,0.2
40,4,5,5.739575818212599,7.573848039384663,3.3707669095259494,48.24797009787913,51.193878132803235,0.2
40,4,6,6.433958263984856,5.342811749906232,2.6038609821487224,48.24797009787913,51.193878132803235,0.2
40,4,7,9.009804285835031,10.775156936626033,4.830203364606154,48.24797009787913,51.193878132803235,0.2
40,4,8,5.157089452692871,7.03005835088795,3.1409764468422727,48.24797009787913,51.193878132803235,0.2
40,4,9,16.64520624982735,18.966433193392778,9.377523872344105,48.24797009787913,51.193878132803235,0.2
40,5,0,5.727293937757144,6.033296552073813,2.8265038822925566,47.31951266126368,46.44222523905685,0.2
40,5,1,8.988880260023489,8.849691407416605,4.081965368214836,47.31951266126368,46.44222523905685,0.2
40,5,2,8.66220165642837,8.56073615297581,3.9301258555885914,47.31951266126368,46.44222523905685,0.2
40,5,3,7.663708280641944,7.632873540653441,3.5243244623348446,47.31951266126368,46.44222523905685,0.2
40,5,4,9.243248487288332,9.030691955464533,4.181760571525955,47.31951266126368,46.44222523905685,0.2
40,5,5,6.818975864131694,4.865741353140455,2.4729277295801437,47.31951266126368,46.44222523905685,0.2
40,5,6,5.2675446470795775,5.665012191464768,2.7128106230110145,47.31951266126368,46.44222523905685,0.2
40,5,7,9.771378753308458,9.432858437994463,4.400674177870636,47.31951266126368,46.44222523905685,0.2
40,5,8,6.354115593188779,4.283127490818621,2.2203739843193366,47.31951266126368,46.44222523905685,0.2
40,5,9,18.970492670413154,17.915099491232393,9.01055764730137,47.31951266126368,46.44222523905685,0.2
40,6,0,5.717945580502352,5.829084092276951,2.759189571902758,41.988767523946386,41.65192069006373,0.2
40,6,1,8.25771228660631,8.060506819896236,3.8236072093297278,41.988767523946386,41.65192069006373,0.2
40,6,2,7.9505448082221415,4.04481330352964,2.3252926357215578,41.988767523946386,41.65192069006373,0.2
40,6,3,7.129618894179194,3.3925729844083086,1.9978582754760428,41.988767523946386,41.65192069006373,0.2
40,6,4,8.459595448806434,8.186888436103334,3.9042503165303883,41.988767523946386,41.65192069006373,0.2
40,6,5,5.002670001919684,5.303625005739306,2.6266855048337696,41.988767523946386,41.65192069006373,0.2
40,6,6,5.487947003987213,5.589425867181287,2.6874223431451547,41.988767523946386,41.65192069006373,0.2
40,6,7,8.902452115571428,8.49571963373577,4.089865382200068,41.988767523946386,41.65192069006373,0.2
40,6,8,4.491760188350965,5.009008622470503,2.477534292523529,41.988767523946386,41.65192069006373,0.2
40,6,9,18.228129315520174,16.74139067633707,8.593147853279191,41.988767523946386,41.65192069006373,0.2
40,7,0,5.581770439895179,4.554738365591734,2.321591046366063,40.4881014730081,43.44760887804804,0.2
40,7,1,7.735060291667028,3.805957524464026,2.2612281478996508,40.4881014730081,43.44760887804804,0.2
40,7,2,4.704007955939739,6.282367678160043,3.1647180551140237,40.4881014730081,43.44760887804804,0.2
40,7,3,4.041616559699418,5.707224887693425,2.8753566933452226,40.4881014730081,43.44760887804804,0.2
40,7,4,7.898199249764616,8.738171040303067,4.08647477573102,40.4881014730081,43.44760887804804,0.2
40,7,5,5.313718076888628,6.283021997046766,2.9575024761386293,40.4881014730081,43.44760887804804,0.2
40,7,6,5.436587158502832,6.344606261370709,2.9367173975834238,40.4881014730081,43.44760887804804,0.2
40,7,7,8.273693814293484,9.097835914508053,4.290674438126619,40.4881014730081,43.44760887804804,0.2
40,7,8,5.01198896177976,6.011297783875314,2.8149533275081766,40.4881014730081,43.44760887804804,0.2
40,7,9,17.383719901494654,18.01845530685623,9.046914840535557,40.4881014730081,43.44760887804804,0.2
40,8,0,4.696519734667984,7.399929462043463,3.26077341465862,46.302058555973346,51.313060343579096,0.2
40,8,1,4.5744071238647095,7.739812706070375,3.716472665607094,46.302058555973346,51.313060343579096,0.2
40,8,2,6.402144263852187,9.1244469756378,4.109540510400264,46.302058555973346,51.313060343579096,0.2
40,8,3,5.816773576743114,8.550767852074644,3.8159073222574733,46.302058555973346,51.313060343579096,0.2
40,8,4,8.266834703504225,5.906873293966277,3.1067392350546914,46.302058555973346,51.313060343579096,0.2
40,8,5,5.982952409407406,8.766173948907388,3.733998762716605,46.302058555973346,51.313060343579096,0.2
40,8,6,5.940904723285448,5.153514853868352,2.5389336741786086,46.302058555973346,51.313060343579096,0.2
40,8,7,8.67992543529121,11.545993994046006,5.069566475913165,46.302058555973346,51.313060343579096,0.2
40,8,8,5.694579101476635,8.376536980680573,3.550901178389019,46.302058555973346,51.313060343579096,0.2
40,8,9,18.301678994215212,22.301027243119652,10.503296373739573,46.302058555973346,51.313060343579096,0.2
40,9,0,6.596461817078438,10.038389201534414,4.036696856229625,56.38976028461942,60.06380089650609,0.2
40,9,1,7.518329830182183,11.2224417356374,4.820374479240278,56.38976028461942,60.06380089650609,0.2
40,9,2,8.31349609903221,11.879465969208786,4.943181104989982,56.38976028461942,60.06380089650609,0.2
40,9,3,7.719483615642988,11.294709224910694,4.636676279424923,56.38976028461942,60.06380089650609,0.2
40,9,4,6.284854583127566,10.242223171648673,4.566993650835452,56.38976028461942,60.06380089650609,0.2
40,9,5,7.553784679594774,6.391025073496122,2.9929983384609966,56.38976028461942,60.06380089650609,0.2
40,9,6,5.136198351754305,8.922564161203287,3.728392785664247,56.38976028461942,60.06380089650609,0.2
40,9,7,10.255604249338237,14.251229649074114,5.874427254148825,56.38976028461942,60.06380089650609,0.2
40,9,8,7.183382915894591,7.389574708384354,3.2525729051254957,56.38976028461942,60.06380089650609,0.2
40,9,9,21.24790185401003,27.09709946428909,12.03771830886368,56.38976028461942,60.06380089650609,0.2
40,10,0,8.16613523636295,7.748862101751011,3.367657127835324,62.53914116083915,62.31500541915574,0.2
40,10,1,9.751495167798042,12.702359840509587,5.257008933473465,62.53914116083915,62.31500541915574,0.2
40,10,2,9.99992985326268,12.807118236833126,5.210323311395816,62.53914116083915,62.31500541915574,0.2
40,10,3,9.379878374217524,6.707932373969467,3.219632556332189,62.53914116083915,62.31500541915574,0.2
40,10,4,9.238912186031087,12.37291438971449,5.212965481675631,62.53914116083915,62.31500541915574,0.2
40,10,5,6.054759637539595,9.433560203769579,3.9307918647371767,62.53914116083915,62.31500541915574,0.2
40,10,6,7.542443930370353,10.399217745310596,4.150298692251037,62.53914116083915,62.31500541915574,0.2
40,10,7,11.883817165889942,14.873341081064002,6.05277972734595,62.53914116083915,62.31500541915574,0.2
40,10,8,6.5798723945283575,9.643341029165253,3.918796367428293,62.53914116083915,62.31500541915574,0.2
40,10,9,24.351998465210308,28.45637521282178,12.457299831866372,62.53914116083915,62.31500541915574,0.2
40,11,0,6.812684854738204,7.7019176725719385,3.35336267431838,58.924937571835116,55.52531133968192,0.2
40,11,1,10.63479558125889,11.077295481875304,4.776648074622099,58.924937571835116,55.52531133968192,0.2
40,11,2,10.540351753283188,10.929913069966503,4.66316062488548,58.924937571835116,55.52531133968192,0.2
40,11,3,6.513234905373338,7.933592056067713,3.6209551291168802,58.924937571835116,55.52531133968192,0.2
40,11,4,10.54569679666666,11.031555447813805,4.810610226404886,58.924937571835116,55.52531133968192,0.2
40,11,5,7.951892127817767,8.364608569587148,3.613425013092193,58.924937571835116,55.52531133968192,0.2
40,11,6,8.395948865944357,6.484822521489691,2.9819993847472532,58.924937571835116,55.52531133968192,0.2
40,11,7,12.244619690265745,12.357975104934985,5.316575851619807,58.924937571835116,55.52531133968192,0.2
40,11,8,7.927625541363399,5.7738152507461304,2.736638593147441,58.924937571835116,55.52531133968192,0.2
40,11,9,25.200801231816722,24.577970921865006,11.242953921060135,58.924937571835116,55.52531133968192,0.2
40,12,0,6.783767538252295,7.035438441885324,3.1474956078371656,49.97283458414586,46.815386879752424,0.2
40,12,1,9.663037761599478,9.56608576559798,4.310559221702783,49.97283458414586,46.815386879752424,0.2
40,12,2,9.433455532567598,5.072608449375539,2.7246493485275844,49.97283458414586,46.815386879752424,0.2
40,12,3,7.325100279338015,7.777690249163878,3.5709986623563728,49.97283458414586,46.815386879752424,0.2
40,12,4,9.731742332255587,9.607797752896419,4.367079925121152,49.97283458414586,46.815386879752424,0.2
40,12,5,7.309867045832209,7.15142968460523,3.2380393469895936,49.97283458414586,46.815386879752424,0.2
40,12,6,6.032509033472977,6.533204642684539,2.9975557332837477,49.97283458414586,46.815386879752424,0.2
40,12,7,10.755297944086982,4.123370782927656,2.465730263969261,49.97283458414586,46.815386879752424,0.2
40,12,8,5.5361503825098755,6.230178446679708,2.886315284381837,49.97283458414586,46.815386879752424,0.2
40,12,9,22.744210290125267,20.756145219419736,9.988514464553461,49.97283458414586,46.815386879752424,0.2
40,13,0,6.36730369034048,5.013186021906058,2.48279572880143,44.30340000521362,45.50996810813613,0.2
40,13,1,8.720151847531746,8.950955730086466,4.114605605255718,44.30340000521362,45.50996810813613,0.2
40,13,2,5.511896445086634,6.5581989587579885,3.261353623563893,44.30340000521362,45.50996810813613,0.2
40,13,3,7.224039615625404,7.586957212560144,3.509470383089785,44.30340000521362,45.50996810813613,0.2
40,13,4,8.834491795317636,9.046075237834323,4.186745676238906,44.30340000521362,45.50996810813613,0.2
40,13,5,6.5504713754698765,4.436877437424396,2.3182555770436224,44.30340000521362,45.50996810813613,0.2
40,13,6,6.0639791315401546,6.412497456862445,2.9586795323268325,44.30340000521362,45.50996810813613,0.2
40,13,7,4.988109711754017,6.377570612401905,3.346012709167166,44.30340000521362,45.50996810813613,0.2
40,13,8,5.838942528138829,6.211692626361203,2.880317738923949,44.30340000521362,45.50996810813613,0.2
40,13,9,20.2065111235767,19.6084740697773,9.598621602352718,44.30340000521362,45.50996810813613,0.2
40,14,0,5.022632713766374,7.703710034874868,3.3539089229176358,47.42214695274318,51.478226818253056,0.2
40,14,1,8.323742657306909,6.187499991575702,3.1774613376363328,47.42214695274318,51.478226818253056,0.2
40,14,2,6.597635564960569,9.318574879514177,4.170549971249037,47.42214695274318,51.478226818253056,0.2
40,14,3,7.099569469055875,9.619369228549507,4.143781563206708,47.42214695274318,51.478226818253056,0.2
40,14,4,8.469680189054035,5.205573865204479,2.8436914548147856,47.42214695274318,51.478226818253056,0.2
40,14,5,4.689772164926214,7.690668470131316,3.407077197247473,47.42214695274318,51.478226818253056,0.2
40,14,6,5.985333564187169,8.526966819443047,3.6118947317147683,47.42214695274318,51.478226818253056,0.2
40,14,7,6.768898745388956,9.797817014754507,4.519177714848401,47.42214695274318,51.478226818253056,0.2
40,14,8,5.826809645973113,8.40027621167301,3.5579425024124984,47.42214695274318,51.478226818253056,0.2
40,14,9,19.417767763888865,22.960220846683647,10.719670967930368,47.42214695274318,51.478226818253056,0.2
40,15,0,6.784872585297706,10.298106723907278,4.109523680559254,56.577697832682105,60.57197845858492,0.2
40,15,1,6.427923600804816,10.351784023006665,4.5554393470270345,56.577697832682105,60.57197845858492,0.2
40,15,2,8.43691668911685,12.08219452257119,5.002081415911996,56.577697832682105,60.57197845858492,0.2
40,15,3,8.38276487937705,7.8335916913055135,3.588945712646805,56.577697832682105,60.57197845858492,0.2
40,15,4,5.752715603271021,9.923105240921316,4.46691575402583,56.577697832682105,60.57197845858492,0.2
40,15,5,6.8924306541656835,10.834426841948533,4.33083132876312,56.577697832682105,60.57197845858492,0.2
40,15,6,7.306771325464093,6.8826614414294625,3.1089115633882884,56.577697832682105,60.57197845858492,0.2
40,15,7,9.142181761718708,13.215363424914282,5.572168883352595,56.577697832682105,60.57197845858492,0.2
40,15,8,7.197627335593842,10.952278317160838,4.283971362264648,56.577697832682105,60.57197845858492,0.2
40,15,9,21.685622163660817,27.664223882660625,12.213528661664744,56.577697832682105,60.57197845858492,0.2
40,16,0,8.313462052691207,7.299182759330583,3.2296338031603606,64.51090056317258,64.87222155793646,0.2
40,16,1,9.21553812282494,12.743474246417339,5.268914107583235,64.51090056317258,64.87222155793646,0.2
40,16,2,10.119083686603101,13.437332862710448,5.388499321438965,64.51090056317258,64.87222155793646,0.2
40,16,3,7.260346042633739,10.87047277500568,4.5140684488999785,64.51090056317258,64.87222155793646,0.2
40,16,4,9.036457142061925,12.708573019751435,5.3115612713559015,64.51090056317258,64.87222155793646,0.2
40,16,5,8.761161805345461,12.23633404474421,4.715883174658428,64.51090056317258,64.87222155793646,0.2
40,16,6,6.289249148184528,9.916504040787235,4.014485544774813,64.51090056317258,64.87222155793646,0.2
40,16,7,11.272356157011957,14.951205917807064,6.074943584621201,64.51090056317258,64.87222155793646,0.2
40,16,8,8.666365283033558,8.24971750033573,3.5131830831889967,64.51090056317258,64.87222155793646,0.2
40,16,9,24.707658344576913,29.90145951599895,12.896827275500858,64.51090056317258,64.87222155793646,0.2
40,17,0,6.533467173745201,8.666233177663205,3.642022082198097,63.00452878334036,59.33544322301573,0.2
40,17,1,10.65887944617503,12.260668063027602,5.128372011344932,63.00452878334036,59.33544322301573,0.2
40,17,2,10.900797297179425,6.107913637852281,3.1029423093416946,63.00452878334036,59.33544322301573,0.2
40,17,3,9.131845846444573,10.791269222279439,4.491020180518936,63.00452878334036,59.33544322301573,0.2
40,17,4,10.74515357554827,12.38165668283072,5.2155435250970985,63.00452878334036,59.33544322301573,0.2
40,17,5,9.540111911975268,7.112895335787835,3.2258160880488123,63.00452878334036,59.33544322301573,0.2
40,17,6,8.121202317301401,9.59359775731573,3.9225269574781647,63.00452878334036,59.33544322301573,0.2
40,17,7,12.289456610727047,13.651270804850114,5.700199432017599,63.00452878334036,59.33544322301573,0.2
40,17,8,7.107080167080035,8.906423101372015,3.7066856328883713,63.00452878334036,59.33544322301573,0.2
40,17,9,26.089954089374757,27.20852875408882,12.072348212252283,63.00452878334036,59.33544322301573,0.2
40,18,0,7.367718190468457,7.0284701076961165,3.1453130512043286,53.630948593598816,49.80871706527782,0.2
40,18,1,10.37456635426852,9.712286659787319,4.356569748771741,53.630948593598816,49.80871706527782,0.2
40,18,2,6.277173498825456,7.006434072472151,3.415832824682626,53.630948593598816,49.80871706527782,0.2
40,18,3,9.085219784774095,8.501987387853712,3.8006559448415405,53.630948593598816,49.80871706527782,0.2
40,18,4,10.550912113044067,9.817642430188084,4.433630448282,53.630948593598816,49.80871706527782,0.2
40,18,5,6.525744033017728,6.360068628702734,2.982842841913817,53.630948593598816,49.80871706527782,0.2
40,18,6,7.935172430303466,5.488276415368805,2.6532860073282656,53.630948593598816,49.80871706527782,0.2
40,18,7,11.53135870588324,10.497942573140149,4.742876629545804,53.630948593598816,49.80871706527782,0.2
40,18,8,7.498530911514199,4.883483459951991,2.433908423417473,53.630948593598816,49.80871706527782,0.2
40,18,9,24.42205388040878,21.73291509318356,10.315274768178536,53.630948593598816,49.80871706527782,0.2
40,19,0,6.362888433693881,4.686172918238432,2.3682859169808776,46.06814593586957,45.50125298726521,0.2
40,19,1,8.813229975447545,8.80032940049992,4.066014066543743,46.06814593586957,45.50125298726521,0.2
40,19,2,6.910143066135467,7.4157771400916,3.5543349220751193,46.06814593586957,45.50125298726521,0.2
40,19,3,7.688630466408579,3.980113025272445,2.2341947188820117,46.06814593586957,45.50125298726521,0.2
40,19,4,8.96912181375548,8.911241127949468,4.142964198487909,46.06814593586957,45.50125298726521,0.2
40,19,5,6.034215325903039,6.194099173733639,2.928139876151245,46.06814593586957,45.50125298726521,0.2
40,19,6,5.3675302179687865,5.810812901447819,2.7614978389949325,46.06814593586957,45.50125298726521,0.2
40,19,7,9.59471898576799,9.384925078689893,4.385008707437561,46.06814593586957,45.50125298726521,0.2
40,19,8,4.923734936369323,5.500933979444095,2.645446188154794,46.06814593586957,45.50125298726521,0.2
40,19,9,20.867538920390185,19.54174274862195,9.575743773598278,46.06814593586957,45.50125298726521,0.2
40,20,0,4.790982272199525,4.953433869116645,2.4620437957697576,46.18321307065516,45.50125298726521,0.2
40,20,1,8.22544320837688,8.462997534590663,3.956275959186854,46.18321307065516,45.50125298726521,0.2
40,20,2,7.190329292178563,7.397496437024675,3.548199374290639,46.18321307065516,45.50125298726521,0.2
40,20,3,4.519719183421529,4.661078861405096,2.4953688701245165,46.18321307065516,45.50125298726521,0.2
40,20,4,8.38111137130625,8.63018077719643,4.051057138066967,46.18321307065516,45.50125298726521,0.2
40,20,5,5.923552615237039,6.155947677482631,2.9155034165748055,46.18321307065516,45.50125298726521,0.2
40,20,6,5.586440005608851,5.793196486384128,2.75563482271897,46.18321307065516,45.50125298726521,0.2
40,20,7,8.870761266678402,9.144582033087023,4.306094884776934,46.18321307065516,45.50125298726521,0.2
40,20,8,5.351670462857278,5.556360050913566,2.664076521125816,46.18321307065516,45.50125298726521,0.2
40,20,9,19.37148649725503,19.883204260366387,9.69256393234664,46.18321307065516,45.50125298726521,0.2
41,0,0,2.0,2.0,1.393045556601186,18.267567390859938,18.267567390859938,0.0
41,0,1,2.0,2.0,1.4897069045851914,18.267567390859938,18.267567390859938,0.0
41,0,2,2.0,2.0,1.5363907364954739,18.267567390859938,18.267567390859938,0.0
41,0,3,2.0,2.0,1.5366260231051838,18.267567390859938,18.267567390859938,0.0
41,0,4,2.0,2.0,1.519615543146263,18.267567390859938,18.267567390859938,0.0
41,0,5,2.0,2.0,1.4167645093240722,18.267567390859938,18.267567390859938,0.0
41,0,6,2.0,2.0,1.5434350838093451,18.267567390859938,18.267567390859938,0.0
41,0,7,2.0,2.0,1.632694753883691,18.267567390859938,18.267567390859938,0.0
41,0,8,2.0,2.0,1.5408608929089271,18.267567390859938,18.267567390859938,0.0
41,0,9,2.0,2.0,1.5636854539833547,18.267567390859938,18.267567390859938,0.0
41,1,0,2.8180957874169077,3.1214856544318637,1.9023799615780357,18.267567390859938,27.741426732369632,0.0
41,1,1,3.0136392398682275,3.6504212911342013,2.2699689979228017,18.267567390859938,27.741426732369632,0.0
41,1,2,3.1080794463808057,3.7748961363915154,2.396702824984509,18.267567390859938,27.741426732369632,0.0
41,1,3,3.1085554252176197,3.7755234898699332,2.397348714805629,18.267567390859938,27.741426732369632,0.0
41,1,4,3.0741436562076143,3.7301678115976666,2.350837387938276,18.267567390859938,27.741426732369632,0.0
41,1,5,2.8660786264802556,2.8180957874169077,1.8011326442577509,18.267567390859938,27.741426732369632,0.0
41,1,6,3.12232998211975,3.7936787428304646,2.416071357215815,18.267567390859938,27.741426732369632,0.0
41,1,7,3.3029000281105363,4.03167513613373,2.6670052558312727,18.267567390859938,27.741426732369632,0.0
41,1,8,3.1171224592946003,3.7868150814539074,2.4089861581858565,18.267567390859938,27.741426732369632,0.0
41,1,9,3.163295966764391,3.8476730614343304,2.472106139315585,18.267567390859938,27.741426732369632,0.0
41,2,0,3.8484663551633034,4.918308416094716,2.6152629037831816,30.075787299615953,40.82178121667163,0.2
41,2,1,4.592089641505255,6.661544904226762,3.458456404162392,30.075787299615953,40.82178121667163,0.2
41,2,2,4.848468955500704,6.902776515803581,3.656767530204132,30.075787299615953,40.82178121667163,0.2
41,2,3,4.849775574207758,6.788860005647455,3.6149723846040382,30.075787299615953,40.82178121667163,0.2
41,2,4,4.755684341016607,4.28814178763465,2.5917978536568698,30.075787299615953,40.82178121667163,0.2
41,2,5,3.6436456031961493,5.4785476575797105,2.8684182882938845,30.075787299615953,40.82178121667163,0.2
41,2,6,4.887651004379754,6.941928749559112,3.688106702029561,30.075787299615953,40.82178121667163,0.2
41,2,7,5.395283909317675,7.4451171428131815,4.09726520060043,30.075787299615953,40.82178121667163,0.2
41,2,8,4.873317826656513,6.823897696149469,3.6380209110167225,30.075787299615953,40.82178121667163,0.2
41,2,9,5.001007945677112,6.99427951969205,3.756198097482599,30.075787299615953,40.82178121667163,0.2
41,3,0,5.2906104450172435,8.026671394835954,3.684844462232413,44.53369527854768,53.69896880133763,0.2
41,3,1,6.996369485083046,6.2080065922703875,3.291897865357199,44.53369527854768,53.69896880133763,0.2
41,3,2,7.3975478573537,10.581198244758747,4.931227952805262,44.53369527854768,53.69896880133763,0.2
41,3,3,7.312997339108287,10.307078425176309,4.84219297388739,44.53369527854768,53.69896880133763,0.2
41,3,4,5.243141244459421,8.382848230623754,4.143686137552383,44.53369527854768,53.69896880133763,0.2
41,3,5,5.802737359511084,7.18060553838384,3.466485762852152,44.53369527854768,53.69896880133763,0.2
41,3,6,7.46094620616137,10.644684523580588,4.974624762557943,44.53369527854768,53.69896880133763,0.2
41,3,7,8.288663459013925,11.46613876444895,5.543397679220213,44.53369527854768,53.69896880133763,0.2
41,3,8,7.359623922770223,10.372554408045524,4.877108765714594,44.53369527854768,53.69896880133763,0.2
41,3,9,7.598693370118966,10.682017394120422,5.052260042374333,44.53369527854768,53.69896880133763,0.2
41,4,0,7.454346777889751,7.993674096239696,3.6742341465772004,54.45676869234277,58.7610834431898,0.2
41,4,1,6.659425790498901,9.412912731299514,4.4054132766772245,54.45676869234277,58.7610834431898,0.2
41,4,2,9.975748929919225,6.880099244810274,3.6483540314332625,54.45676869234277,58.7610834431898,0.2
41,4,3,9.795633428432406,12.034135020855434,5.39681589240909,54.45676869234277,58.7610834431898,0.2
41,4,4,8.382571835701492,10.819774391343083,4.954108041736672,54.45676869234277,58.7610834431898,0.2
41,4,5,7.012612673823032,9.317131785286257,4.159817129191493,54.45676869234277,58.7610834431898,0.2
41,4,6,10.063539574074287,12.321945236837067,5.511158012374963,54.45676869234277,58.7610834431898,0.2
41,4,7,11.214152741638951,13.594519530014036,6.245090041529346,54.45676869234277,58.7610834431898,0.2
41,4,8,9.866267188682603,12.111663487565915,5.436070657382974,54.45676869234277,58.7610834431898,0.2
41,4,9,10.220593773751217,12.501558326400303,5.64031430041207,54.45676869234277,58.7610834431898,0.2
41,5,0,7.43288237874686,8.145072467284205,3.7228092917688587,54.31402998550945,54.574751913238124,0.2
41,5,1,8.912039192117284,9.247483911042403,4.351072730093546,54.31402998550945,54.574751913238124,0.2
41,5,2,7.380527562984094,8.656476208208106,4.284690738946442,54.31402998550945,54.574751913238124,0.2
41,5,3,10.917621509069411,11.127425506917422,5.108853788874971,54.31402998550945,54.574751913238124,0.2
41,5,4,10.022034768833674,10.347788985541763,4.801821643333972,54.31402998550945,54.574751913238124,0.2
41,5,5,8.415204422173357,7.21761114490243,3.4789814117051288,54.31402998550945,54.574751913238124,0.2
41,5,6,11.148932714272442,6.185445998697094,3.401943408233051,54.31402998550945,54.574751913238124,0.2
41,5,7,12.633658572525505,12.796474767779596,5.986145127103243,54.31402998550945,54.574751913238124,0.2
41,5,8,10.997032901815855,11.190963454705614,5.143392534805777,54.31402998550945,54.574751913238124,0.2
41,5,9,11.410212605307605,11.55865292411835,5.339043453158749,54.31402998550945,54.574751913238124,0.2
41,6,0,7.531148664001569,6.403412920311417,3.145809198064026,49.34144647390587,50.24538343633578,0.2
41,6,1,8.802109646247278,8.421599732954677,4.075266842844267,49.34144647390587,50.24538343633578,0.2
41,6,2,8.667820563793706,8.671340243082419,4.289839483035837,49.34144647390587,50.24538343633578,0.2
41,6,3,10.335081485837756,5.486874262516367,3.1144021636211843,49.34144647390587,50.24538343633578,0.2
41,6,4,9.713963251871503,9.40650916187027,4.491719919146604,49.34144647390587,50.24538343633578,0.2
41,6,5,7.037891054150759,7.315296978669794,3.5118749669086733,49.34144647390587,50.24538343633578,0.2
41,6,6,6.882045129351743,7.6495587287199855,3.9474154743090466,49.34144647390587,50.24538343633578,0.2
41,6,7,12.109819586026266,11.628333710051853,5.598172042000346,49.34144647390587,50.24538343633578,0.2
41,6,8,10.40495249181386,10.044246987619985,4.768530934606811,49.34144647390587,50.24538343633578,0.2
41,6,9,10.800749331480754,10.376519011000621,4.95067685390121,49.34144647390587,50.24538343633578,0.2
41,7,0,6.363892126192398,8.023187949556112,3.68372497540969,48.8414495518298,52.890948114952884,0.2
41,7,1,8.244161339877213,9.653017118316727,4.483776816860064,48.8414495518298,52.890948114952884,0.2
41,7,2,8.67823634234456,10.210175462321262,4.8095442729492905,48.8414495518298,52.890948114952884,0.2
41,7,3,6.300356493032937,8.640508107683722,4.279811922636365,48.8414495518298,52.890948114952884,0.2
41,7,4,9.086635338249414,5.9639121026646205,3.265010587666261,48.8414495518298,52.890948114952884,0.2
41,7,5,7.10443388106192,8.617437249075364,3.9385953405885803,48.8414495518298,52.890948114952884,0.2
41,7,6,7.985521267858564,9.744232644980412,4.676174636750029,48.8414495518298,52.890948114952884,0.2
41,7,7,11.324959886658496,12.70850798918752,5.957309954681285,48.8414495518298,52.890948114952884,0.2
41,7,8,9.64661699346698,6.931112076889684,3.677938652408766,48.8414495518298,52.890948114952884,0.2
41,7,9,10.015093562970641,11.39054828190858,5.284569814305603,48.8414495518298,52.890948114952884,0.2
41,8,0,7.452082084474496,7.483248258951603,3.5083864877178024,56.365812525458374,62.379706982187045,0.2
41,8,1,9.070566644022833,12.372718619787841,5.33464383332261,56.365812525458374,62.379706982187045,0.2
41,8,2,9.729585935482659,13.027550739945923,5.704067081997473,56.365812525458374,62.379706982187045,0.2
41,8,3,8.657950842286137,11.848728603216358,5.338477458018978,56.365812525458374,62.379706982187045,0.2
41,8,4,6.60503351047842,10.047178535072849,4.703743311388961,56.365812525458374,62.379706982187045,0.2
41,8,5,7.967678361311599,8.400409506017631,3.8688954375959628,56.365812525458374,62.379706982187045,0.2
41,8,6,9.459782548104954,12.775977262134337,5.6525350261291845,56.365812525458374,62.379706982187045,0.2
41,8,7,12.051486764427795,15.351199506410497,6.799604011633866,56.365812525458374,62.379706982187045,0.2
41,8,8,7.440376499975651,10.782102403024561,5.011120573295563,56.365812525458374,62.379706982187045,0.2
41,8,9,10.690550543329225,13.883594766269317,6.069875028387342,56.365812525458374,62.379706982187045,0.2
41,9,0,7.097376776241694,12.44085922343387,5.00771478277022,68.55129473466474,72.47353169109452,0.2
41,9,1,10.791849012271731,16.654508809138154,6.568286890684736,68.55129473466474,72.47353169109452,0.2
41,9,2,11.53918286358134,17.37413679016251,6.977710525838277,68.55129473466474,72.47353169109452,0.2
41,9,3,10.799604337685304,16.362970636749516,6.6919192619750945,68.55129473466474,72.47353169109452,0.2
41,9,4,9.515553276848523,15.28804131067611,6.31043101389534,68.55129473466474,72.47353169109452,0.2
41,9,5,7.826677227446242,13.223666658081509,5.315241445218692,68.55129473466474,72.47353169109452,0.2
41,9,6,11.4349348231126,17.28837593337995,6.985464812755545,68.55129473466474,72.47353169109452,0.2
41,9,7,13.75542625328108,8.545781741231997,4.512427716034296,68.55129473466474,72.47353169109452,0.2
41,9,8,10.137369672458856,15.828207069160403,6.556086005153675,68.55129473466474,72.47353169109452,0.2
41,9,9,12.279203050171727,10.356204671737467,4.943890425705731,68.55129473466474,72.47353169109452,0.2
41,10,0,10.13047984470928,13.996939331768822,5.438354059033012,75.46029990115996,74.79829342596554,0.2
41,10,1,13.287477591433564,11.356272615136092,5.02394527853098,75.46029990115996,74.79829342596554,0.2
41,10,2,14.115731208860256,9.80984741722306,4.676751128195031,75.46029990115996,74.79829342596554,0.2
41,10,3,13.537582739158802,17.712089678338103,7.0735275363051695,75.46029990115996,74.79829342596554,0.2
41,10,4,12.765841700419468,17.029309907521387,6.805353109798466,75.46029990115996,74.79829342596554,0.2
41,10,5,10.752598473822088,14.683903769935121,5.7196011243138685,75.46029990115996,74.79829342596554,0.2
41,10,6,14.131417934389386,18.405232839819064,7.298376982383982,75.46029990115996,74.79829342596554,0.2
41,10,7,9.128526685520402,15.19736295803964,6.751834142832217,75.46029990115996,74.79829342596554,0.2
41,10,8,13.262795509821155,17.522692580469577,7.039843832697909,75.46029990115996,74.79829342596554,0.2
41,10,9,10.001364791058869,15.22940734704687,6.475994949688006,75.46029990115996,74.79829342596554,0.2
41,11,0,11.001652165371492,9.375351614385668,4.108049022844053,70.72910835774324,67.11191656705665,0.2
41,11,1,10.163313725492534,11.464528883405986,5.057421874590787,70.72910835774324,67.11191656705665,0.2
41,11,2,9.46094877565935,11.440248322856712,5.208174165710682,70.72910835774324,67.11191656705665,0.2
41,11,3,14.30956658795471,14.884229110077571,6.262613780656267,70.72910835774324,67.11191656705665,0.2
41,11,4,13.767056532881293,14.308699479734658,6.024664177181829,70.72910835774324,67.11191656705665,0.2
41,11,5,11.570607836731677,8.359718788188099,3.855767514410156,70.72910835774324,67.11191656705665,0.2
41,11,6,14.764431307773153,15.075722320378807,6.34690593296418,70.72910835774324,67.11191656705665,0.2
41,11,7,13.658789021714988,14.996510942088156,6.6892458894315165,70.72910835774324,67.11191656705665,0.2
41,11,8,14.24142531088706,14.848572802024291,6.269338723424524,70.72910835774324,67.11191656705665,0.2
41,11,9,13.10077333836521,14.140273444095047,6.148212432333446,70.72910835774324,67.11191656705665,0.2
41,12,0,8.31047885757932,8.916880793689717,3.9663715553147565,60.4007906360662,56.94216342647908,0.2
41,12,1,10.231036029250765,10.167134858036542,4.6496347946511944,60.4007906360662,56.94216342647908,0.2
41,12,2,10.53600408613539,10.790282354420206,4.99923611959606,60.4007906360662,56.94216342647908,0.2
41,12,3,12.66910865179919,12.37831600025751,5.504403756980559,60.4007906360662,56.94216342647908,0.2
41,12,4,12.187742646221519,6.160503973723458,3.3399817937923455,60.4007906360662,56.94216342647908,0.2
41,12,5,7.800119772198534,8.740300454685565,3.9778199864251005,60.4007906360662,56.94216342647908,0.2
41,12,6,12.839629535488596,7.253640811359259,3.803265145039655,60.4007906360662,56.94216342647908,0.2
41,12,7,13.532174574388055,13.517389552367415,6.220266345581438,60.4007906360662,56.94216342647908,0.2
41,12,8,12.682713040252994,12.39526586225745,5.524863191049254,60.4007906360662,56.94216342647908,0.2
41,12,9,12.437677629134042,12.335269212687127,5.587691775122604,60.4007906360662,56.94216342647908,0.2
41,13,0,8.023868938381602,7.0682337090167175,3.3710248422041778,53.88680114777872,55.268905850192844,0.2
41,13,1,9.406093121464867,10.051681975053416,4.612612285112971,53.88680114777872,55.268905850192844,0.2
41,13,2,10.113327724406536,10.851134950087543,5.018954958676287,53.88680114777872,55.268905850192844,0.2
41,13,3,11.13526902712028,6.022974787509169,3.3244125906631705,53.88680114777872,55.268905850192844,0.2
41,13,4,6.756698356728648,8.626993646578907,4.22779932219458,53.88680114777872,55.268905850192844,0.2
41,13,5,8.047028823807969,8.969306272632249,4.0504928497975845,53.88680114777872,55.268905850192844,0.2
41,13,6,7.693908812153979,9.257473102142084,4.511407863672892,53.88680114777872,55.268905850192844,0.2
41,13,7,12.583440865970665,13.258910652370108,6.136764976552943,53.88680114777872,55.268905850192844,0.2
41,13,8,11.176657942715112,11.786459122516844,5.333481388886396,53.88680114777872,55.268905850192844,0.2
41,13,9,11.3037585728901,11.960684707807912,5.468366685188331,53.88680114777872,55.268905850192844,0.2
41,14,0,6.819497655390069,9.819138634986475,4.243221438607684,57.59112309016545,62.212663011181,0.2
41,14,1,9.331197524781134,12.50020730327153,5.373062402597874,57.59112309016545,62.212663011181,0.2
41,14,2,10.153218435145616,13.331125291622017,5.796788432996557,57.59112309016545,62.212663011181,0.2
41,14,3,6.725202254146895,10.4419427986029,4.886457250655655,57.59112309016545,62.212663011181,0.2
41,14,4,8.55273067234768,11.822364613356562,5.271154849300518,57.59112309016545,62.212663011181,0.2
41,14,5,8.194044181029449,7.26524110477999,3.495036326376238,57.59112309016545,62.212663011181,0.2
41,14,6,9.12646355009038,12.461025939817118,5.554628665408755,57.59112309016545,62.212663011181,0.2
41,14,7,12.414519716775175,15.593635519447652,6.874595755608166,57.59112309016545,62.212663011181,0.2
41,14,8,10.789497416695209,8.255969532885015,4.157000656145518,57.59112309016545,62.212663011181,0.2
41,14,9,11.062366945973485,14.144567883742766,6.1495194330277805,57.59112309016545,62.212663011181,0.2
41,15,0,8.583929222237789,8.542644103141372,3.849097762762977,68.37549517080521,72.18394848847433,0.2
41,15,1,10.869568802353374,16.118748691969387,6.419656056624322,68.37549517080521,72.18394848847433,0.2
41,15,2,11.726755802180454,16.9394445326587,6.855041662022511,68.37549517080521,72.18394848847433,0.2
41,15,3,9.885178936332416,14.872701914802157,6.259218298608684,68.37549517080521,72.18394848847433,0.2
41,15,4,10.663412409769968,15.646971246796157,6.413778082340206,68.37549517080521,72.18394848847433,0.2
41,15,5,7.070369738848178,11.908488394464403,4.939424123927302,68.37549517080521,72.18394848847433,0.2
41,15,6,11.236872741510089,16.46335748992631,6.750411642674718,68.37549517080521,72.18394848847433,0.2
41,15,7,13.90713264707673,19.112134981270394,7.9268464047212275,68.37549517080521,72.18394848847433,0.2
41,15,8,8.409506768720012,13.619871590298132,5.901515403985925,68.37549517080521,72.18394848847433,0.2
41,15,9,12.440321658350028,9.723653771019976,4.73052170882615,68.37549517080521,72.18394848847433,0.2
41,16,0,7.7866270339812065,12.898410344755348,5.13593661040179,76.87798288413258,75.95663102566074,0.2
41,16,1,12.98680118831014,10.491756965174575,4.7530632000703275,76.87798288413258,75.95663102566074,0.2
41,16,2,13.86757521228979,8.83109126601118,4.345009638176407,76.87798288413258,75.95663102566074,0.2
41,16,3,12.662239677838361,17.67305875928549,7.062612712460318,76.87798288413258,75.95663102566074,0.2
41,16,4,12.974910195592699,17.931946318793223,7.055892104082768,76.87798288413258,75.95663102566074,0.2
41,16,5,9.992329575973848,14.72441338091113,5.730641930466817,76.87798288413258,75.95663102566074,0.2
41,16,6,13.655911340017893,18.807804857376407,7.409758405049805,76.87798288413258,75.95663102566074,0.2
41,16,7,16.03580899044572,21.216240217717782,8.52809239855322,76.87798288413258,75.95663102566074,0.2
41,16,8,11.938615805161366,17.113419950870604,6.924337079692031,76.87798288413258,75.95663102566074,0.2
41,16,9,9.569725294880467,15.503113107784307,6.55724846543309,76.87798288413258,75.95663102566074,0.2
41,17,0,10.38986934607278,12.26722420717401,4.958687440684017,73.7698144261615,69.95117245743468,0.2
41,17,1,9.61532615927165,12.353279906364062,5.3287755880799725,73.7698144261615,69.95117245743468,0.2
41,17,2,8.789844165258918,12.306786469255146,5.48127950875786,73.7698144261615,69.95117245743468,0.2
41,17,3,14.28748617647655,16.029581567424252,6.59618331831999,73.7698144261615,69.95117245743468,0.2
41,17,4,14.273890556385087,8.248397817449076,4.09705174562868,73.7698144261615,69.95117245743468,0.2
41,17,5,11.592943107220048,9.586366981412116,4.243600651132873,73.7698144261615,69.95117245743468,0.2
41,17,6,14.989753097519127,16.49809199178213,6.760377935090385,73.7698144261615,69.95117245743468,0.2
41,17,7,17.25211436853631,18.926757313912077,7.8729473977297175,73.7698144261615,69.95117245743468,0.2
41,17,8,14.007758082617611,15.845340182670625,6.56105280619757,73.7698144261615,69.95117245743468,0.2
41,17,9,13.265147137448071,15.449784444218004,6.541451057647822,73.7698144261615,69.95117245743468,0.2
41,18,0,10.031298776619536,7.790042022572167,3.6084623862573393,63.22608428197346,59.25324847226357,0.2
41,18,1,10.779977701158149,10.514927657835944,4.760408654501766,63.22608428197346,59.25324847226357,0.2
41,18,2,11.088489260159486,11.141219709600913,5.112503286018226,63.22608428197346,59.25324847226357,0.2
41,18,3,13.343911356166068,12.860423234193464,5.65361030341534,63.22608428197346,59.25324847226357,0.2
41,18,4,8.288231645026336,9.596414279839935,4.555006718400913,63.22608428197346,59.25324847226357,0.2
41,18,5,8.584696359546909,9.156157807691079,4.109376759823471,63.22608428197346,59.25324847226357,0.2
41,18,6,13.676072896500857,6.675604167903225,3.588482023727116,63.22608428197346,59.25324847226357,0.2
41,18,7,15.92677266795866,15.180151423715351,6.746480554597646,63.22608428197346,59.25324847226357,0.2
41,18,8,13.27284322221104,12.82059455117515,5.656895447910175,63.22608428197346,59.25324847226357,0.2
41,18,9,13.233189382641841,12.886192365510656,5.761235477496943,63.22608428197346,59.25324847226357,0.2
41,19,0,7.299827777761216,8.455480101833833,3.821563784677112,54.803405079017246,55.02814368336102,0.2
41,19,1,9.630185827063421,10.082898421374326,4.622635051936029,54.803405079017246,55.02814368336102,0.2
41,19,2,10.342464325886928,10.91404205552544,5.039304704957072,54.803405079017246,55.02814368336102,0.2
41,19,3,11.437110081757993,7.1843967240939275,3.76114780972184,54.803405079017246,55.02814368336102,0.2
41,19,4,9.21466292610003,10.22409958002747,4.761571165309519,54.803405079017246,55.02814368336102,0.2
41,19,5,8.313164835773476,9.134038499684502,4.102425079732085,54.803405079017246,55.02814368336102,0.2
41,19,6,7.2594080117236555,9.155202830491213,4.476462495752499,54.803405079017246,55.02814368336102,0.2
41,19,7,13.647958848660046,13.908778246826051,6.345798657220609,54.803405079017246,55.02814368336102,0.2
41,19,8,11.443755845651415,6.106859170555909,3.36600664782534,54.803405079017246,55.02814368336102,0.2
41,19,9,11.654833076000463,12.102308167014712,5.513611281856348,54.803405079017246,55.02814368336102,0.2
41,20,0,7.73092649548344,7.969930792304267,3.666591332684049,55.852890146180435,55.02814368336102,0.2
41,20,1,9.351473327556194,9.680582779654314,4.492735857941088,55.852890146180435,55.02814368336102,0.2
41,20,2,10.194385455130808,10.521292465983008,4.911668506690637,55.852890146180435,55.02814368336102,0.2
41,20,3,7.608706512290975,7.826650106157323,3.9934691156599627,55.852890146180435,55.02814368336102,0.2
41,20,4,9.632537556907886,9.92471420337599,4.6635360327578415,55.852890146180435,55.02814368336102,0.2
41,20,5,8.299101763472521,8.560565681697888,3.9203820919679773,55.852890146180435,55.02814368336102,0.2
41,20,6,9.05576995815469,9.342706956483521,4.540443542640681,55.852890146180435,55.02814368336102,0.2
41,20,7,12.83738954477639,13.185840082208161,6.113071329906131,55.852890146180435,55.02814368336102,0.2
41,20,8,6.8093459755886245,7.0052379600282215,3.70542869673411,55.852890146180435,55.02814368336102,0.2
41,20,9,11.153895616137444,11.475809306842514,5.312228228894256,55.852890146180435,55.02814368336102,0.2
42,0,0,2.0,2.0,1.5557660698078297,18.443383097271138,18.443383097271138,0.0
42,0,1,2.0,2.0,1.6820612502018193,18.443383097271138,18.443383097271138,0.0
42,0,2,2.0,2.0,1.3498916007041695,18.443383097271138,18.443383097271138,0.0
42,0,3,2.0,2.0,1.4295540814183536,18.443383097271138,18.443383097271138,0.0
42,0,4,2.0,2.0,1.5543004274152539,18.443383097271138,18.443383097271138,0.0
42,0,5,2.0,2.0,1.6162404898541978,18.443383097271138,18.443383097271138,0.0
42,0,6,2.0,2.0,1.8291254272271047,18.443383097271138,18.443383097271138,0.0
42,0,7,2.0,2.0,1.5900014730232508,18.443383097271138,18.443383097271138,0.0
42,0,8,2.0,2.0,1.822606266463717,18.443383097271138,18.443383097271138,0.0
42,0,9,2.0,2.0,1.416520114140088,18.443383097271138,18.443383097271138,0.0
42,1,0,3.147275253674121,3.7670027989846036,2.4233740812023195,18.443383097271138,28.644926737588126,0.0
42,1,1,3.402767196599326,4.096624630915857,2.778555841701199,18.443383097271138,28.644926737588126,0.0
42,1,2,2.730796430445072,2.997503410343834,1.7918831196456941,18.443383097271138,28.644926737588126,0.0
42,1,3,2.891951606061553,3.4375980925275345,2.0886138934689757,18.443383097271138,28.644926737588126,0.0
42,1,4,3.144310296330978,3.7631775720132383,2.4193698693974186,18.443383097271138,28.644926737588126,0.0
42,1,5,3.269613469801779,3.924836922650121,2.590956472692778,18.443383097271138,28.644926737588126,0.0
42,1,6,3.700274292322787,4.480452131627381,3.216975691962686,18.443383097271138,28.644926737588126,0.0
42,1,7,3.2165326050397796,3.8563548731458552,2.517679386852323,18.443383097271138,28.644926737588126,0.0
42,1,8,3.6870861956394165,4.463437565380445,3.1969841793985125,18.443383097271138,28.644926737588126,0.0
42,1,9,2.86558422122898,2.7307964304450727,1.7615877327657448,18.443383097271138,28.644926737588126,0.0
42,2,0,4.9024242295664795,6.818561680779142,3.671201651599282,31.05531420875096,42.98039995472435,0.2
42,2,1,5.620947911929993,7.645078768529514,4.300195339331744,31.05531420875096,42.98039995472435,0.2
42,2,2,3.6249340497790143,4.2677749085868895,2.294663206976262,31.05531420875096,42.98039995472435,0.2
42,2,3,4.22521287034292,4.73603225125947,2.613784923779661,31.05531420875096,42.98039995472435,0.2
42,2,4,4.894323810764062,6.694830268912901,3.621026216689514,31.05531420875096,42.98039995472435,0.2
42,2,5,5.241439152134238,7.1989093821821575,3.9616096442963267,31.05531420875096,42.98039995472435,0.2
42,2,6,6.507860136219555,8.690714938389688,5.115184978639942,31.05531420875096,42.98039995472435,0.2
42,2,7,5.093201468203064,6.989406449135309,3.8175500286892414,31.05531420875096,42.98039995472435,0.2
42,2,8,6.467417813946445,8.636658410172288,5.074741003482011,31.05531420875096,42.98039995472435,0.2
42,2,9,3.563647251411233,5.34173610896299,2.817600718046737,31.05531420875096,42.98039995472435,0.2
42,3,0,7.4267477184106365,10.570508776704541,4.9898836868815,46.8885966630013,56.88188821479183,0.2
42,3,1,8.69918597666506,12.03817778104218,5.908991102059091,46.8885966630013,56.88188821479183,0.2
42,3,2,4.642045399360682,7.46973386635965,3.3954042535123072,46.8885966630013,56.88188821479183,0.2
42,3,3,5.287620529000449,7.989599690887237,3.7691819862980083,46.8885966630013,56.88188821479183,0.2
42,3,4,7.325244087692327,5.689648948369153,3.2312740981784107,46.8885966630013,56.88188821479183,0.2
42,3,5,8.01423571331046,11.233784483207657,5.409451694374813,46.8885966630013,56.88188821479183,0.2
42,3,6,10.347889321964475,13.972956468544018,7.132212993895392,46.8885966630013,56.88188821479183,0.2
42,3,7,7.722806769041231,10.836506857976302,5.189183718953683,46.8885966630013,56.88188821479183,0.2
42,3,8,10.266072187213302,13.866868979750995,7.068979963360824,46.8885966630013,56.88188821479183,0.2
42,3,9,5.69993470531099,6.663136086643586,3.289098101798448,46.8885966630013,56.88188821479183,0.2
42,4,0,10.09440799051118,11.964581071947311,5.441912398269996,57.68460546712503,63.02614418532941,0.2
42,4,1,11.953738952533078,13.97390833700845,6.55908610505423,57.68460546712503,63.02614418532941,0.2
42,4,2,6.868816585400348,7.506589656080258,3.407122679063164,57.68460546712503,63.02614418532941,0.2
42,4,3,7.624959447492823,6.710029444417426,3.3356977419280645,57.68460546712503,63.02614418532941,0.2
42,4,4,6.536785448914727,8.949687777667565,4.4368984482502976,57.68460546712503,63.02614418532941,0.2
42,4,5,10.943183415585318,12.88434486190633,5.954271368508495,57.68460546712503,63.02614418532941,0.2
42,4,6,14.428285778460685,16.622160464111033,8.05385338744861,57.68460546712503,63.02614418532941,0.2
42,4,7,10.497586894570142,12.401573521284357,5.703090775953375,57.68460546712503,63.02614418532941,0.2
42,4,8,14.300366963364757,16.485327950052312,7.978847711677341,57.68460546712503,63.02614418532941,0.2
42,4,9,6.653761939913907,8.603043741109037,3.933310581814972,57.68460546712503,63.02614418532941,0.2
42,5,0,11.008850595291051,5.597902479365206,3.197724383082966,58.25630986641995,58.6256910924743,0.2
42,5,1,13.268864635738478,13.036708006325794,6.2479618051395605,58.25630986641995,58.6256910924743,0.2
42,5,2,6.892522662723907,6.573474037295273,3.104805252919262,58.25630986641995,58.6256910924743,0.2
42,5,3,6.7480318285920795,7.650142932954504,3.6563543445516222,58.25630986641995,58.6256910924743,0.2
42,5,4,8.975732894707066,9.585577346770929,4.655290237761283,58.25630986641995,58.6256910924743,0.2
42,5,5,12.045339781759017,11.858736435916713,5.618389933495906,58.25630986641995,58.6256910924743,0.2
42,5,6,16.292740891416592,15.915141206866707,7.812496529896186,58.25630986641995,58.6256910924743,0.2
42,5,7,11.537207821245456,11.442597226968843,5.390682550389557,58.25630986641995,58.6256910924743,0.2
42,5,8,16.14100631394944,15.786214261520437,7.740454414296704,58.25630986641995,58.6256910924743,0.2
42,5,9,7.956987428508398,8.105103211664067,3.7725302730061756,58.25630986641995,58.6256910924743,0.2
42,6,0,6.468915227204111,6.807380099700543,3.666986398902605,53.003931261726684,53.9123472768898,0.2
42,6,1,12.639468077386313,11.530880369769378,5.733562296838349,53.003931261726684,53.9123472768898,0.2
42,6,2,6.280942186377174,4.786115907853045,2.486372229497628,53.003931261726684,53.9123472768898,0.2
42,6,3,7.396711993270691,7.22224111921779,3.5119634003944347,53.003931261726684,53.9123472768898,0.2
42,6,4,9.417533939267985,8.961249155194144,4.440909840318807,53.003931261726684,53.9123472768898,0.2
42,6,5,11.365860167761362,10.373774930259488,5.11612044735856,53.003931261726684,53.9123472768898,0.2
42,6,6,15.804482097359509,14.387364261843127,7.279630863025537,53.003931261726684,53.9123472768898,0.2
42,6,7,10.90521391390777,10.025120545790006,4.914046390920061,53.003931261726684,53.9123472768898,0.2
42,6,8,15.658742726866242,14.271261345433272,7.212660886295811,53.003931261726684,53.9123472768898,0.2
42,6,9,7.631732946480446,5.318489830711829,2.809011919214737,53.003931261726684,53.9123472768898,0.2
42,7,0,7.418220369243114,9.0681854892605,4.482162266595393,52.40595273954523,56.145256154482475,0.2
42,7,1,11.598850934232832,12.776848371431774,6.160520792205044,52.40595273954523,56.145256154482475,0.2
42,7,2,5.029867883856747,6.609581753470126,3.116733602039814,52.40595273954523,56.145256154482475,0.2
42,7,3,7.104612779758025,5.711944201206461,2.9800830149041246,52.40595273954523,56.145256154482475,0.2
42,7,4,8.983847839000436,10.298561723838066,4.895054966445617,52.40595273954523,56.145256154482475,0.2
42,7,5,10.349781751427892,11.538943255964092,5.5118985036929935,52.40595273954523,56.145256154482475,0.2
42,7,6,14.726508384330979,15.862676066675913,7.794459574788287,52.40595273954523,56.145256154482475,0.2
42,7,7,9.940991066516636,4.681058078771698,2.8834827016608156,52.40595273954523,56.145256154482475,0.2
42,7,8,14.59102982197447,15.731937101209468,7.721815187979227,52.40595273954523,56.145256154482475,0.2
42,7,9,5.682559783369109,7.307099729527297,3.5085144789699734,52.40595273954523,56.145256154482475,0.2
42,8,0,9.067300449835658,13.00737946400989,5.76973897134606,59.833924241995334,65.89983026640077,0.2
42,8,1,12.462577128608263,16.54554992264754,7.382401371449515,59.833924241995334,65.89983026640077,0.2
42,8,2,6.3050729337516405,9.84126491088891,4.118257934536407,59.833924241995334,65.89983026640077,0.2
42,8,3,6.028632265942682,9.742132912659066,4.330493869197742,59.833924241995334,65.89983026640077,0.2
42,8,4,9.902571897053825,7.930611001900997,4.0768865212831855,59.833924241995334,65.89983026640077,0.2
42,8,5,11.15043070940553,6.581547667202857,3.720613925618849,59.833924241995334,65.89983026640077,0.2
42,8,6,15.767993795188392,20.200907457318255,9.231708982046817,59.833924241995334,65.89983026640077,0.2
42,8,7,5.833212285221937,10.542544023259095,5.090240780003222,59.833924241995334,65.89983026640077,0.2
42,8,8,15.62103604533161,20.025292613173804,9.142754782255102,59.833924241995334,65.89983026640077,0.2
42,8,9,7.097635699294756,10.770793888968978,4.603362223682267,59.833924241995334,65.89983026640077,0.2
42,9,0,11.672035428128117,16.377247663293506,6.7794106345002385,72.41968431891526,77.47353525530131,0.2
42,9,1,14.934410513222533,20.009487509573965,8.433075430081486,72.41968431891526,77.47353525530131,0.2
42,9,2,8.331131226698194,10.142615538949872,4.206131755427639,72.41968431891526,77.47353525530131,0.2
42,9,3,8.760479133213808,12.678407372272613,5.207447308785884,72.41968431891526,77.47353525530131,0.2
42,9,4,8.247437908230674,12.77695869609634,5.692633354051618,72.41968431891526,77.47353525530131,0.2
42,9,5,7.526707494027002,12.609305939512385,5.86501075696993,72.41968431891526,77.47353525530131,0.2
42,9,6,18.675512850017313,24.29563044377814,10.5049069812096,72.41968431891526,77.47353525530131,0.2
42,9,7,10.29742784153009,14.959720409706392,6.503137901538166,72.41968431891526,77.47353525530131,0.2
42,9,8,18.495560762651486,24.069205744070356,10.39908417662668,72.41968431891526,77.47353525530131,0.2
42,9,9,9.312484885393506,9.006084648807892,4.061411236353115,72.41968431891526,77.47353525530131,0.2
42,10,0,13.714575564109909,9.011204865398886,4.462428831886621,80.66636285487517,80.41094027865788,0.2
42,10,1,17.059897454082613,21.223214012150873,8.787971028632901,80.66636285487517,80.41094027865788,0.2
42,10,2,8.50889773498239,12.1647573088809,4.776945785722987,80.66636285487517,80.41094027865788,0.2
42,10,3,10.534533673033593,10.56288133680323,4.582761685587628,80.66636285487517,80.41094027865788,0.2
42,10,4,11.516052722283378,15.616122365763283,6.551114828556035,80.66636285487517,80.41094027865788,0.2
42,10,5,11.864767831210022,16.380974085740647,7.044055867842741,80.66636285487517,80.41094027865788,0.2
42,10,6,21.25116007202377,25.786871934490655,10.952204754973252,80.66636285487517,80.41094027865788,0.2
42,10,7,13.155682840717468,17.257390924964096,7.187189994998147,80.66636285487517,80.41094027865788,0.2
42,10,8,21.037083225509587,25.546942510492997,10.841992777610832,80.66636285487517,80.41094027865788,0.2
42,10,9,8.216131799780845,12.379626826562578,5.074544159822608,80.66636285487517,80.41094027865788,0.2
42,11,0,9.027380212510659,10.727332863189869,5.0415900457744955,76.03641537285247,72.53693857695947,0.2
42,11,1,17.777842238092912,17.78687569165291,7.765878257591611,76.03641537285247,72.53693857695947,0.2
42,11,2,9.663640023596798,8.853442480054456,3.824339306332425,76.03641537285247,72.53693857695947,0.2
42,11,3,9.27081051993724,10.368950586033435,4.523701669374525,76.03641537285247,72.53693857695947,0.2
42,11,4,13.25273894579715,13.817165466199608,6.013222037338024,76.03641537285247,72.53693857695947,0.2
42,11,5,14.249946151028897,14.736256752286486,6.541178660815354,76.03641537285247,72.53693857695947,0.2
42,11,6,22.156032110121217,22.00082368612936,9.800082878816085,76.03641537285247,72.53693857695947,0.2
42,11,7,14.5395028556613,14.873887368250243,6.476996638252693,76.03641537285247,72.53693857695947,0.2
42,11,8,21.933076078528316,21.801934208941105,9.703275885120222,76.03641537285247,72.53693857695947,0.2
42,11,9,10.26567397748878,7.993664334338772,3.7361463872364045,76.03641537285247,72.53693857695947,0.2
42,12,0,10.199008641572826,10.143538564294419,4.84792550737592,65.28331575794653,62.02969573128037,0.2
42,12,1,15.710174516264521,14.51811966869088,6.7368684865955055,65.28331575794653,62.02969573128037,0.2
42,12,2,7.736541305313354,6.932006291310597,3.222397870372409,65.28331575794653,62.02969573128037,0.2
42,12,3,9.151333606848338,9.184134717362706,4.155338087354378,65.28331575794653,62.02969573128037,0.2
42,12,4,12.164595487867606,11.676780292617742,5.344906908500097,65.28331575794653,62.02969573128037,0.2
42,12,5,13.232638330766724,12.471388546896918,5.8200317307922464,65.28331575794653,62.02969573128037,0.2
42,12,6,19.825318810470744,18.20429989758791,8.583102068550204,65.28331575794653,62.02969573128037,0.2
42,12,7,13.10279972889571,5.783418391635382,3.3435341083220464,65.28331575794653,62.02969573128037,0.2
42,12,8,19.629480720442714,18.049703688190455,8.501604860706795,65.28331575794653,62.02969573128037,0.2
42,12,9,7.558129269463727,7.834551184020755,3.6839322473629927,65.28331575794653,62.02969573128037,0.2
42,13,0,9.807230198113556,10.676964974368927,5.025008158985606,58.70135024715914,60.19513298860372,0.2
42,13,1,13.628513879170828,14.1067741896889,6.602679386455858,58.70135024715914,60.19513298860372,0.2
42,13,2,6.51882906545712,7.487582511114026,3.401081452528146,58.70135024715914,60.19513298860372,0.2
42,13,3,8.40614343427312,6.68311740486598,3.3263271167046753,58.70135024715914,60.19513298860372,0.2
42,13,4,10.81261095274566,5.650708673654109,3.2157776443381976,58.70135024715914,60.19513298860372,0.2
42,13,5,11.773776403404382,12.409461302227527,5.799786888715263,58.70135024715914,60.19513298860372,0.2
42,13,6,17.36339753408039,17.659741655518985,8.402558257958132,58.70135024715914,60.19513298860372,0.2
42,13,7,6.763884598818358,8.910723389411663,4.524968948601157,58.70135024715914,60.19513298860372,0.2
42,13,8,17.198530752070692,17.511317193176875,8.323290113068984,58.70135024715914,60.19513298860372,0.2
42,13,9,7.452501390372774,8.405413077894273,3.8698407345038692,58.70135024715914,60.19513298860372,0.2
42,14,0,10.165463905662534,12.826430463689958,5.713435992552998,62.724334054524434,67.58151791729473,0.2
42,14,1,13.357052737050358,16.154436830444528,7.2598071592348195,62.724334054524434,67.58151791729473,0.2
42,14,2,6.880301414848351,7.936599302543929,3.542599167782781,62.724334054524434,67.58151791729473,0.2
42,14,3,6.7290752917133245,9.23686182821078,4.172023113884666,62.724334054524434,67.58151791729473,0.2
42,14,4,6.505436516297221,9.534493690564933,4.637909975213102,62.724334054524434,67.58151791729473,0.2
42,14,5,11.73282160195965,14.438852530071616,6.448487495938051,62.724334054524434,67.58151791729473,0.2
42,14,6,16.998161989799215,20.042317673393914,9.18091674497716,62.724334054524434,67.58151791729473,0.2
42,14,7,9.153897280543811,11.946950301695644,5.55592621696049,62.724334054524434,67.58151791729473,0.2
42,14,8,16.837804545543413,19.862329829125517,9.090609339118032,62.724334054524434,67.58151791729473,0.2
42,14,9,7.828589539087026,7.018774959219514,3.4110231851552815,62.724334054524434,67.58151791729473,0.2
42,15,0,11.558135931730545,17.590244503655555,7.127112464693723,74.27619279308442,77.95095095509,0.2
42,15,1,14.686405534945404,8.505484110639747,4.633510328129133,74.27619279308442,77.95095095509,0.2
42,15,2,7.166588159251016,12.723125533996514,4.929394391984938,74.27619279308442,77.95095095509,0.2
42,15,3,8.439896819261238,13.719367288421108,5.503176614233258,74.27619279308442,77.95095095509,0.2
42,15,4,9.38237410946979,15.37441052547723,6.479968591161665,74.27619279308442,77.95095095509,0.2
42,15,5,13.045126457925457,10.483521410502393,5.153947804766544,74.27619279308442,77.95095095509,0.2
42,15,6,18.572761444192004,25.54921374114268,10.881449923673987,74.27619279308442,77.95095095509,0.2
42,15,7,11.239497655350538,17.31878837940888,7.20507960703994,74.27619279308442,77.95095095509,0.2
42,15,8,18.39007185531374,25.316756164647614,10.773517049894219,74.27619279308442,77.95095095509,0.2
42,15,9,6.9004132875027615,12.962613209906193,5.240666729527618,74.27619279308442,77.95095095509,0.2
42,16,0,14.417967537403378,18.74849305361855,7.452461737848188,83.02000650856787,84.09744325743192,0.2
42,16,1,9.3734737351391,14.89960019328719,6.860298922838345,83.02000650856787,84.09744325743192,0.2
42,16,2,9.972039682939295,11.704682693780128,4.6497504962497525,83.02000650856787,84.09744325743192,0.2
42,16,3,11.13278654850331,10.53721702542033,4.574964624348548,83.02000650856787,84.09744325743192,0.2
42,16,4,13.108811914163798,17.26372701990206,7.027618243660987,83.02000650856787,84.09744325743192,0.2
42,16,5,10.42630553491466,15.378325096429144,6.739401214069036,83.02000650856787,84.09744325743192,0.2
42,16,6,22.012896883079293,27.15330377781402,11.355293526103274,83.02000650856787,84.09744325743192,0.2
42,16,7,14.575693086551166,18.915023761220933,7.663750430556949,83.02000650856787,84.09744325743192,0.2
42,16,8,21.794551420160847,26.896840468173135,11.239907808919934,83.02000650856787,84.09744325743192,0.2
42,16,9,10.601735717653812,14.60935417223758,5.698275743182982,83.02000650856787,84.09744325743192,0.2
42,17,0,15.076140855405095,16.142797278486935,6.711327833725641,81.67624997374526,77.66551694938656,0.2
42,17,1,13.878210517422668,15.951566364129897,7.195867262724249,81.67624997374526,77.66551694938656,0.2
42,17,2,9.406327182860739,8.734204790982293,3.788211843684513,81.67624997374526,77.66551694938656,0.2
42,17,3,9.255037263041254,11.221235834353916,4.780882561989978,81.67624997374526,77.66551694938656,0.2
42,17,4,14.216693254709584,15.568532696084457,6.537133402154663,81.67624997374526,77.66551694938656,0.2
42,17,5,13.633637522536265,15.386454174346289,6.741894758846553,81.67624997374526,77.66551694938656,0.2
42,17,6,22.971470458489446,24.0733652773144,10.437542431843813,81.67624997374526,77.66551694938656,0.2
42,17,7,15.503572515503954,16.722836195302108,7.030617724911932,81.67624997374526,77.66551694938656,0.2
42,17,8,22.738048082615528,23.851248803519205,10.333076581646676,81.67624997374526,77.66551694938656,0.2
42,17,9,11.527467132219014,9.625934587788239,4.255119713983026,81.67624997374526,77.66551694938656,0.2
42,18,0,13.576845786968553,7.045158358852576,3.7561837565689955,70.19877362931963,65.03700703646876,0.2
42,18,1,14.55705674792946,14.662752410546112,6.783778513346989,70.19877362931963,65.03700703646876,0.2
42,18,2,7.6634563657608075,8.349120531487799,3.670509983453616,70.19877362931963,65.03700703646876,0.2
42,18,3,9.671604022018418,10.320974436064988,4.509039963543998,70.19877362931963,65.03700703646876,0.2
42,18,4,13.224454875217349,5.834896054855258,3.2887976700617383,70.19877362931963,65.03700703646876,0.2
42,18,5,13.638681900302632,13.63393895704843,6.194694981212849,70.19877362931963,65.03700703646876,0.2
42,18,6,21.114883299243886,20.073381200190823,9.190875063165207,70.19877362931963,65.03700703646876,0.2
42,18,7,14.222761129114458,13.925239088172363,6.18498131629487,70.19877362931963,65.03700703646876,0.2
42,18,8,20.90355153699502,19.90387597727519,9.10391558211959,70.19877362931963,65.03700703646876,0.2
42,18,9,8.60799913118936,9.286301672421335,4.149461126567166,70.19877362931963,65.03700703646876,0.2
42,19,0,7.598664358814905,8.400980259514983,4.248682457795438,60.152810751209984,60.17167603192965,0.2
42,19,1,13.723411672103396,13.288300452598856,6.33212408051137,60.152810751209984,60.17167603192965,0.2
42,19,2,7.425348491315473,6.492889748734386,3.0781127091806293,60.152810751209984,60.17167603192965,0.2
42,19,3,9.121673348257685,5.714802750302276,2.9811269067518733,60.152810751209984,60.17167603192965,0.2
42,19,4,6.653154174139402,7.959790914341674,4.087381090666506,60.152810751209984,60.17167603192965,0.2
42,19,5,12.531710645186324,12.13074998367634,5.708294117469046,60.152810751209984,60.17167603192965,0.2
42,19,6,18.592906869014975,17.623025601695304,8.390325714559246,60.152810751209984,60.17167603192965,0.2
42,19,7,12.51206014771622,12.077147145505771,5.5982408646800375,60.152810751209984,60.17167603192965,0.2
42,19,8,18.41699004702064,17.474315890080426,8.310975265787253,60.152810751209984,60.17167603192965,0.2
42,19,9,8.394254491834179,8.308535729753782,3.838564946709594,60.152810751209984,60.17167603192965,0.2
42,20,0,8.594976725383027,8.866123226057352,4.412014517238082,61.073512322370526,60.17167603192965,0.2
42,20,1,12.809726223331946,13.176270495150462,6.294707588524211,61.073512322370526,60.17167603192965,0.2
42,20,2,6.226943848197328,6.458572438399081,3.066715389324536,61.073512322370526,60.17167603192965,0.2
42,20,3,6.030744032643146,6.205543143614045,3.1580969074680825,61.073512322370526,60.17167603192965,0.2
42,20,4,8.26866815560467,8.501411102989312,4.280137115393908,61.073512322370526,60.17167603192965,0.2
42,20,5,11.547734049003274,11.891571092136651,5.629274816878638,61.073512322370526,60.17167603192965,0.2
42,20,6,16.97341586512408,17.42513657882206,8.324263586750345,61.073512322370526,60.17167603192965,0.2
42,20,7,11.325099113191898,11.656542682647087,5.461040036495713,61.073512322370526,60.17167603192965,0.2
42,20,8,16.812891922203224,17.259122198929248,8.239198284854155,61.073512322370526,60.17167603192965,0.2
42,20,9,7.765319414564871,8.038602323896713,3.750836467542984,61.073512322370526,60.17167603192965,0.2
43,0,0,2.0,2.0,1.487643103978713,18.00103342430287,18.00103342430287,0.0
43,0,1,2.0,2.0,1.462485930074021,18.00103342430287,18.00103342430287,0.0
43,0,2,2.0,2.0,1.6136310905213331,18.00103342430287,18.00103342430287,0.0
43,0,3,2.0,2.0,1.5246690504965739,18.00103342430287,18.00103342430287,0.0
43,0,4,2.0,2.0,1.615527590449076,18.00103342430287,18.00103342430287,0.0
43,0,5,2.0,2.0,1.412940637955786,18.00103342430287,18.00103342430287,0.0
43,0,6,2.0,2.0,1.6004508395673642,18.00103342430287,18.00103342430287,0.0
43,0,7,2.0,2.0,1.3986059966051376,18.00103342430287,18.00103342430287,0.0
43,0,8,2.0,2.0,1.9448415345030245,18.00103342430287,18.00103342430287,0.0
43,0,9,2.0,2.0,1.4581513790836633,18.00103342430287,18.00103342430287,0.0
43,1,0,3.009464223647383,3.621420029912081,2.2542028056025023,18.00103342430287,27.679395020596274,0.0
43,1,1,2.958571899653974,3.5549410295071895,2.1875267894397536,18.00103342430287,27.679395020596274,0.0
43,1,2,3.264334721211837,3.95434913554649,2.600373693594891,18.00103342430287,27.679395020596274,0.0
43,1,3,3.084366773253648,3.7192628131626018,2.353826213678551,18.00103342430287,27.679395020596274,0.0
43,1,4,3.268171292407863,3.9593607246837252,2.605739113306123,18.00103342430287,27.679395020596274,0.0
43,1,5,2.858343031801728,2.829344416348723,1.8012873179898443,18.00103342430287,27.679395020596274,0.0
43,1,6,3.2376714082178952,3.9195197102769828,2.5632108843585337,18.00103342430287,27.679395020596274,0.0
43,1,7,2.829344416348724,3.1218520986218135,1.91013039698159,18.00103342430287,27.679395020596274,0.0
43,1,8,3.9343650389644003,4.829588116005134,3.6049586683581203,18.00103342430287,27.679395020596274,0.0
43,1,9,2.9498032130676752,3.5434867772078356,2.1761217391426153,18.00103342430287,27.679395020596274,0.0
43,2,0,4.560195034792001,6.5383326030709314,3.4088246596314247,30.00853579928307,41.16021434857767,0.2
43,2,1,4.425311147197952,4.385106198806811,2.5337092712341227,30.00853579928307,41.16021434857767,0.2
43,2,2,5.260489950887849,7.281513708387694,3.986928305534976,30.00853579928307,41.16021434857767,0.2
43,2,3,4.761730659593971,6.6498102415937534,3.535257598164773,30.00853579928307,41.16021434857767,0.2
43,2,4,5.27134405871964,7.286691424293475,3.993600769921502,30.00853579928307,41.16021434857767,0.2
43,2,5,3.6439585042285465,5.604199440922736,2.9064471275366643,30.00853579928307,41.16021434857767,0.2
43,2,6,5.185310531477418,7.246713076653623,3.941123898348855,30.00853579928307,41.16021434857767,0.2
43,2,7,3.864145289177991,5.74756996109315,2.928285219766997,30.00853579928307,41.16021434857767,0.2
43,2,8,7.292739845420959,9.846611345924192,5.935591186148603,30.00853579928307,41.16021434857767,0.2
43,2,9,4.402239020055131,4.972893419613814,2.758722531632261,30.00853579928307,41.16021434857767,0.2
43,3,0,6.895965726195129,6.103464509278467,3.2484878962499644,44.90290204805319,54.36307241605395,0.2
43,3,1,5.125629517260806,8.08813225482708,3.8892375533876313,44.90290204805319,54.36307241605395,0.2
43,3,2,8.06545472207982,11.148465874320893,5.3719731363270595,44.90290204805319,54.36307241605395,0.2
43,3,3,7.151736350338165,10.018494901986601,4.709950302763043,44.90290204805319,54.36307241605395,0.2
43,3,4,8.078952948099964,11.15258961093535,5.379679309275183,44.90290204805319,54.36307241605395,0.2
43,3,5,5.879668735633419,8.856575535008858,4.0039532761062,44.90290204805319,54.36307241605395,0.2
43,3,6,7.9727935694530006,11.1226977306843,5.319470884720982,44.90290204805319,54.36307241605395,0.2
43,3,7,5.9238466416809965,7.00156100881502,3.362101366818138,44.90290204805319,54.36307241605395,0.2
43,3,8,12.00755024719058,15.990605024122495,8.334290826223038,44.90290204805319,54.36307241605395,0.2
43,3,9,5.580825629287509,8.48107554509267,4.008641960624059,44.90290204805319,54.36307241605395,0.2
43,4,0,6.571608525303734,9.28399928824981,4.357047809022408,55.130244137805214,59.96701581228069,0.2
43,4,1,7.867828811145714,10.154533811326809,4.56071246613681,55.130244137805214,59.96701581228069,0.2
43,4,2,10.86736524434724,13.198513127205848,6.045758040784657,55.130244137805214,59.96701581228069,0.2
43,4,3,9.528109862784241,6.771736830600487,3.5805079131447215,55.130244137805214,59.96701581228069,0.2
43,4,4,10.882954636538544,13.21604536163049,6.0584907184259,55.130244137805214,59.96701581228069,0.2
43,4,5,8.099895805230556,7.7857673780887175,3.658591456280545,55.130244137805214,59.96701581228069,0.2
43,4,6,10.76115452253712,13.078856937920229,5.958270202030838,55.130244137805214,59.96701581228069,0.2
43,4,7,6.801445691277803,9.077488761937666,4.032277318800589,55.130244137805214,59.96701581228069,0.2
43,4,8,16.860058708913105,19.67759626871586,9.63703987384326,55.130244137805214,59.96701581228069,0.2
43,4,9,8.109380894950482,10.327757378333557,4.601355994535099,55.130244137805214,59.96701581228069,0.2
43,5,0,8.814197079195267,9.052758881307879,4.28079493055789,55.42869709199028,55.98911721808802,0.2
43,5,1,9.226205508883773,9.294627075446234,4.286798580792236,55.42869709199028,55.98911721808802,0.2
43,5,2,12.230414996653842,12.179635115156247,5.715144960086402,55.42869709199028,55.98911721808802,0.2
43,5,3,7.2432765885019545,8.390711019779022,4.160195332672019,55.42869709199028,55.98911721808802,0.2
43,5,4,12.256172880201362,12.221071450895874,5.735481466286005,55.42869709199028,55.98911721808802,0.2
43,5,5,7.401237613491352,7.710418010124587,3.633770254901425,55.42869709199028,55.98911721808802,0.2
43,5,6,12.053429320432391,11.892157547227242,5.574472784905332,55.42869709199028,55.98911721808802,0.2
43,5,7,8.157194624369266,6.876386467975845,3.3199120823774133,55.42869709199028,55.98911721808802,0.2
43,5,8,19.495486951559577,18.775862753034026,9.325736822910942,55.42869709199028,55.98911721808802,0.2
43,5,9,9.308426334772934,6.0473609688251075,3.1635721289289673,55.42869709199028,55.98911721808802,0.2
43,6,0,8.659939442349875,8.27301077824413,4.019224541480293,50.62018485634957,51.398244332023935,0.2
43,6,1,8.672084674323347,5.766196651840685,3.068974743531293,50.62018485634957,51.398244332023935,0.2
43,6,2,11.561593129654835,10.964419996716405,5.30973956597856,50.62018485634957,51.398244332023935,0.2
43,6,3,8.415969518210742,8.498503210340083,4.197534724553766,50.62018485634957,51.398244332023935,0.2
43,6,4,11.602733365292,11.018264982842801,5.334240977939718,50.62018485634957,51.398244332023935,0.2
43,6,5,7.35102495338583,5.123598494455457,2.729640679392186,50.62018485634957,51.398244332023935,0.2
43,6,6,11.277016891350202,10.591644470484711,5.140385829922354,50.62018485634957,51.398244332023935,0.2
43,6,7,6.716097840166156,6.682636051726073,3.254152155478375,50.62018485634957,51.398244332023935,0.2
43,6,8,18.865728784437728,17.272555932913832,8.796559594261963,50.62018485634957,51.398244332023935,0.2
43,6,9,6.399826084278307,6.833081522897386,3.4459838478565934,50.62018485634957,51.398244332023935,0.2
43,7,0,8.130789187299309,5.870801475109885,3.161301611569427,49.96209772736568,53.604044493650996,0.2
43,7,1,6.208457975728962,7.659635152846336,3.7438320528581284,49.96209772736568,53.604044493650996,0.2
43,7,2,10.741468311828449,11.717683736345421,5.562531668664714,49.96209772736568,53.604044493650996,0.2
43,7,3,8.491506159828837,9.634794299763016,4.582941361704171,49.96209772736568,53.604044493650996,0.2
43,7,4,10.791034046061844,11.7693817659361,5.586257332543463,49.96209772736568,53.604044493650996,0.2
43,7,5,5.5219937806809245,6.952082569284589,3.3797405646770406,49.96209772736568,53.604044493650996,0.2
43,7,6,10.398870004183912,11.360710465007346,5.39889878722379,49.96209772736568,53.604044493650996,0.2
43,7,7,6.58306717789035,5.149054096925911,2.7113376653993027,49.96209772736568,53.604044493650996,0.2
43,7,8,17.795216688271168,18.6057912364429,9.266525484576636,49.96209772736568,53.604044493650996,0.2
43,7,9,6.971137820391872,8.202799904571869,3.9161119487023592,49.96209772736568,53.604044493650996,0.2
43,8,0,6.395232885315175,10.807086052389902,4.845892583974331,57.125758380596444,62.95242624875128,0.2
43,8,1,7.57367717585447,11.51570190636804,4.980511986538506,57.125758380596444,62.95242624875128,0.2
43,8,2,11.252860316416037,6.317401881134329,3.609609407400573,57.125758380596444,62.95242624875128,0.2
43,8,3,9.271174000158496,13.083823801030855,5.677653289089364,57.125758380596444,62.95242624875128,0.2
43,8,4,11.300856731977278,7.714687746752084,4.156389406844857,57.125758380596444,62.95242624875128,0.2
43,8,5,6.837129340634445,10.855706597435526,4.617039467807202,57.125758380596444,62.95242624875128,0.2
43,8,6,10.92183515238863,15.005466455092725,6.559881464977216,57.125758380596444,62.95242624875128,0.2
43,8,7,5.484967248141514,9.715755065053616,4.228710746033071,57.125758380596444,62.95242624875128,0.2
43,8,8,18.745945750540155,23.844008047122156,11.02373350263412,57.125758380596444,62.95242624875128,0.2
43,8,9,7.922195030446244,11.763516617205298,5.040314491421565,57.125758380596444,62.95242624875128,0.2
43,9,0,9.803117645694138,14.727352098487412,6.018177953940162,69.18067645416652,73.36659798769116,0.2
43,9,1,10.075449278692766,14.762780848151186,5.926365337978569,69.18067645416652,73.36659798769116,0.2
43,9,2,7.302148172407686,12.965832204987617,5.97095136744792,69.18067645416652,73.36659798769116,0.2
43,9,3,11.485748431253327,8.608608717778017,4.235529057962835,69.18067645416652,73.36659798769116,0.2
43,9,4,8.408270226906218,13.81637808380668,6.249846182277093,69.18067645416652,73.36659798769116,0.2
43,9,5,9.340153602952169,14.165078634488284,5.562323097478577,69.18067645416652,73.36659798769116,0.2
43,9,6,13.270473628666116,18.405280512029915,7.5679987255287635,69.18067645416652,73.36659798769116,0.2
43,9,7,8.554574459629173,13.206979428407287,5.242480695956467,69.18067645416652,73.36659798769116,0.2
43,9,8,22.30073295031061,29.06422716040273,12.662351622341504,69.18067645416652,73.36659798769116,0.2
43,9,9,10.196428227506983,9.990999810889164,4.495809301355221,69.18067645416652,73.36659798769116,0.2
43,10,0,12.174621181308208,15.687805908177983,6.290299177370706,76.390171110694,76.0893421857602,0.2
43,10,1,11.988886590614442,15.340396079832615,6.087742870441296,76.390171110694,76.0893421857602,0.2
43,10,2,12.079082996058485,16.143664957491403,6.961210251179167,76.390171110694,76.0893421857602,0.2
43,10,3,8.56836773152578,12.857783735696092,5.608811820206435,76.390171110694,76.0893421857602,0.2
43,10,4,12.643280124485576,16.617411990412805,7.111934588529361,76.390171110694,76.0893421857602,0.2
43,10,5,11.252438382202726,10.343951116116259,4.463581211365937,76.390171110694,76.0893421857602,0.2
43,10,6,15.309869247653708,18.966043967797326,7.728675421732653,76.390171110694,76.0893421857602,0.2
43,10,7,10.605405325677348,9.21835378129205,4.075977228164702,76.390171110694,76.0893421857602,0.2
43,10,8,25.61561579707053,30.25530300087014,13.023396967393674,76.390171110694,76.0893421857602,0.2
43,10,9,9.094908054615818,12.918990908863357,5.381974438923193,76.390171110694,76.0893421857602,0.2
43,11,0,12.725115506337591,7.209365179442559,3.65010765581868,71.94992133948635,67.64061131064528,0.2
43,11,1,12.315349240929002,8.356453921752193,3.9791115620933724,71.94992133948635,67.64061131064528,0.2
43,11,2,14.082351572216133,15.38836378348143,6.731594815042287,71.94992133948635,67.64061131064528,0.2
43,11,3,11.346483887793667,12.971391898770143,5.643456659142236,71.94992133948635,67.64061131064528,0.2
43,11,4,14.387263079334481,15.630574364536155,6.813587513491913,71.94992133948635,67.64061131064528,0.2
43,11,5,9.029711446934956,10.474024748744943,4.502797706656239,71.94992133948635,67.64061131064528,0.2
43,11,6,15.634914124012965,16.330899242321898,6.960307250383892,71.94992133948635,67.64061131064528,0.2
43,11,7,8.24559843134165,10.002778782093383,4.315775586304349,71.94992133948635,67.64061131064528,0.2
43,11,8,26.346001362091428,26.51699471911027,11.874907499958107,71.94992133948635,67.64061131064528,0.2
43,11,9,10.887597625536275,12.106398461464131,5.142710660174064,71.94992133948635,67.64061131064528,0.2
43,12,0,7.384075100586033,8.670307656869763,4.153382342339408,60.87661642307047,57.916100680290164,0.2
43,12,1,8.04964164858792,8.929631588163387,4.168254029548375,60.87661642307047,57.916100680290164,0.2
43,12,2,13.61784537553294,13.336209967065525,6.089840991883091,60.87661642307047,57.916100680290164,0.2
43,12,3,11.416569517224858,11.466929592303984,5.1768739396965815,60.87661642307047,57.916100680290164,0.2
43,12,4,13.783714522457032,13.47919960088529,6.142685148587902,60.87661642307047,57.916100680290164,0.2
43,12,5,9.109045421083293,8.975385370411761,4.041476822239455,60.87661642307047,57.916100680290164,0.2
43,12,6,14.080524824537177,5.79061903895751,3.3684401665954185,60.87661642307047,57.916100680290164,0.2
43,12,7,8.730704420661638,8.79959236274363,3.9454648342368053,60.87661642307047,57.916100680290164,0.2
43,12,8,24.022636333047046,22.107782618424196,10.45550114173562,60.87661642307047,57.916100680290164,0.2
43,12,9,10.403573076748737,6.999171836414287,3.5044048697443775,60.87661642307047,57.916100680290164,0.2
43,13,0,8.402187011770044,9.055373288149731,4.28166028867239,54.80847956616714,56.58722109039108,0.2
43,13,1,8.432272057357231,9.027412372165637,4.200151896096206,54.80847956616714,56.58722109039108,0.2
43,13,2,12.319593687328183,12.61599494372356,5.857715979932105,54.80847956616714,56.58722109039108,0.2
43,13,3,10.472684523715088,10.891084296039342,4.993492147089951,54.80847956616714,56.58722109039108,0.2
43,13,4,12.426496074471048,12.717844681404685,5.897702265397389,54.80847956616714,56.58722109039108,0.2
43,13,5,8.175804986223222,6.110541160255351,3.087867744143133,54.80847956616714,56.58722109039108,0.2
43,13,6,6.814268922266182,8.481717801059283,4.400074347807546,54.80847956616714,56.58722109039108,0.2
43,13,7,7.981575172524997,6.849777467902245,3.3109140959430037,54.80847956616714,56.58722109039108,0.2
43,13,8,21.15121331332973,20.771424291172746,10.008975306274687,54.80847956616714,56.58722109039108,0.2
43,13,9,7.089322064186627,8.082087933760608,3.875681820844194,54.80847956616714,56.58722109039108,0.2
43,14,0,8.661690039841481,12.117318581369117,5.250036524757659,58.964829591171444,63.84673072766739,0.2
43,14,1,8.49680063140139,11.81920049564246,5.072036492653394,58.964829591171444,63.84673072766739,0.2
43,14,2,11.850010682498679,15.278606505586756,6.6979496454204215,58.964829591171444,63.84673072766739,0.2
43,14,3,10.101707813883293,8.265734458976345,4.116722585383463,58.964829591171444,63.84673072766739,0.2
43,14,4,11.930901922623734,6.8810782110536834,3.8366565905704433,58.964829591171444,63.84673072766739,0.2
43,14,5,6.246678036216999,9.97282148083544,4.35086442514086,58.964829591171444,63.84673072766739,0.2
43,14,6,8.901238674585274,12.80327575109344,5.870108263868745,58.964829591171444,63.84673072766739,0.2
43,14,7,6.697895142095095,10.162617068293217,4.363935088612471,58.964829591171444,63.84673072766739,0.2
43,14,8,20.24790288681686,24.46818291923195,11.22495030157155,58.964829591171444,63.84673072766739,0.2
43,14,9,7.840405908430875,11.265547906478332,4.889993018573287,58.964829591171444,63.84673072766739,0.2
43,15,0,10.620690575477099,15.824748451144922,6.328685687828477,70.1714348372571,74.4895656692458,0.2
43,15,1,10.260601030482619,10.79690511855825,4.760802870056709,70.1714348372571,74.4895656692458,0.2
43,15,2,13.549782051739252,9.139351828414348,4.674380197123162,70.1714348372571,74.4895656692458,0.2
43,15,3,8.328025254348887,13.64093082222359,5.845819372433329,70.1714348372571,74.4895656692458,0.2
43,15,4,7.761458858554231,13.79704347778312,6.243722682659418,70.1714348372571,74.4895656692458,0.2
43,15,5,8.80168825061748,13.97729518900531,5.510602885067084,70.1714348372571,74.4895656692458,0.2
43,15,6,11.8750799582254,17.374152292143503,7.268652029038522,70.1714348372571,74.4895656692458,0.2
43,15,7,8.828129870917365,13.773391720709656,5.398871842985146,70.1714348372571,74.4895656692458,0.2
43,15,8,22.707789425065535,29.83479847423062,12.896426874004533,70.1714348372571,74.4895656692458,0.2
43,15,9,9.892331705046077,14.849935714815103,5.933197669789848,70.1714348372571,74.4895656692458,0.2
43,16,0,12.80277044224551,17.1012564860696,6.681859983550849,79.33353154657537,79.82925464401211,0.2
43,16,1,9.630983315120764,14.097712562686652,5.73818777282776,79.33353154657537,79.82925464401211,0.2
43,16,2,9.456152442305983,14.77458937782961,6.542504797690085,79.33353154657537,79.82925464401211,0.2
43,16,3,11.825944147619051,16.137812852517026,6.57575857420913,79.33353154657537,79.82925464401211,0.2
43,16,4,12.630892440252964,17.369514731044408,7.335754051846036,79.33353154657537,79.82925464401211,0.2
43,16,5,11.147809705824942,10.568171364653006,4.5310912876583,79.33353154657537,79.82925464401211,0.2
43,16,6,14.704298481960631,19.296229410047,7.822616853063191,79.33353154657537,79.82925464401211,0.2
43,16,7,10.92178064487805,11.838008159480168,4.855896634231257,79.33353154657537,79.82925464401211,0.2
43,16,8,26.089144087315084,32.00344974735045,13.545685254478244,79.33353154657537,79.82925464401211,0.2
43,16,9,12.002708224375347,16.106294463307503,6.2802735444462785,79.33353154657537,79.82925464401211,0.2
43,17,0,13.517233074341677,8.528412722589104,4.105683837349692,77.530943926121,73.13264653839317,0.2
43,17,1,11.608208154704764,13.618669250452328,5.600992232966879,77.530943926121,73.13264653839317,0.2
43,17,2,13.23532107198973,15.898968284222864,6.8871813085331715,77.530943926121,73.13264653839317,0.2
43,17,3,13.302592617475051,15.334933039915539,6.345004090180804,77.530943926121,73.13264653839317,0.2
43,17,4,14.840044170179459,17.073013767649996,7.247872014984063,77.530943926121,73.13264653839317,0.2
43,17,5,9.166282616991936,11.588392860010664,4.833026385171119,77.530943926121,73.13264653839317,0.2
43,17,6,15.824955254141127,17.643489751879898,7.347345869491402,77.530943926121,73.13264653839317,0.2
43,17,7,9.823355585331186,11.92139883949645,4.879815942263769,77.530943926121,73.13264653839317,0.2
43,17,8,27.40257730440398,29.035544623391672,12.653603083906045,77.530943926121,73.13264653839317,0.2
43,17,9,12.704833905512237,9.825283863145918,4.443479598264747,77.530943926121,73.13264653839317,0.2
43,18,0,8.305694147383353,9.00192560669006,4.263954385827029,66.10169224274065,61.86977952971062,0.2
43,18,1,11.33066506137072,6.582527976404225,3.3670192484965873,66.10169224274065,61.86977952971062,0.2
43,18,2,13.93259290105924,13.481700861960443,6.136271074675011,66.10169224274065,61.86977952971062,0.2
43,18,3,12.835782155831293,12.335071960648165,5.448209119376105,66.10169224274065,61.86977952971062,0.2
43,18,4,14.66226104119508,14.020179096800675,6.314236951968393,66.10169224274065,61.86977952971062,0.2
43,18,5,9.777089652226454,9.28867927722055,4.139717416934282,66.10169224274065,61.86977952971062,0.2
43,18,6,14.863494122925163,13.905969551638194,6.219596830205127,66.10169224274065,61.86977952971062,0.2
43,18,7,9.871743738098287,7.542192289623117,3.5417892011266354,66.10169224274065,61.86977952971062,0.2
43,18,8,25.59791772596712,23.28181749097966,10.841142179898249,66.10169224274065,61.86977952971062,0.2
43,18,9,8.989046394071243,9.331520358791302,4.285961854949436,66.10169224274065,61.86977952971062,0.2
43,19,0,8.625871447991074,9.189334360058115,4.325901179006432,57.22343799097182,57.106641295539255,0.2
43,19,1,6.8113944410336025,8.027319398548588,3.868744777156269,57.22343799097182,57.106641295539255,0.2
43,19,2,12.413520565817763,12.563568548315661,5.8406659181610046,57.22343799097182,57.106641295539255,0.2
43,19,3,11.021588702196153,5.738193628279096,3.1885793327899705,57.22343799097182,57.106641295539255,0.2
43,19,4,12.773541016497118,12.850024522712753,5.9405431116452805,57.22343799097182,57.106641295539255,0.2
43,19,5,8.374543214668742,6.758768069861201,3.313677201473251,57.22343799097182,57.106641295539255,0.2
43,19,6,12.582086453365385,12.520165491825928,5.7789427257924535,57.22343799097182,57.106641295539255,0.2
43,19,7,7.164949617273106,7.835402276752128,3.6376197397304844,57.22343799097182,57.106641295539255,0.2
43,19,8,21.931355340954976,20.973804717289653,10.077139668823586,57.22343799097182,57.106641295539255,0.2
43,19,9,8.67039199919033,9.162822961917357,4.231575780854902,57.22343799097182,57.106641295539255,0.2
43,20,0,8.751188237578909,9.034230225250024,4.274659869894443,57.96253970059911,57.106641295539255,0.2
43,20,1,7.826372445202463,8.072470686971089,3.8839643352967164,57.96253970059911,57.106641295539255,0.2
43,20,2,11.815518840487735,12.135762452443226,5.700726463878409,57.96253970059911,57.106641295539255,0.2
43,20,3,6.450415022681522,6.628368755010086,3.5272744344272966,57.96253970059911,57.106641295539255,0.2
43,20,4,12.017567866726178,12.340359863595216,5.774612673409285,57.96253970059911,57.106641295539255,0.2
43,20,5,6.703484834419282,6.946329419476138,3.377782504245429,57.96253970059911,57.106641295539255,0.2
43,20,6,11.69065438966236,12.027888182495774,5.61893371763782,57.96253970059911,57.106641295539255,0.2
43,20,7,7.3588123634451,7.613590947306061,3.565226015788415,57.96253970059911,57.106641295539255,0.2
43,20,8,20.385797661356534,20.92204747335635,10.059726005673838,57.96253970059911,57.106641295539255,0.2
43,20,9,8.560370352321945,8.827181393416806,4.122465708571314,57.96253970059911,57.106641295539255,0.2
44,0,0,2.0,2.0,1.5251910937499678,17.52422082169206,17.52422082169206,0.0
44,0,1,2.0,2.0,1.2927784501739692,17.52422082169206,17.52422082169206,0.0
44,0,2,2.0,2.0,1.3393262334182754,17.52422082169206,17.52422082169206,0.0
44,0,3,2.0,2.0,1.4768228410713877,17.52422082169206,17.52422082169206,0.0
44,0,4,2.0,2.0,1.5275773309839153,17.52422082169206,17.52422082169206,0.0
44,0,5,2.0,2.0,1.504428278696213,17.52422082169206,17.52422082169206,0.0
44,0,6,2.0,2.0,1.345403398148784,17.52422082169206,17.52422082169206,0.0
44,0,7,2.0,2.0,1.7923128483875186,17.52422082169206,17.52422082169206,0.0
44,0,8,2.0,2.0,1.36346218897377,17.52422082169206,17.52422082169206,0.0
44,0,9,2.0,2.0,1.398371346863932,17.52422082169206,17.52422082169206,0.0
44,1,0,3.0854228534990265,3.7387413655718995,2.3632575811588232,17.52422082169206,25.78744760178521,0.0
44,1,1,2.6152579771959488,2.884141268033116,1.6703776761732776,17.52422082169206,25.78744760178521,0.0
44,1,2,2.7094229607119393,2.615257977195949,1.6159411980411313,17.52422082169206,25.78744760178521,0.0
44,1,3,2.9875751065446563,3.610072157701185,2.2328961328443127,17.52422082169206,25.78744760178521,0.0
44,1,4,3.0902501508296125,3.7450892329783154,2.3697674334356993,17.52422082169206,25.78744760178521,0.0
44,1,5,3.043420205875168,3.683508132651832,2.306925844240614,17.52422082169206,25.78744760178521,0.0
44,1,6,2.721716910644395,3.260470204287011,1.8942080953603448,17.52422082169206,25.78744760178521,0.0
44,1,7,3.625803380111629,4.449338558376218,3.1368925184415932,17.52422082169206,25.78744760178521,0.0
44,1,8,2.7582493859167063,3.308510192954677,1.9393885876196513,17.52422082169206,25.78744760178521,0.0
44,1,9,2.828869725880722,3.4013755218514974,2.027961598533082,17.52422082169206,25.78744760178521,0.0
44,2,0,4.780810076515974,6.536049142503883,3.494008682156801,27.957386494700835,37.35378793790736,0.2
44,2,1,3.3791316230204265,3.9207350140992068,2.070905830883268,27.957386494700835,37.35378793790736,0.2
44,2,2,3.269008010063859,4.939077231206096,2.521839544389817,27.957386494700835,37.35378793790736,0.2
44,2,3,4.517092176842241,6.252527814726984,3.279792333676362,27.957386494700835,37.35378793790736,0.2
44,2,4,4.793979342367501,6.56778580987762,3.511361108666384,27.957386494700835,37.35378793790736,0.2
44,2,5,4.666852403161482,6.457145929501655,3.4172669968747535,27.957386494700835,37.35378793790736,0.2
44,2,6,3.8319348773130053,4.369788457995076,2.3251651902278523,27.957386494700835,37.35378793790736,0.2
44,2,7,6.345853909737344,8.51479646182594,4.940999510218315,27.957386494700835,37.35378793790736,0.2
44,2,8,3.9233338658859434,5.614733750316491,2.8083583184603524,27.957386494700835,37.35378793790736,0.2
44,2,9,4.102514817830525,5.789018191631067,2.942557510253304,27.957386494700835,37.35378793790736,0.2
44,3,0,7.068290840687213,9.878590288175804,4.665409239364378,40.75035826332049,48.16340653081958,0.2
44,3,1,4.189389909392632,6.707285094401651,3.0156840822306306,40.75035826332049,48.16340653081958,0.2
44,3,2,5.101617361262591,7.7657780502172065,3.4617432999290223,40.75035826332049,48.16340653081958,0.2
44,3,3,6.634936607304174,9.408735337070397,4.365955252989296,40.75035826332049,48.16340653081958,0.2
44,3,4,7.103394358886164,9.944117164705414,4.694383555011796,40.75035826332049,48.16340653081958,0.2
44,3,5,6.913044360062226,9.778649912827213,4.56925841142294,40.75035826332049,48.16340653081958,0.2
44,3,6,4.703750136942195,7.294842223280757,3.3284547376460747,40.75035826332049,48.16340653081958,0.2
44,3,7,9.995516542436805,13.518538722014544,6.82878824265397,40.75035826332049,48.16340653081958,0.2
44,3,8,5.681237565639864,5.852391522517624,2.8910490668002913,40.75035826332049,48.16340653081958,0.2
44,3,9,5.952719122918712,5.055086172741001,2.6761565416380892,40.75035826332049,48.16340653081958,0.2
44,4,0,9.438004422559372,11.217185761519472,5.099434314544136,48.84308856260157,52.14394711684098,0.2
44,4,1,6.100652321126775,5.578482407505465,2.6507230497355203,48.84308856260157,52.14394711684098,0.2
44,4,2,7.0030187917548385,6.248291619392006,2.97302308859154,48.84308856260157,52.14394711684098,0.2
44,4,3,8.832216612153676,10.556777922182683,4.732377421559598,48.84308856260157,52.14394711684098,0.2
44,4,4,9.496618727369686,11.280699770968635,5.127638934981003,48.84308856260157,52.14394711684098,0.2
44,4,5,9.243493739190539,11.004877024667074,4.963181153099553,48.84308856260157,52.14394711684098,0.2
44,4,6,6.733379414851125,8.37014362705802,3.6647517467980215,48.84308856260157,52.14394711684098,0.2
44,4,7,13.81446521155996,15.927103993642474,7.659291390039848,48.84308856260157,52.14394711684098,0.2
44,4,8,5.848518849766488,7.733566160602773,3.5138884093288123,48.84308856260157,52.14394711684098,0.2
44,4,9,5.4137967281263855,7.5135689323579475,3.531782189931644,48.84308856260157,52.14394711684098,0.2
44,5,0,10.316026128455063,10.499445501818824,4.8687751474026415,48.19768018751799,47.56751750342093,0.2
44,5,1,5.362345419839811,6.187433548741454,2.850102575143124,48.19768018751799,47.56751750342093,0.2
44,5,2,6.0143502142849385,6.680425335809214,3.115503608429786,48.19768018751799,47.56751750342093,0.2
44,5,3,9.573479354618144,4.440100779805176,2.5809665921513343,48.19768018751799,47.56751750342093,0.2
44,5,4,10.373083359399292,10.521802147254533,4.883658637807533,48.19768018751799,47.56751750342093,0.2
44,5,5,10.040389442727388,10.11494646717795,4.6786978924181915,48.19768018751799,47.56751750342093,0.2
44,5,6,7.413699724780034,5.3075953154482844,2.6641580449880506,48.19768018751799,47.56751750342093,0.2
44,5,7,15.494551989766215,15.197694842704001,7.412030967103924,48.19768018751799,47.56751750342093,0.2
44,5,8,7.108507023950545,7.454102809542592,3.4245133742699236,48.19768018751799,47.56751750342093,0.2
44,5,9,7.1447056877335395,7.697729980479024,3.592157668194462,48.19768018751799,47.56751750342093,0.2
44,6,0,9.849408490452982,9.178623111304407,4.431467206370978,43.00615278147152,43.432279365635324,0.2
44,6,1,5.765685136897757,4.234582099966197,2.185599070306653,43.00615278147152,43.432279365635324,0.2
44,6,2,6.302584687911764,5.934327901816258,2.8676454580704513,43.00615278147152,43.432279365635324,0.2
44,6,3,5.221229877471802,5.859178485144998,3.1339575765132484,43.00615278147152,43.432279365635324,0.2
44,6,4,9.879517413605802,9.175105865930652,4.437209832993139,43.00615278147152,43.432279365635324,0.2
44,6,5,9.464887030248649,8.719832710154815,4.21702522107286,43.00615278147152,43.432279365635324,0.2
44,6,6,5.389524074081024,5.499264372395357,2.731144901008311,43.00615278147152,43.432279365635324,0.2
44,6,7,14.994350432847472,13.575009651993195,6.8487438594735055,43.00615278147152,43.432279365635324,0.2
44,6,8,6.927703597525489,4.734672224927807,2.492441908147731,43.00615278147152,43.432279365635324,0.2
44,6,9,7.266843747145503,6.8378414860701895,3.3063196617130743,43.00615278147152,43.432279365635324,0.2
44,7,0,8.964745630300655,9.77111924540369,4.629821879575586,42.218714167948924,45.18299344648959,0.2
44,7,1,4.421411420342236,5.574976507170933,2.6495568126625293,42.218714167948924,45.18299344648959,0.2
44,7,2,5.801173943593546,4.841020126913745,2.486687437059094,42.218714167948924,45.18299344648959,0.2
44,7,3,6.339916596743244,7.538420222572905,3.738553878734769,42.218714167948924,45.18299344648959,0.2
44,7,4,8.976362818134845,9.777945060773297,4.639332750276091,42.218714167948924,45.18299344648959,0.2
44,7,5,8.530934939365045,9.325371088431375,4.4199441054843325,42.218714167948924,45.18299344648959,0.2
44,7,6,5.525036782813666,6.521772531645441,3.077424991967438,42.218714167948924,45.18299344648959,0.2
44,7,7,13.854834917653168,14.540334706407448,7.186127257154658,42.218714167948924,45.18299344648959,0.2
44,7,8,5.042146689638637,6.204357857381934,3.011687381133308,42.218714167948924,45.18299344648959,0.2
44,7,9,6.688600718314353,4.140661127173743,2.32728892057765,42.218714167948924,45.18299344648959,0.2
44,8,0,9.366012097376,6.537110516492126,3.494405841307093,48.15145556492385,53.1878140713213,0.2
44,8,1,5.359986151855393,8.45749972834124,3.5470924006898024,48.15145556492385,53.1878140713213,0.2
44,8,2,5.030505540749532,8.512404501895537,3.691492202481408,48.15145556492385,53.1878140713213,0.2
44,8,3,7.562999563631519,10.992786790529063,4.868362035416841,48.15145556492385,53.1878140713213,0.2
44,8,4,9.385252347293708,5.37479564916894,3.051656013172796,48.15145556492385,53.1878140713213,0.2
44,8,5,8.94143468981292,12.349210707210071,5.380193950752963,48.15145556492385,53.1878140713213,0.2
44,8,6,6.225552613738237,9.36410886964362,3.9642226747389158,48.15145556492385,53.1878140713213,0.2
44,8,7,14.537352963990012,18.679480050979347,8.563438231053077,48.15145556492385,53.1878140713213,0.2
44,8,8,6.092567096295069,9.423790261316388,4.035339049257702,48.15145556492385,53.1878140713213,0.2
44,8,9,4.708046389511979,8.513383596268607,3.8545444758601732,48.15145556492385,53.1878140713213,0.2
44,9,0,7.069094283563197,11.139242925435239,5.074604920481812,58.449994318454586,62.3171674632785,0.2
44,9,1,7.1756778553253175,8.284003020221263,3.495998849930669,58.449994318454586,62.3171674632785,0.2
44,9,2,7.467794987607488,11.14443072693575,4.457649329667205,58.449994318454586,62.3171674632785,0.2
44,9,3,9.848572775395857,13.698367420294971,5.679048416459456,58.449994318454586,62.3171674632785,0.2
44,9,4,6.173422623988012,10.424514649310265,4.85200565880901,58.449994318454586,62.3171674632785,0.2
44,9,5,10.883995743179812,14.892096718536756,6.133658395618999,58.449994318454586,62.3171674632785,0.2
44,9,6,8.019521807543171,7.3207461703970615,3.336723865451451,58.449994318454586,62.3171674632785,0.2
44,9,7,17.32361809014727,22.481348844811947,9.749188698623158,58.449994318454586,62.3171674632785,0.2
44,9,8,8.163388427337525,11.891063870860473,4.748720406405352,58.449994318454586,62.3171674632785,0.2
44,9,9,7.79764559626852,11.527500486805684,4.765583945540976,58.449994318454586,62.3171674632785,0.2
44,10,0,10.265796894759454,13.733980588027261,5.875715565140427,64.88537312923083,64.48586941081825,0.2
44,10,1,7.072316899557445,10.031232425844939,3.9971561310085697,64.88537312923083,64.48586941081825,0.2
44,10,2,9.017711400886615,7.3558596954077435,3.3327964067828164,64.88537312923083,64.48586941081825,0.2
44,10,3,11.488570738496573,14.58897979876976,5.935056392089596,64.88537312923083,64.48586941081825,0.2
44,10,4,9.815484240855467,13.393502628129717,5.782399921535117,64.88537312923083,64.48586941081825,0.2
44,10,5,12.408235182431177,15.56034788825432,6.3250505825380765,64.88537312923083,64.48586941081825,0.2
44,10,6,6.7501076504235495,10.085509036055466,4.175610675805969,64.88537312923083,64.48586941081825,0.2
44,10,7,19.722361176295692,23.597464138262414,10.085526049672616,64.88537312923083,64.48586941081825,0.2
44,10,8,9.606540797963905,8.3742360676683,3.715213202252498,64.88537312923083,64.48586941081825,0.2
44,10,9,9.640655309419646,12.668155995290155,5.090974261799826,64.88537312923083,64.48586941081825,0.2
44,11,0,11.886423386311888,12.629090770214395,5.540688350596035,60.97770197946424,57.270638409634316,0.2
44,11,1,8.086145353297866,6.800653609397148,3.0450088932271973,60.97770197946424,57.270638409634316,0.2
44,11,2,6.742162501266807,8.03464851182615,3.5452118830718797,60.97770197946424,57.270638409634316,0.2
44,11,3,12.006468372389227,12.423193901548414,5.303599101360629,60.97770197946424,57.270638409634316,0.2
44,11,4,11.697648208861244,12.47954229622324,5.5032756701250065,60.97770197946424,57.270638409634316,0.2
44,11,5,12.795416716549212,13.10879224094426,5.6097611132899585,60.97770197946424,57.270638409634316,0.2
44,11,6,8.447154365929121,9.213310778201329,3.9194265289288683,60.97770197946424,57.270638409634316,0.2
44,11,7,20.402763096858866,20.322552597179524,9.084009934140003,60.97770197946424,57.270638409634316,0.2
44,11,8,7.5157819677973725,8.638011017541425,3.796747619619798,60.97770197946424,57.270638409634316,0.2
44,11,9,10.298911656579328,5.873150939158362,2.972427928162086,60.97770197946424,57.270638409634316,0.2
44,12,0,11.208671838630185,10.805989424851433,4.967849612531319,51.54363065638024,48.83602399648259,0.2
44,12,1,6.159975669128294,6.478407467222692,2.9432753221170853,51.54363065638024,48.83602399648259,0.2
44,12,2,7.171873615936217,7.1368251102850575,3.263013845428981,51.54363065638024,48.83602399648259,0.2
44,12,3,10.729046307831112,4.716973701653488,2.692599880532347,51.54363065638024,48.83602399648259,0.2
44,12,4,11.13298693605699,10.727279229544646,4.950224755526555,51.54363065638024,48.83602399648259,0.2
44,12,5,11.348404283596249,10.66052131176803,4.853951148744136,51.54363065638024,48.83602399648259,0.2
44,12,6,7.92890034207738,5.641187777435094,2.7802952177201687,51.54363065638024,48.83602399648259,0.2
44,12,7,18.37672142662179,16.779402333063484,7.943947447171377,51.54363065638024,48.83602399648259,0.2
44,12,8,7.680724023729044,7.556623100573486,3.4574151834435862,51.54363065638024,48.83602399648259,0.2
44,12,9,6.0131462198490535,6.909076922456845,3.330393414636897,51.54363065638024,48.83602399648259,0.2
44,13,0,10.049833617611721,10.237084945251592,4.783289631540101,46.2156152065494,47.582434667639475,0.2
44,13,1,5.954171238091757,5.489829549130377,2.621164693265309,46.2156152065494,47.582434667639475,0.2
44,13,2,6.60099415163565,4.871096285652279,2.497491842984752,46.2156152065494,47.582434667639475,0.2
44,13,3,5.447061185163983,6.664267310695407,3.429525922288799,46.2156152065494,47.582434667639475,0.2
44,13,4,10.014178979438842,10.19678138051413,4.777562570377134,46.2156152065494,47.582434667639475,0.2
44,13,5,9.819419917592427,9.922709565740139,4.616275154853728,46.2156152065494,47.582434667639475,0.2
44,13,6,5.624466625448416,6.315790785165295,3.0090606265642843,46.2156152065494,47.582434667639475,0.2
44,13,7,16.070403965075826,15.766390770388787,7.6051086257618765,46.2156152065494,47.582434667639475,0.2
44,13,8,6.994263122008606,7.27516540456006,3.366759637318174,46.2156152065494,47.582434667639475,0.2
44,13,9,6.737301309174759,7.248529252765203,3.4441055031447143,46.2156152065494,47.582434667639475,0.2
44,14,0,9.67647346259563,5.555315198350159,3.118166900280411,49.581691725569414,53.50829168513956,0.2
44,14,1,5.3025496152755265,8.181782870100703,3.465745532163052,49.581691725569414,53.50829168513956,0.2
44,14,2,5.052362579581001,8.304128422770244,3.6280329134231475,49.581691725569414,53.50829168513956,0.2
44,14,3,6.937843854884109,10.231935105195086,4.629966488630869,49.581691725569414,53.50829168513956,0.2
44,14,4,9.664887763290135,12.667673106524887,5.561219044371751,49.581691725569414,53.50829168513956,0.2
44,14,5,9.338607417255483,6.733655179161137,3.5190553876262882,49.581691725569414,53.50829168513956,0.2
44,14,6,6.087253238503078,8.996307870837882,3.854575351067214,49.581691725569414,53.50829168513956,0.2
44,14,7,15.384941633494092,18.932952136674736,8.644615017523726,49.581691725569414,53.50829168513956,0.2
44,14,8,6.8108692542119735,9.69813106224506,4.117216798468649,49.581691725569414,53.50829168513956,0.2
44,14,9,6.967337976736522,9.934888032588232,4.294529629193956,49.581691725569414,53.50829168513956,0.2
44,15,0,6.3079724596966456,10.576854320096919,4.893874516799379,58.80886241853615,62.644977328810796,0.2
44,15,1,7.011115205935652,8.506935265767835,3.561593062550753,58.80886241853615,62.644977328810796,0.2
44,15,2,7.33941845726351,11.073110403385726,4.437660967261373,58.80886241853615,62.644977328810796,0.2
44,15,3,9.366304637822783,13.271559244874496,5.554599731221951,58.80886241853615,62.644977328810796,0.2
44,15,4,11.250204910802825,15.26691883735542,6.337357188290369,58.80886241853615,62.644977328810796,0.2
44,15,5,7.118959689841327,11.298808948661154,5.055607587210944,58.80886241853615,62.644977328810796,0.2
44,15,6,7.797708056028351,11.362932879769769,4.539153110762148,58.80886241853615,62.644977328810796,0.2
44,15,7,17.487836667856335,22.71591840758898,9.82028362772357,58.80886241853615,62.644977328810796,0.2
44,15,8,8.329025034870675,7.46289973012191,3.4273418688591457,58.80886241853615,62.644977328810796,0.2
44,15,9,8.687724388925616,12.459548023527956,5.032144706955467,58.80886241853615,62.644977328810796,0.2
44,16,0,9.900183877394628,13.927914749580886,5.933671968543418,66.71870402919518,66.99656911703033,0.2
44,16,1,7.205012326054907,10.603471754699008,4.155437606457606,66.71870402919518,66.99656911703033,0.2
44,16,2,8.97727545130384,7.976142921462482,3.5271215601156145,66.71870402919518,66.99656911703033,0.2
44,16,3,11.23681420838491,14.955789258405398,6.039123896772098,66.71870402919518,66.99656911703033,0.2
44,16,4,12.820312667484622,16.604429984098832,6.721078808498252,66.71870402919518,66.99656911703033,0.2
44,16,5,10.227365771951519,14.216477551925292,5.9375173791367155,66.71870402919518,66.99656911703033,0.2
44,16,6,9.182591480417255,9.04913853856668,3.8704065794719336,66.71870402919518,66.99656911703033,0.2
44,16,7,19.86618441255324,24.64580455907924,10.397116763050315,66.71870402919518,66.99656911703033,0.2
44,16,8,6.933425570255561,10.864165362012118,4.457789520336422,66.71870402919518,66.99656911703033,0.2
44,16,9,10.179900960987293,13.722244918216525,5.383926669959932,66.71870402919518,66.99656911703033,0.2
44,17,0,12.003667718709957,13.590655485321527,5.832725606754788,65.067715671633,61.36757066986174,0.2
44,17,1,8.406344758891866,7.683643628977261,3.316653919074238,65.067715671633,61.36757066986174,0.2
44,17,2,7.135277351963023,9.045328729574184,3.8517884527542874,65.067715671633,61.36757066986174,0.2
44,17,3,12.216994291777167,13.4631922623163,5.610622347327418,65.067715671633,61.36757066986174,0.2
44,17,4,13.596571761327171,14.817481157011784,6.206178700111626,65.067715671633,61.36757066986174,0.2
44,17,5,12.011446886693738,13.435305257544298,5.707208884759901,65.067715671633,61.36757066986174,0.2
44,17,6,7.829734229088926,9.56658565624758,4.0240317471584985,65.067715671633,61.36757066986174,0.2
44,17,7,21.03310319780311,22.108222492783575,9.635638533641407,65.067715671633,61.36757066986174,0.2
44,17,8,9.017995003050581,10.421402119566238,4.329825656224163,65.067715671633,61.36757066986174,0.2
44,17,9,10.891546939350619,6.6485697685662855,3.241987088628298,65.067715671633,61.36757066986174,0.2
44,18,0,11.79945579214118,11.54341894619943,5.202803025142712,55.467707817387094,51.655627991162795,0.2
44,18,1,6.70950665853833,7.083544810564872,3.1331310388340303,55.467707817387094,51.655627991162795,0.2
44,18,2,7.792070231508972,7.801082216374273,3.4727520550838213,55.467707817387094,51.655627991162795,0.2
44,18,3,11.350146538184724,5.199299402388799,2.8824964603839947,55.467707817387094,51.655627991162795,0.2
44,18,4,12.55494191691263,12.02586930766401,5.362456025204785,55.467707817387094,51.655627991162795,0.2
44,18,5,11.545538650789979,11.12475261794502,5.000964191893325,55.467707817387094,51.655627991162795,0.2
44,18,6,8.140514042317006,8.177222925580185,3.605417891869898,55.467707817387094,51.655627991162795,0.2
44,18,7,19.49265207591544,17.996891500726264,8.343169561366729,55.467707817387094,51.655627991162795,0.2
44,18,8,8.759127355336181,6.200859985828007,3.010498737463575,55.467707817387094,51.655627991162795,0.2
44,18,9,6.558457556560024,7.568566427097947,3.549858633522079,55.467707817387094,51.655627991162795,0.2
44,19,0,10.525138405155689,10.306663088642571,4.8060238253531935,47.776356206628265,47.85473354033222,0.2
44,19,1,6.338244532006446,4.968244973505403,2.4442476616637543,47.776356206628265,47.85473354033222,0.2
44,19,2,7.025289223887824,6.956891906391816,3.2052068140008565,47.776356206628265,47.85473354033222,0.2
44,19,3,5.831217144162541,6.821215938171239,3.4858657914695534,47.776356206628265,47.85473354033222,0.2
44,19,4,10.848112370214753,10.52939598333985,4.8861256280015875,47.776356206628265,47.85473354033222,0.2
44,19,5,10.116823570782987,9.83106333457623,4.5863884709361775,47.776356206628265,47.85473354033222,0.2
44,19,6,7.2936688429242285,5.5391355950432235,2.7449909749297876,47.776356206628265,47.85473354033222,0.2
44,19,7,16.878020164651186,15.89799521909978,7.649489882553921,47.776356206628265,47.85473354033222,0.2
44,19,8,6.090162500334413,6.449765592559244,3.09458811716266,47.776356206628265,47.85473354033222,0.2
44,19,9,7.181273874102098,7.350454107939155,3.477934821982405,47.776356206628265,47.85473354033222,0.2
44,20,0,9.722464159390434,9.991788279070695,4.702767624488608,48.57196693355113,47.85473354033222,0.2
44,20,1,4.944650952797412,5.11306566882331,2.4939059219774378,48.57196693355113,47.85473354033222,0.2
44,20,2,6.484051994949734,6.714298302297743,3.126553186707922,48.57196693355113,47.85473354033222,0.2
44,20,3,7.051817979599227,7.26009516858467,3.64138855846489,48.57196693355113,47.85473354033222,0.2
44,20,4,9.884508072124127,10.162797673561672,4.766411169277748,48.57196693355113,47.85473354033222,0.2
44,20,5,9.278147414602445,9.554961781286934,4.495839092175101,48.57196693355113,47.85473354033222,0.2
44,20,6,5.553047038763642,5.7342766030916446,2.8123318800379975,48.57196693355113,47.85473354033222,0.2
44,20,7,15.474723789011735,15.895998323455967,7.648817290542102,48.57196693355113,47.85473354033222,0.2
44,20,8,6.260273180185161,6.477264316201225,3.103817914786063,48.57196693355113,47.85473354033222,0.2
44,20,9,7.035773829717727,7.263080807206948,3.4489439201417738,48.57196693355113,47.85473354033222,0.2
45,0,0,2.0,2.0,2.4795570377050464,17.40554476413699,17.40554476413699,0.0
45,0,1,2.0,2.0,1.5424927923053442,17.40554476413699,17.40554476413699,0.0
45,0,2,2.0,2.0,1.5350319447290677,17.40554476413699,17.40554476413699,0.0
45,0,3,2.0,2.0,1.7014620255013122,17.40554476413699,17.40554476413699,0.0
45,0,4,2.0,2.0,1.5788602208352385,17.40554476413699,17.40554476413699,0.0
45,0,5,2.0,2.0,1.4074951868927938,17.40554476413699,17.40554476413699,0.0
45,0,6,2.0,2.0,1.5002908140636033,17.40554476413699,17.40554476413699,0.0
45,0,7,2.0,2.0,1.437561145009455,17.40554476413699,17.40554476413699,0.0
45,0,8,2.0,2.0,1.5266242499814537,17.40554476413699,17.40554476413699,0.0
45,0,9,2.0,2.0,1.4330627491976946,17.40554476413699,17.40554476413699,0.0
45,1,0,5.016080923918429,6.179204215790037,5.4614239412572365,17.40554476413699,27.378019861882528,0.0
45,1,1,3.1204237503347514,3.7329765239898736,2.3874859665074983,17.40554476413699,27.378019861882528,0.0
45,1,2,3.1053306451411475,3.713499810376068,2.3672537056777463,17.40554476413699,27.378019861882528,0.0
45,1,3,3.4420144723865707,4.147969351106377,2.8352159330006783,17.40554476413699,27.378019861882528,0.0
45,1,4,3.193994134773099,3.8279145297735053,2.4871171859119494,17.40554476413699,27.378019861882528,0.0
45,1,5,2.8473270225775615,3.128096420622505,1.9249613470241316,17.40554476413699,27.378019861882528,0.0
45,1,6,3.0350502199859823,3.62280729244518,2.273977255456207,17.40554476413699,27.378019861882528,0.0
45,1,7,2.9081496923830916,3.4590500535033994,2.1094785881001905,17.40554476413699,27.378019861882528,0.0
45,1,8,3.0883220921632057,3.691551330518062,2.344538657400189,17.40554476413699,27.378019861882528,0.0
45,1,9,2.8990495518836057,2.847327022577561,1.8350603648675756,17.40554476413699,27.378019861882528,0.0
45,2,0,11.048321951297886,14.357272145534791,9.85379354486607,29.681800795409373,41.32544884814522,0.2
45,2,1,4.829823484845275,6.713081651231416,3.6003730074759486,29.681800795409373,41.32544884814522,0.2
45,2,2,4.788894134944217,6.62978257622858,3.551778884256946,29.681800795409373,41.32544884814522,0.2
45,2,3,5.735569837859894,7.811867570425041,4.416006198546292,29.681800795409373,41.32544884814522,0.2
45,2,4,5.031374911766251,6.942602604836977,3.7730129929303087,29.681800795409373,41.32544884814522,0.2
45,2,5,3.8941479245119357,5.779011007070527,2.9581717586874574,29.681800795409373,41.32544884814522,0.2
45,2,6,4.600198244713704,4.339889621977569,2.58041484724244,29.681800795409373,41.32544884814522,0.2
45,2,7,4.2674216177649535,4.905289235948028,2.693832344827447,29.681800795409373,41.32544884814522,0.2
45,2,8,4.742942169081638,6.640552694402947,3.536340858691628,29.681800795409373,41.32544884814522,0.2
45,2,9,3.7122805204636666,5.487192856276167,2.904620293688002,29.681800795409373,41.32544884814522,0.2
45,3,0,19.933974124015634,25.177145061057907,14.600160950867537,45.08316127814871,55.315465592663685,0.2
45,3,1,7.28346316989995,10.05320832267081,4.776562050403826,45.08316127814871,55.315465592663685,0.2
45,3,2,7.185158492577833,9.886898686886644,4.6982754993781155,45.08316127814871,55.315465592663685,0.2
45,3,3,8.933468404072482,12.012521642374011,5.968225059510707,45.08316127814871,55.315465592663685,0.2
45,3,4,7.632709476629267,10.446336027214132,5.022240201179363,45.08316127814871,55.315465592663685,0.2
45,3,5,5.984306351008603,6.867249180406564,3.337904336691188,45.08316127814871,55.315465592663685,0.2
45,3,6,5.22011371153156,7.942722818172126,3.939426827371975,45.08316127814871,55.315465592663685,0.2
45,3,7,5.449554429137022,8.055034516254604,3.8119966738171613,45.08316127814871,55.315465592663685,0.2
45,3,8,7.153927758876773,9.94747507983284,4.69256353711216,45.08316127814871,55.315465592663685,0.2
45,3,9,5.875973097146343,6.11125515638373,3.132099151683055,45.08316127814871,55.315465592663685,0.2
45,4,0,29.535754861912185,32.977505335783974,17.63622234350531,56.09607748769088,61.46083301375882,0.2
45,4,1,9.662863736790325,11.807024753359029,5.3456494776782,56.09607748769088,61.46083301375882,0.2
45,4,2,9.50449203199466,11.635298585147073,5.2655130524320874,56.09607748769088,61.46083301375882,0.2
45,4,3,12.073567744330601,14.43773066047042,6.788135747401375,56.09607748769088,61.46083301375882,0.2
45,4,4,10.159864397307219,12.353575602161808,5.6477772554477195,56.09607748769088,61.46083301375882,0.2
45,4,5,6.752495713765846,8.976150211264507,4.0261411789431305,56.09607748769088,61.46083301375882,0.2
45,4,6,7.969360437960473,10.243446592686546,4.707244193992034,56.09607748769088,61.46083301375882,0.2
45,4,7,7.711572473151279,6.515805646336618,3.286116939789246,56.09607748769088,61.46083301375882,0.2
45,4,8,9.492936877374415,7.4050366448430305,3.8166313052295098,56.09607748769088,61.46083301375882,0.2
45,4,9,6.336157050502719,8.721485121710609,4.017515131696469,56.09607748769088,61.46083301375882,0.2
45,5,0,35.67762996455183,33.562153765315635,17.85451189071021,56.80946183490717,58.210916994619076,0.2
45,5,1,10.81411315133691,5.640256551606151,3.187214903047352,56.80946183490717,58.210916994619076,0.2
45,5,2,10.651999197967205,10.83503290279647,5.009306265342924,56.80946183490717,58.210916994619076,0.2
45,5,3,13.732226245952232,13.708077999105848,6.546133538572161,56.80946183490717,58.210916994619076,0.2
45,5,4,11.425309973838004,11.541233786139331,5.385167955225546,56.80946183490717,58.210916994619076,0.2
45,5,5,8.144781369252543,6.583769649436463,3.2408442552275556,56.80946183490717,58.210916994619076,0.2
45,5,6,9.522635473456674,9.866577546551191,4.585334540143003,56.80946183490717,58.210916994619076,0.2
45,5,7,6.647731124869898,7.675521346746882,3.6853678910545495,56.80946183490717,58.210916994619076,0.2
45,5,8,7.720948214811327,8.70318700344966,4.2735223580392505,56.80946183490717,58.210916994619076,0.2
45,5,9,8.12733109471365,8.585818765789188,3.973666472559157,56.80946183490717,58.210916994619076,0.2
45,6,0,36.11922417552378,32.45052034653661,17.438465702745404,52.62893085896495,54.47117389683193,0.2
45,6,1,6.44765481595915,7.5060411777800145,3.8930484280781434,52.62893085896495,54.47117389683193,0.2
45,6,2,10.133699373541363,5.048898040160004,2.9351752798345587,52.62893085896495,54.47117389683193,0.2
45,6,3,13.242661922649601,12.656084569016961,6.190287523297453,52.62893085896495,54.47117389683193,0.2
45,6,4,10.894058027923016,10.552509947148733,5.05791731136715,52.62893085896495,54.47117389683193,0.2
45,6,5,6.556145633610276,6.727519380055287,3.2902158616051485,52.62893085896495,54.47117389683193,0.2
45,6,6,9.276015339370302,9.14087128679744,4.346560898473914,52.62893085896495,54.47117389683193,0.2
45,6,7,7.455405661105512,7.652471818859992,3.677617406118815,52.62893085896495,54.47117389683193,0.2
45,6,8,8.645227212817005,8.727002525167576,4.281704890148939,52.62893085896495,54.47117389683193,0.2
45,6,9,8.038626370727286,5.927907286566309,3.066021472213384,52.62893085896495,54.47117389683193,0.2
45,7,0,35.277573301926296,35.999235121439625,18.75246645675664,52.94916487764556,57.634802982170186,0.2
45,7,1,7.875538113875128,9.638724826159482,4.637840980203137,52.94916487764556,57.634802982170186,0.2
45,7,2,5.93778505823847,8.323970139972783,4.165122513706903,52.94916487764556,57.634802982170186,0.2
45,7,3,12.522794469742,13.854729828792301,6.595077548774827,52.94916487764556,57.634802982170186,0.2
45,7,4,10.232038285268727,5.636474051069218,3.2608283961343414,52.94916487764556,57.634802982170186,0.2
45,7,5,6.656023139619602,8.120590276384002,3.753507090202455,52.94916487764556,57.634802982170186,0.2
45,7,6,8.792982325449643,6.657545676179842,3.481563827783684,52.94916487764556,57.634802982170186,0.2
45,7,7,7.439726626888482,8.885435548993804,4.083009907385205,52.94916487764556,57.634802982170186,0.2
45,7,8,8.661780267495976,10.132819911750127,4.753597287590434,52.94916487764556,57.634802982170186,0.2
45,7,9,6.202483582845211,8.011049441703646,3.7855309272302615,52.94916487764556,57.634802982170186,0.2
45,8,0,37.93576346088736,44.55361152797815,21.770637456491315,61.42133230007854,67.5055884614261,0.2
45,8,1,9.38223453431662,12.729178711250642,5.6345912311058015,61.42133230007854,67.5055884614261,0.2
45,8,2,8.42593708032847,11.790741928229226,5.314656674610209,61.42133230007854,67.5055884614261,0.2
45,8,3,13.341674412454994,16.997319537785557,7.609700616007777,61.42133230007854,67.5055884614261,0.2
45,8,4,6.5965730432076795,10.467963986235956,5.0295165295976085,61.42133230007854,67.5055884614261,0.2
45,8,5,7.593249530723948,10.880788348830096,4.606681378000078,61.42133230007854,67.5055884614261,0.2
45,8,6,7.043115216302419,10.492160700006286,4.786961193769032,61.42133230007854,67.5055884614261,0.2
45,8,7,8.259825362823996,8.503278721377885,3.9592763821353296,61.42133230007854,67.5055884614261,0.2
45,8,8,9.61640660476275,7.38251739143243,3.8085029373938073,61.42133230007854,67.5055884614261,0.2
45,8,9,7.658032939850332,10.798981950161918,4.665650262153769,61.42133230007854,67.5055884614261,0.2
45,9,0,44.04144675297455,54.09129898448686,24.93689023419329,74.18430952517372,78.45541729266623,0.2
45,9,1,11.398634981426845,15.919064058833287,6.589377940176258,74.18430952517372,78.45541729266623,0.2
45,9,2,10.7514154977302,15.168325987176704,6.33946748022246,74.18430952517372,78.45541729266623,0.2
45,9,3,15.394231113157202,20.488106443956184,8.672664356076547,74.18430952517372,78.45541729266623,0.2
45,9,4,10.17458422492962,14.840700276813727,6.421563209716078,74.18430952517372,78.45541729266623,0.2
45,9,5,9.319199450295196,10.39441861212723,4.461553073360778,74.18430952517372,78.45541729266623,0.2
45,9,6,9.683900939752824,14.050959254959533,5.872846305032304,74.18430952517372,78.45541729266623,0.2
45,9,7,8.009515583207259,12.314613493020499,5.130974767382626,74.18430952517372,78.45541729266623,0.2
45,9,8,7.704504733083238,12.512949087172611,5.510143814068454,74.18430952517372,78.45541729266623,0.2
45,9,9,9.438492005542022,9.19781026155321,4.169877749282994,74.18430952517372,78.45541729266623,0.2
45,10,0,50.44669572165097,57.621495004562775,26.06527260115099,81.68871006603258,81.29953414379742,0.2
45,10,1,13.330144248990175,10.657665007498146,4.975830663775103,81.68871006603258,81.29953414379742,0.2
45,10,2,12.824581734476627,9.13402260782075,4.44487833883568,81.68871006603258,81.29953414379742,0.2
45,10,3,17.54457976749221,21.91360670043591,9.090776227953368,81.68871006603258,81.29953414379742,0.2
45,10,4,12.990659310586448,17.24267004089393,7.132566807643488,81.68871006603258,81.29953414379742,0.2
45,10,5,9.025608575251002,13.22527711634008,5.280916103245199,81.68871006603258,81.29953414379742,0.2
45,10,6,11.88061894597224,15.827726480397386,6.38333194080949,81.68871006603258,81.29953414379742,0.2
45,10,7,10.379831663641026,14.258646891944462,5.685388528073341,81.68871006603258,81.29953414379742,0.2
45,10,8,11.146881016851898,15.487117350175842,6.397209480262346,81.68871006603258,81.29953414379742,0.2
45,10,9,8.43555680114927,12.815382272068163,5.2596434684159625,81.68871006603258,81.29953414379742,0.2
45,11,0,52.729384597007964,50.59709214202009,23.798029400904294,76.8766678558277,73.4228462386511,0.2
45,11,1,10.065979081615167,11.776940426148512,5.336111320229496,76.8766678558277,73.4228462386511,0.2
45,11,2,8.99187601072804,11.096910438186356,5.093752948227301,76.8766678558277,73.4228462386511,0.2
45,11,3,18.390409467189816,18.740849816175036,8.148051398994646,76.8766678558277,73.4228462386511,0.2
45,11,4,14.429001534688693,15.085102092183789,6.495408413601263,76.8766678558277,73.4228462386511,0.2
45,11,5,10.683159178632664,9.11725778936083,4.070341853990108,76.8766678558277,73.4228462386511,0.2
45,11,6,12.913318424394525,13.539397182149852,5.722344280224929,76.8766678558277,73.4228462386511,0.2
45,11,7,11.501396623297092,8.10348103023617,3.828031147743134,76.8766678558277,73.4228462386511,0.2
45,11,8,12.941392334315477,13.62229150226566,5.847716079195157,76.8766678558277,73.4228462386511,0.2
45,11,9,10.640125178548853,11.500488712110513,4.875797018245928,76.8766678558277,73.4228462386511,0.2
45,12,0,48.142809174985324,42.512646489484666,21.067635941143486,66.08063352107818,63.578017968036946,0.2
45,12,1,10.794817701020488,10.856424440669176,5.04060790575653,66.08063352107818,63.578017968036946,0.2
45,12,2,10.304532868662964,10.584467900938268,4.927932403146499,66.08063352107818,63.578017968036946,0.2
45,12,3,16.483301076805365,15.520483273461474,7.140603718487153,66.08063352107818,63.578017968036946,0.2
45,12,4,13.140046282895899,12.6303487098338,5.7360565558137155,66.08063352107818,63.578017968036946,0.2
45,12,5,8.234198212485426,8.250976419127127,3.7955932321700567,66.08063352107818,63.578017968036946,0.2
45,12,6,11.576157171482834,7.0598510494216935,3.6275326498877973,66.08063352107818,63.578017968036946,0.2
45,12,7,7.744009806740339,8.453336119032508,3.9429840957981974,66.08063352107818,63.578017968036946,0.2
45,12,8,11.82978113723518,11.362567638813184,5.150444323865623,66.08063352107818,63.578017968036946,0.2
45,12,9,9.863613556862676,6.193267146605212,3.1614628279202415,66.08063352107818,63.578017968036946,0.2
45,13,0,42.61929253873402,41.38471092596218,20.67478748308676,60.16659370585758,61.456858271642055,0.2
45,13,1,10.19702179725595,11.353314668843739,5.201013952677047,60.16659370585758,61.456858271642055,0.2
45,13,2,9.969082116643396,11.199494550977423,5.12666945277315,60.16659370585758,61.456858271642055,0.2
45,13,3,14.445260001244257,15.24245672302089,7.050821873037299,60.16659370585758,61.456858271642055,0.2
45,13,4,11.603896756803314,5.7060871368211155,3.288967375043519,60.16659370585758,61.456858271642055,0.2
45,13,5,7.678388727231562,8.78410782117,3.9656490900139936,60.16659370585758,61.456858271642055,0.2
45,13,6,7.338406436834682,9.280791767941766,4.3930280189041,60.16659370585758,61.456858271642055,0.2
45,13,7,7.976556701657051,9.311762746002854,4.2191761788215505,60.16659370585758,61.456858271642055,0.2
45,13,8,10.41921808201594,6.842898981255549,3.6114304033674673,60.16659370585758,61.456858271642055,0.2
45,13,9,6.395559021899106,8.337610379474034,3.892900716570978,60.16659370585758,61.456858271642055,0.2
45,14,0,41.82457008368093,46.91973584739515,22.57366090071579,64.03907287490914,68.42350224078555,0.2
45,14,1,10.521519156987539,13.212141617120672,5.7834022614868825,64.03907287490914,68.42350224078555,0.2
45,14,2,10.371122121510853,13.01537227216745,5.695292544730536,64.03907287490914,68.42350224078555,0.2
45,14,3,14.26363360772841,17.20142736531737,7.673551352379363,64.03907287490914,68.42350224078555,0.2
45,14,4,6.653497483008228,10.062680148068953,4.892403338218384,64.03907287490914,68.42350224078555,0.2
45,14,5,8.02240740942371,7.160475214182131,3.4370449623651087,64.03907287490914,68.42350224078555,0.2
45,14,6,8.886984130140938,11.584359761969555,5.130561274028075,64.03907287490914,68.42350224078555,0.2
45,14,7,8.535286272271405,8.097547298329541,3.826068793008316,64.03907287490914,68.42350224078555,0.2
45,14,8,7.305832001008186,10.395148029643265,4.839412417410123,64.03907287490914,68.42350224078555,0.2
45,14,9,7.875239297246969,10.49103420359913,4.5721137032736365,64.03907287490914,68.42350224078555,0.2
45,15,0,45.66594278947702,56.49739528692451,25.70827897638119,75.20158470299822,78.85894821608228,0.2
45,15,1,11.699675917131257,8.604365734382268,4.283564886205814,75.20158470299822,78.85894821608228,0.2
45,15,2,11.521432197502033,10.096453695899188,4.767762586434871,75.20158470299822,78.85894821608228,0.2
45,15,3,15.523399531476018,21.138611726124488,8.864511073363314,75.20158470299822,78.85894821608228,0.2
45,15,4,9.897207720482893,15.205391716977367,6.531621574480364,75.20158470299822,78.85894821608228,0.2
45,15,5,6.9530546820276,12.267466189602377,5.0101915506953105,75.20158470299822,78.85894821608228,0.2
45,15,6,10.378995177084603,15.230603683646091,6.213788048667388,75.20158470299822,78.85894821608228,0.2
45,15,7,7.74004001294185,12.675631898381242,5.235812216892894,75.20158470299822,78.85894821608228,0.2
45,15,8,9.790008433285529,14.971766832492444,6.247442938987667,75.20158470299822,78.85894821608228,0.2
45,15,9,9.24926992210011,13.950475656963643,5.581571868904801,75.20158470299822,78.85894821608228,0.2
45,16,0,52.007195559233026,60.95258369664063,27.111128133271897,83.98704972733209,83.92089352569432,0.2
45,16,1,8.665542992288177,13.871519639586332,5.983964041974012,83.98704972733209,83.92089352569432,0.2
45,16,2,9.6450626446258,14.493967184028406,6.140836188466573,83.98704972733209,83.92089352569432,0.2
45,16,3,17.9326808050022,22.79809550520638,9.346096518420111,83.98704972733209,83.92089352569432,0.2
45,16,4,13.213304587794008,17.77916409900187,7.28719888840589,83.98704972733209,83.92089352569432,0.2
45,16,5,10.135490283329204,14.49804783476485,5.631739931273055,83.98704972733209,83.92089352569432,0.2
45,16,6,12.570335435816853,9.722930572896953,4.538501491316835,83.98704972733209,83.92089352569432,0.2
45,16,7,10.591915161864339,14.747257235577395,5.821075175889897,83.98704972733209,83.92089352569432,0.2
45,16,8,12.638418424336592,17.085335519569952,6.852477497593316,83.98704972733209,83.92089352569432,0.2
45,16,9,11.291378158014181,11.122441480939752,4.763040790617387,83.98704972733209,83.92089352569432,0.2
45,17,0,54.845123781092944,55.10311118284334,25.26250370038819,81.50478316734001,77.77461072175414,0.2
45,17,1,12.105407306194095,14.093089333982713,6.050712108586138,81.50478316734001,77.77461072175414,0.2
45,17,2,12.422755675096218,14.307034450888976,6.085288277974556,81.50478316734001,77.77461072175414,0.2
45,17,3,18.9069159314593,20.29307774324519,8.614792218247862,81.50478316734001,77.77461072175414,0.2
45,17,4,14.741818307500663,16.305184966741514,6.858840392497166,81.50478316734001,77.77461072175414,0.2
45,17,5,11.392866874268218,9.748281150942038,4.265555075353098,81.50478316734001,77.77461072175414,0.2
45,17,6,9.181273270825951,11.840675084756585,5.209763131633514,81.50478316734001,77.77461072175414,0.2
45,17,7,11.77588726634074,8.685012097021577,4.018321012642358,81.50478316734001,77.77461072175414,0.2
45,17,8,13.862387972761322,15.277306771511928,6.33641946449031,81.50478316734001,77.77461072175414,0.2
45,17,9,9.635510571587526,11.665056292623198,4.924532380783849,81.50478316734001,77.77461072175414,0.2
45,18,0,51.10540349546484,45.91517585615631,22.234249888402307,70.29737915377382,66.52497987277683,0.2
45,18,1,12.24043695001766,12.504412507649626,5.564760157967731,70.29737915377382,66.52497987277683,0.2
45,18,2,12.31038366269822,12.586950764477876,5.563406507797123,70.29737915377382,66.52497987277683,0.2
45,18,3,17.4275059022112,16.91959352128411,7.585325316224292,70.29737915377382,66.52497987277683,0.2
45,18,4,13.875259947578902,6.563954899526704,3.627760416539007,70.29737915377382,66.52497987277683,0.2
45,18,5,8.62910960225602,9.179561653512907,4.0897925698511415,70.29737915377382,66.52497987277683,0.2
45,18,6,10.539218523848687,11.247566872510536,5.025687286618939,70.29737915377382,66.52497987277683,0.2
45,18,7,8.12896137140346,9.451894080904921,4.263522128202856,70.29737915377382,66.52497987277683,0.2
45,18,8,12.81841567604871,7.8097175707989575,3.961465605944896,70.29737915377382,66.52497987277683,0.2
45,18,9,9.962203957740478,10.406001355722388,4.546141246250885,70.29737915377382,66.52497987277683,0.2
45,19,0,44.97932293022617,41.272821166194255,20.635643428583485,61.529038725157044,61.9395893544617,0.2
45,19,1,11.25736849368804,11.195771940136785,5.1503883460725515,61.529038725157044,61.9395893544617,0.2
45,19,2,11.254630093766123,11.225938183091223,5.135139822270903,61.529038725157044,61.9395893544617,0.2
45,19,3,15.344920500656874,14.889554254773225,6.936149596223988,61.529038725157044,61.9395893544617,0.2
45,19,4,7.338867202986403,8.691321981402924,4.4155293247506675,61.529038725157044,61.9395893544617,0.2
45,19,5,8.273546516760527,6.339377096029548,3.1561565152393882,61.529038725157044,61.9395893544617,0.2
45,19,6,10.166837763619688,10.27176794090331,4.716350718288761,61.529038725157044,61.9395893544617,0.2
45,19,7,8.624997001793682,8.888913484801414,4.084128561487262,61.529038725157044,61.9395893544617,0.2
45,19,8,8.013944327383081,8.822843468149772,4.314566446305865,61.529038725157044,61.9395893544617,0.2
45,19,9,9.196728301061338,7.054691847191818,3.46321013694139,61.529038725157044,61.9395893544617,0.2
45,20,0,41.745382655405265,42.774096270849185,21.158247631960155,62.867922636473295,61.9395893544617,0.2
45,20,1,10.419104840362,10.712125875241204,4.993615662712241,62.867922636473295,61.9395893544617,0.2
45,20,2,10.388257463916826,10.67101770098212,4.956105117183608,62.867922636473295,61.9395893544617,0.2
45,20,3,14.031654503606683,14.399448460451215,6.775531427775413,62.867922636473295,61.9395893544617,0.2
45,20,4,8.932503700493184,9.175290859106354,4.5862378497299074,62.867922636473295,61.9395893544617,0.2
45,20,5,6.384824486088868,6.614247117489491,3.251338698218389,62.867922636473295,61.9395893544617,0.2
45,20,6,9.541057740867103,9.809525933884206,4.566758723100993,62.867922636473295,61.9395893544617,0.2
45,20,7,8.262088371666488,8.510060876050417,3.961486641253764,62.867922636473295,61.9395893544617,0.2
45,20,8,8.72825836114838,8.984537679783239,4.369765925848101,62.867922636473295,61.9395893544617,0.2
45,20,9,7.005986165783485,7.216952994993199,3.518778452603249,62.867922636473295,61.9395893544617,0.2
46,0,0,2.0,2.0,1.59205193727835,18.26641024510933,18.26641024510933,0.0
46,0,1,2.0,2.0,1.4570424860639437,18.26641024510933,18.26641024510933,0.0
46,0,2,2.0,2.0,1.5620623500243844,18.26641024510933,18.26641024510933,0.0
46,0,3,2.0,2.0,1.4974467853058189,18.26641024510933,18.26641024510933,0.0
46,0,4,2.0,2.0,1.4749697422665171,18.26641024510933,18.26641024510933,0.0
46,0,5,2.0,2.0,1.54557385245065,18.26641024510933,18.26641024510933,0.0
46,0,6,2.0,2.0,1.6636294228494786,18.26641024510933,18.26641024510933,0.0
46,0,7,2.0,2.0,1.349124373450472,18.26641024510933,18.26641024510933,0.0
46,0,8,2.0,2.0,1.519089424464976,18.26641024510933,18.26641024510933,0.0
46,0,9,2.0,2.0,1.4366053328203447,18.26641024510933,18.26641024510933,0.0
46,1,0,3.2206806421604335,3.9223336204763743,2.5510408083458125,18.26641024510933,27.562673058748203,0.0
46,1,1,2.9475599506468884,3.5624732908893466,2.182616080258548,18.26641024510933,27.562673058748203,0.0
46,1,2,3.1600124686708506,3.8423980111074236,2.4671696394570324,18.26641024510933,27.562673058748203,0.0
46,1,3,3.029296822027369,3.6701687471046576,2.290396249006398,18.26641024510933,27.562673058748203,0.0
46,1,4,2.983826334718116,3.6102574146497175,2.2301744308646025,18.26641024510933,27.562673058748203,0.0
46,1,5,3.1266566567713863,3.798448820010752,2.4215484362066837,18.26641024510933,27.562673058748203,0.0
46,1,6,3.3654800779046874,4.113119504849248,2.755849681926043,18.26641024510933,27.562673058748203,0.0
46,1,7,2.7292443491930336,3.0242416607482525,1.8020321529195142,18.26641024510933,27.562673058748203,0.0
46,1,8,3.0730793314750953,3.7278560215205725,2.3490038831260933,18.26641024510933,27.562673058748203,0.0
46,1,9,2.906216108595448,2.7292443491930345,1.785854905749252,18.26641024510933,27.562673058748203,0.0
46,2,0,5.160690776738262,7.104064454183469,3.866260030663596,29.8819920230165,40.5922504097426,0.2
46,2,1,4.415376907221946,4.767155484150563,2.6762873450797744,29.8819920230165,40.5922504097426,0.2
46,2,2,4.9910215318157345,7.0031130362909,3.7556158501020933,29.8819920230165,40.5922504097426,0.2
46,2,3,4.633413451738455,6.512805427679073,3.421905985570613,29.8819920230165,40.5922504097426,0.2
46,2,4,4.511586242849429,6.380554032558234,3.3224846854642816,29.8819920230165,40.5922504097426,0.2
46,2,5,4.898730996098888,6.842966406334206,3.6562833980310696,29.8819920230165,40.5922504097426,0.2
46,2,6,5.575013927282066,7.672198617694761,4.263629729685344,29.8819920230165,40.5922504097426,0.2
46,2,7,3.6454652863776857,4.24276559460025,2.2839433008811016,29.8819920230165,40.5922504097426,0.2
46,2,8,4.751975207339725,6.713227263174352,3.5458004277065553,29.8819920230165,40.5922504097426,0.2
46,2,9,3.6127391261408675,5.430002404455682,2.890523420545068,29.8819920230165,40.5922504097426,0.2
46,3,0,7.821345866142918,10.994680727577158,5.248848894386658,44.28329329440685,53.113172844677045,0.2
46,3,1,5.414061340167425,8.46037256064783,3.998746382976257,44.28329329440685,53.113172844677045,0.2
46,3,2,7.597515498453203,10.882783190613878,5.113230277284104,44.28329329440685,53.113172844677045,0.2
46,3,3,6.92242891639617,5.748362180456734,3.1355323601945377,44.28329329440685,53.113172844677045,0.2
46,3,4,6.721302150884813,6.688880559085685,3.4340729999147066,44.28329329440685,53.113172844677045,0.2
46,3,5,7.396568470261157,10.567136617194036,4.956086646463241,44.28329329440685,53.113172844677045,0.2
46,3,6,8.625214676860432,12.062316205559918,5.852441645017495,44.28329329440685,53.113172844677045,0.2
46,3,7,4.620359301540606,7.743360434402902,3.4800190711302723,44.28329329440685,53.113172844677045,0.2
46,3,8,7.17306422678726,10.36937588617023,4.807166624590954,44.28329329440685,53.113172844677045,0.2
46,3,9,5.847455480739899,8.79472016914926,4.0510900328670285,44.28329329440685,53.113172844677045,0.2
46,4,0,10.618288029394046,12.668858346774964,5.796321561642845,53.86270598266965,58.0747404941737,0.2
46,4,1,8.08936239264725,10.071668385513167,4.517750173148345,53.86270598266965,58.0747404941737,0.2
46,4,2,10.343935010757317,12.367865756871437,5.59221296132893,53.86270598266965,58.0747404941737,0.2
46,4,3,6.3431023441420304,8.838364726242327,4.237314940811515,53.86270598266965,58.0747404941737,0.2
46,4,4,6.947042477457438,9.216304973410466,4.297856396972871,53.86270598266965,58.0747404941737,0.2
46,4,5,10.026037435952842,12.021471578007043,5.424242643947396,53.86270598266965,58.0747404941737,0.2
46,4,6,11.839340836897541,13.993848735850051,6.493690989358458,53.86270598266965,58.0747404941737,0.2
46,4,7,7.0399902128185525,7.4038871298842075,3.3725068776866713,53.86270598266965,58.0747404941737,0.2
46,4,8,9.724776013229338,11.690031411079163,5.227972783529518,53.86270598266965,58.0747404941737,0.2
46,4,9,8.195252267214673,6.523362050220117,3.286597459603399,53.86270598266965,58.0747404941737,0.2
46,5,0,11.725811333287155,12.018058300693568,5.586248475295939,53.6796296421386,53.374177967169814,0.2
46,5,1,9.139293881109042,5.436205020453757,2.933987760145553,53.6796296421386,53.374177967169814,0.2
46,5,2,11.312904817779074,11.396427486557442,5.280991639304775,53.6796296421386,53.374177967169814,0.2
46,5,3,8.57198052717976,9.350656757486497,4.407779711463588,53.6796296421386,53.374177967169814,0.2
46,5,4,8.694454355665792,9.293319708650834,4.322965094479891,53.6796296421386,53.374177967169814,0.2
46,5,5,10.973105130984269,11.171121462826456,5.152719563281364,53.6796296421386,53.374177967169814,0.2
46,5,6,13.136571977263236,13.22604601533677,6.242184719897082,53.6796296421386,53.374177967169814,0.2
46,5,7,6.822495775537846,7.26072708194274,3.326726290047334,53.6796296421386,53.374177967169814,0.2
46,5,8,10.576056187236855,6.319835309812675,3.399040787776047,53.6796296421386,53.374177967169814,0.2
46,5,9,6.648703204252096,7.898708852251656,3.757558506651525,53.6796296421386,53.374177967169814,0.2
46,6,0,11.300838813990449,10.774821726042305,5.175154262629316,48.255998477878855,48.64333260154962,0.2
46,6,1,5.935382736062283,6.66209499512905,3.382819250473614,48.255998477878855,48.64333260154962,0.2
46,6,2,10.6833119861631,10.004647646754321,4.82079458341887,48.255998477878855,48.64333260154962,0.2
46,6,3,8.916826429599249,8.67233670538807,4.181438297931961,48.255998477878855,48.64333260154962,0.2
46,6,4,8.745248613137672,8.440050975484397,4.041137829597136,48.255998477878855,48.64333260154962,0.2
46,6,5,10.423820833578862,4.759751288324823,2.8358140309431437,48.255998477878855,48.64333260154962,0.2
46,6,6,12.627781180638229,11.837523755061738,5.7758805113428195,48.255998477878855,48.64333260154962,0.2
46,6,7,6.729882809249319,5.639256538207935,2.78731651250003,48.255998477878855,48.64333260154962,0.2
46,6,8,6.876173201873426,7.375301063970962,3.7871121867005018,48.255998477878855,48.64333260154962,0.2
46,6,9,7.601445443322851,7.591218676130216,3.654555222724793,48.255998477878855,48.64333260154962,0.2
46,7,0,10.469205660675746,11.511430265833617,5.42034257377362,47.28416250025782,51.0819191517205,0.2
46,7,1,6.843357443823886,8.20017019537354,3.9122556375878665,47.28416250025782,51.0819191517205,0.2
46,7,2,9.752345027883633,10.769548976797699,5.075930052975717,47.28416250025782,51.0819191517205,0.2
46,7,3,8.45894349750927,9.56326119366827,4.477696082517616,47.28416250025782,51.0819191517205,0.2
46,7,4,8.175119212715845,5.995996019279088,3.181010109697293,47.28416250025782,51.0819191517205,0.2
46,7,5,5.7367797748100084,7.774232081044479,3.9978732025855312,47.28416250025782,51.0819191517205,0.2
46,7,6,11.68445960758952,12.694473726875865,6.065489935919922,47.28416250025782,51.0819191517205,0.2
46,7,7,5.638670526496431,6.84926128656796,3.1936079833133033,47.28416250025782,51.0819191517205,0.2
46,7,8,7.661231787605727,8.99964418725996,4.353314876058763,47.28416250025782,51.0819191517205,0.2
46,7,9,7.393072415500091,5.215655585993043,2.810170761954065,47.28416250025782,51.0819191517205,0.2
46,8,0,10.96521538805715,7.602367191494236,4.054155702287045,54.43793278367221,60.26757174208085,0.2
46,8,1,7.914393810984882,11.46282731030476,4.946015162956908,54.43793278367221,60.26757174208085,0.2
46,8,2,10.268477604145549,14.063834302392587,6.1185707547839865,54.43793278367221,60.26757174208085,0.2
46,8,3,9.058265472856066,6.458942838450838,3.4020712872565397,54.43793278367221,60.26757174208085,0.2
46,8,4,6.435102676570216,10.359835704627065,4.66454322476029,54.43793278367221,60.26757174208085,0.2
46,8,5,8.087595970889469,11.991907381285287,5.414901373466493,54.43793278367221,60.26757174208085,0.2
46,8,6,12.270332119460734,16.23886542526226,7.206503030847034,54.43793278367221,60.26757174208085,0.2
46,8,7,6.460587854997768,10.067432001960618,4.181904250059513,54.43793278367221,60.26757174208085,0.2
46,8,8,8.806645450600131,12.575939288160546,5.502254139166062,54.43793278367221,60.26757174208085,0.2
46,8,9,5.684904092804291,9.594950981680064,4.305726198464244,54.43793278367221,60.26757174208085,0.2
46,9,0,8.201454038604865,13.120611399902334,5.9402412827393825,66.23019365278024,70.38582585050912,0.2
46,9,1,10.005663080564574,8.253487918583453,3.9300446324153593,66.23019365278024,70.38582585050912,0.2
46,9,2,12.377713268142205,17.22583827659522,7.051859059261723,66.23019365278024,70.38582585050912,0.2
46,9,3,6.88230382536903,11.682413863699862,5.151138323894936,66.23019365278024,70.38582585050912,0.2
46,9,4,9.436252497005999,13.896592361135237,5.729252158259338,66.23019365278024,70.38582585050912,0.2
46,9,5,10.95420797800416,15.60863092940971,6.51214606584532,66.23019365278024,70.38582585050912,0.2
46,9,6,14.578572636767936,19.689723248232262,8.247139183422712,66.23019365278024,70.38582585050912,0.2
46,9,7,8.459886106831393,9.495301433284158,4.014090140147857,66.23019365278024,70.38582585050912,0.2
46,9,8,11.13092040486677,15.825002646740353,6.46253632559746,66.23019365278024,70.38582585050912,0.2
46,9,9,8.710374764245074,13.0015920481069,5.326158076011166,66.23019365278024,70.38582585050912,0.2
46,10,0,12.016957274513885,16.786885185156592,7.058547126513524,73.28655584370932,72.65205022300358,0.2
46,10,1,7.950380495805191,12.984207361618866,5.396870890004879,73.28655584370932,72.65205022300358,0.2
46,10,2,14.265731809123164,8.627161502044729,4.3459519226439705,73.28655584370932,72.65205022300358,0.2
46,10,3,10.420622026452508,14.960787252579607,6.124893109652827,73.28655584370932,72.65205022300358,0.2
46,10,4,11.590131633334785,15.719014629192023,6.245393931941026,73.28655584370932,72.65205022300358,0.2
46,10,5,13.173906128366646,17.464726133232606,7.045016437774352,73.28655584370932,72.65205022300358,0.2
46,10,6,16.683753148568552,21.2139160473043,8.689007813958616,73.28655584370932,72.65205022300358,0.2
46,10,7,8.120402423781576,12.454536370233555,4.853558706989917,73.28655584370932,72.65205022300358,0.2
46,10,8,13.073546883584699,10.293287422052959,4.782447522403865,73.28655584370932,72.65205022300358,0.2
46,10,9,10.774682540709403,14.782737214341973,5.8269981068032894,73.28655584370932,72.65205022300358,0.2
46,11,0,14.279261599343556,15.017604564531032,6.5291508060144245,68.69962531593272,65.2821114899394,0.2
46,11,1,10.917732767809142,11.765396868548311,5.0370449393551215,68.69962531593272,65.2821114899394,0.2
46,11,2,8.791750382809383,10.968451193282924,5.141372648630948,68.69962531593272,65.2821114899394,0.2
46,11,3,12.390503231498398,13.034694837678442,5.561616111576348,68.69962531593272,65.2821114899394,0.2
46,11,4,12.634273335111645,13.057371391728484,5.484804397828572,68.69962531593272,65.2821114899394,0.2
46,11,5,14.25188935960881,14.649589401690523,6.229405208234626,68.69962531593272,65.2821114899394,0.2
46,11,6,17.57764216777843,17.790276332550995,7.6818085890369,68.69962531593272,65.2821114899394,0.2
46,11,7,9.818626017888908,8.799041287749674,3.8057104283409733,68.69962531593272,65.2821114899394,0.2
46,11,8,9.67476989719669,11.239241902193136,5.086022257103069,68.69962531593272,65.2821114899394,0.2
46,11,9,11.787869205177628,7.809889319532598,3.7279312340582056,68.69962531593272,65.2821114899394,0.2
46,12,0,13.208306285927604,12.943465388119954,5.883986007670516,58.75396427465034,55.43465201717355,0.2
46,12,1,10.18981400670026,10.139117611162547,4.538907489450158,58.75396427465034,55.43465201717355,0.2
46,12,2,10.40086631337312,10.752892312727262,5.070433315557745,58.75396427465034,55.43465201717355,0.2
46,12,3,11.251008167675002,11.026877939750307,4.947060230580303,58.75396427465034,55.43465201717355,0.2
46,12,4,11.095620021242075,6.727343133687418,3.447883793976167,58.75396427465034,55.43465201717355,0.2
46,12,5,12.601928553055048,5.631808257979082,3.190232001042927,58.75396427465034,55.43465201717355,0.2
46,12,6,15.540103711558318,14.718361465997026,6.727244632507523,58.75396427465034,55.43465201717355,0.2
46,12,7,7.698855558179498,7.722971857006232,3.473602414463318,58.75396427465034,55.43465201717355,0.2
46,12,8,10.288893876823979,10.434838086435136,4.828390020047141,58.75396427465034,55.43465201717355,0.2
46,12,9,7.541510223191505,8.554873553004061,3.9734339081443903,58.75396427465034,55.43465201717355,0.2
46,13,0,11.90315428153902,12.237424275784871,5.657430751828372,52.4601787180542,53.919778305196466,0.2
46,13,1,9.182094594740159,5.769279851685567,3.058696194453472,52.4601787180542,53.919778305196466,0.2
46,13,2,10.25735784392757,10.732618789365269,5.063739558334814,52.4601787180542,53.919778305196466,0.2
46,13,3,10.007777225829313,10.370220790656026,4.738948651420054,52.4601787180542,53.919778305196466,0.2
46,13,4,6.974981363146463,8.094771703938145,3.924689809594633,52.4601787180542,53.919778305196466,0.2
46,13,5,6.4537583285910705,8.061237834534655,4.100624282236681,52.4601787180542,53.919778305196466,0.2
46,13,6,13.609045066729239,13.746072665629272,6.412991148279087,52.4601787180542,53.919778305196466,0.2
46,13,7,7.027009479319381,6.607904976813609,3.1144089860243476,52.4601787180542,53.919778305196466,0.2
46,13,8,9.767710403311805,10.203961149727037,4.753357740939973,52.4601787180542,53.919778305196466,0.2
46,13,9,8.038155898821719,8.697532369946183,4.019700676291788,52.4601787180542,53.919778305196466,0.2
46,14,0,11.44483875188496,6.7246803357723435,3.720543492944818,56.18530965288086,60.90788518222267,0.2
46,14,1,6.1876647319475895,9.932000002127678,4.473803617148016,56.18530965288086,60.90788518222267,0.2
46,14,2,10.24381654304007,13.669953071307233,5.998108043687138,56.18530965288086,60.90788518222267,0.2
46,14,3,9.58677278576269,8.058898801816499,3.972129439984805,56.18530965288086,60.90788518222267,0.2
46,14,4,7.939547825213806,11.324698340305416,4.964560001597453,56.18530965288086,60.90788518222267,0.2
46,14,5,8.295458795866946,11.93576599473861,5.397143581991379,56.18530965288086,60.90788518222267,0.2
46,14,6,12.97331824796966,16.463704721756752,7.276204450027145,56.18530965288086,60.90788518222267,0.2
46,14,7,6.300370294581295,9.62283732571216,4.051755145114917,56.18530965288086,60.90788518222267,0.2
46,14,8,9.615922007971669,12.946278531747584,5.615181593497973,56.18530965288086,60.90788518222267,0.2
46,14,9,8.131752395932477,11.27506650413737,4.820586229246142,56.18530965288086,60.90788518222267,0.2
46,15,0,7.5265650105159345,12.531488083186105,5.752254419095784,66.94146509035552,71.36156085145089,0.2
46,15,1,9.05039111425469,13.404658071626928,5.518616777181997,66.94146509035552,71.36156085145089,0.2
46,15,2,12.1340202625013,16.96059725820952,6.975673853249419,66.94146509035552,71.36156085145089,0.2
46,15,3,8.03551699285922,12.633800256397722,5.441319224313466,66.94146509035552,71.36156085145089,0.2
46,15,4,10.043178818225558,14.466670025417928,5.892778503046536,66.94146509035552,71.36156085145089,0.2
46,15,5,10.918284416773366,15.554594079032892,6.496356390611589,66.94146509035552,71.36156085145089,0.2
46,15,6,14.719576837842093,19.818489740840494,8.284856395586752,66.94146509035552,71.36156085145089,0.2
46,15,7,8.196597772402967,8.886054473845908,3.8320156254233275,66.94146509035552,71.36156085145089,0.2
46,15,8,11.359369777414878,16.0381464980863,6.523343783134416,66.94146509035552,71.36156085145089,0.2
46,15,9,9.75192353268294,9.992370630130203,4.429803390732422,66.94146509035552,71.36156085145089,0.2
46,16,0,11.636664622910812,16.903102309666853,7.092718582210339,76.00211637908396,75.78789646418787,0.2
46,16,1,11.164021606076755,15.740593905700125,6.175412874403653,76.00211637908396,75.78789646418787,0.2
46,16,2,14.111611071930195,19.061907985526272,7.569964207159214,76.00211637908396,75.78789646418787,0.2
46,16,3,11.007650619439447,15.865505519393743,6.381872758723431,76.00211637908396,75.78789646418787,0.2
46,16,4,11.920941276416988,9.105550270819315,4.261636974136171,76.00211637908396,75.78789646418787,0.2
46,16,5,13.141964016315821,17.997225522928293,7.194699442864957,76.00211637908396,75.78789646418787,0.2
46,16,6,16.760054111023738,21.96431367441117,8.903032152596136,76.00211637908396,75.78789646418787,0.2
46,16,7,7.752070303909582,12.708549977463946,4.922641313679147,76.00211637908396,75.78789646418787,0.2
46,16,8,13.196558826098999,10.60381484161392,4.882990038634954,76.00211637908396,75.78789646418787,0.2
46,16,9,8.961379773513105,13.834804541154728,5.562853166436246,76.00211637908396,75.78789646418787,0.2
46,17,0,14.348389586502893,16.085027688722324,6.850645640221556,73.60593778867704,69.61812102884002,0.2
46,17,1,12.492703432741605,8.10636397008119,3.8808735122444213,73.60593778867704,69.61812102884002,0.2
46,17,2,15.313845367082656,16.556901128971273,6.859030067094874,73.60593778867704,69.61812102884002,0.2
46,17,3,12.91036653608742,14.386681534792631,5.959404189801673,73.60593778867704,69.61812102884002,0.2
46,17,4,8.62118338298647,11.283389207030341,4.951876587195015,73.60593778867704,69.61812102884002,0.2
46,17,5,14.554694278008547,15.917199278391621,6.601998516204792,73.60593778867704,69.61812102884002,0.2
46,17,6,18.010607970124948,19.311139949426664,8.135816291500129,73.60593778867704,69.61812102884002,0.2
46,17,7,9.958378377007508,9.252304629499271,3.94190304126844,73.60593778867704,69.61812102884002,0.2
46,17,8,9.878164854457406,12.345124976203905,5.431367471253652,73.60593778867704,69.61812102884002,0.2
46,17,9,11.253510698244057,12.801290616889258,5.268586409458271,73.60593778867704,69.61812102884002,0.2
46,18,0,13.858682171814582,13.676772984531926,6.115398767712702,62.92505233419061,58.1942097571035,0.2
46,18,1,7.850908568300984,9.141387618039325,4.221431104442867,62.92505233419061,58.1942097571035,0.2
46,18,2,13.875643654473661,5.915978870036152,3.3373057582006402,62.92505233419061,58.1942097571035,0.2
46,18,3,12.055723348897455,11.815451372268909,5.192130778554681,62.92505233419061,58.1942097571035,0.2
46,18,4,10.017520592959196,10.39993937127978,4.677175644478725,62.92505233419061,58.1942097571035,0.2
46,18,5,13.35567535382178,12.919976975447582,5.704951842035989,62.92505233419061,58.1942097571035,0.2
46,18,6,16.45854976502988,15.664379467411361,7.0270789420440565,62.92505233419061,58.1942097571035,0.2
46,18,7,7.974369755794556,8.132833519315511,3.601640066686361,62.92505233419061,58.1942097571035,0.2
46,18,8,10.987518475704178,11.155989235201494,5.059621203284892,62.92505233419061,58.1942097571035,0.2
46,18,9,10.658216521189459,7.120534515207551,3.4944215455590335,62.92505233419061,58.1942097571035,0.2
46,19,0,12.371296418843224,12.246613025071067,5.660404024708391,53.82389882074944,53.80372561862153,0.2
46,19,1,8.539847929544031,8.877423354419271,4.1357289752576385,53.82389882074944,53.80372561862153,0.2
46,19,2,6.751284804679163,8.15121053071376,4.1766957952479205,53.82389882074944,53.80372561862153,0.2
46,19,3,10.503548721308315,5.710459296750264,3.121045708600332,53.82389882074944,53.80372561862153,0.2
46,19,4,9.461807561321526,9.558096737073683,4.40881737378767,53.82389882074944,53.80372561862153,0.2
46,19,5,11.540972710672559,11.342682404403346,5.207985966399006,53.82389882074944,53.80372561862153,0.2
46,19,6,14.215602261233013,13.78025722568943,6.424150736760053,53.82389882074944,53.80372561862153,0.2
46,19,7,7.286026398508198,6.631066169881604,3.122046337413125,53.82389882074944,53.80372561862153,0.2
46,19,8,10.235485215351416,10.215353986659668,4.757072143077691,53.82389882074944,53.80372561862153,0.2
46,19,9,7.069126052866094,7.850279030933449,3.7414163761149135,53.82389882074944,53.80372561862153,0.2
46,20,0,11.45085360742096,11.763786303491434,5.50324975933665,54.61012084514053,53.80372561862153,0.2
46,20,1,8.36647469843534,8.625484532688372,4.05321526071269,54.61012084514053,53.80372561862153,0.2
46,20,2,8.449349535005764,8.70931628901613,4.374880671694326,54.61012084514053,53.80372561862153,0.2
46,20,3,6.3137962158263035,6.5043574280513115,3.418798304545766,54.61012084514053,53.80372561862153,0.2
46,20,4,8.91892559413152,9.196187052787801,4.291287105894763,54.61012084514053,53.80372561862153,0.2
46,20,5,10.535623363706813,10.84773803570828,5.047847163454226,54.61012084514053,53.80372561862153,0.2
46,20,6,12.995893812091373,13.362839650787684,6.287307851461002,54.61012084514053,53.80372561862153,0.2
46,20,7,6.31582046250563,6.5699726612476175,3.101883517564411,54.61012084514053,53.80372561862153,0.2
46,20,8,9.62343614917651,9.926834115302828,4.662618457179295,54.61012084514053,53.80372561862153,0.2
46,20,9,7.568790323144192,7.803886258496857,3.725925174145942,54.61012084514053,53.80372561862153,0.2
47,0,0,2.0,2.0,1.4404061588259274,17.54121328823635,17.54121328823635,0.0
47,0,1,2.0,2.0,2.0011427964200337,17.54121328823635,17.54121328823635,0.0
47,0,2,2.0,2.0,1.3736020727295444,17.54121328823635,17.54121328823635,0.0
47,0,3,2.0,2.0,1.6860195176145016,17.54121328823635,17.54121328823635,0.0
47,0,4,2.0,2.0,1.6064314454243391,17.54121328823635,17.54121328823635,0.0
47,0,5,2.0,2.0,1.5771942243448258,17.54121328823635,17.54121328823635,0.0
47,0,6,2.0,2.0,1.3529940583941107,17.54121328823635,17.54121328823635,0.0
47,0,7,2.0,2.0,1.385149221377826,17.54121328823635,17.54121328823635,0.0
47,0,8,2.0,2.0,1.377332761417254,17.54121328823635,17.54121328823635,0.0
47,0,9,2.0,2.0,1.5277175108212302,17.54121328823635,17.54121328823635,0.0
47,1,0,2.9139050830904183,3.4870664760853787,2.125622465041855,17.54121328823635,26.67942293508358,0.0
47,1,1,4.048261062165315,4.963158364798556,3.7808354465647507,17.54121328823635,26.67942293508358,0.0
47,1,2,2.7787621132727045,2.7370726235711555,1.7109620040258542,17.54121328823635,26.67942293508358,0.0
47,1,3,3.4107746710629505,4.133622920520614,2.802677974136278,17.54121328823635,26.67942293508358,0.0
47,1,4,3.2497700220011105,3.924114035382888,2.574899799702128,17.54121328823635,26.67942293508358,0.0
47,1,5,3.190623866177621,3.847149517656434,2.493225308704162,17.54121328823635,26.67942293508358,0.0
47,1,6,2.737072623571156,3.010550812108482,1.8014701303021257,17.54121328823635,26.67942293508358,0.0
47,1,7,2.8021217017715863,3.341607250320793,1.9840122460549956,17.54121328823635,26.67942293508358,0.0
47,1,8,2.786309201754613,3.3210310789549364,1.9643050751074826,17.54121328823635,26.67942293508358,0.0
47,1,9,3.090533731080915,3.7169062436914633,2.3574863354061595,17.54121328823635,26.67942293508358,0.0
47,2,0,4.30008027087669,6.043195967306055,3.123565713446777,28.9244189642127,39.245487632155815,0.2
47,2,1,7.648534101696282,10.114893552427764,6.223432802210817,28.9244189642127,39.245487632155815,0.2
47,2,2,3.4612326877088906,5.081492234734076,2.638358620123183,28.9244189642127,39.245487632155815,0.2
47,2,3,5.669746373313169,7.713037652906797,4.337099811268019,28.9244189642127,39.245487632155815,0.2
47,2,4,5.208956910401038,7.138369627203329,3.9143578137698447,28.9244189642127,39.245487632155815,0.2
47,2,5,5.043731489071417,6.927868069710084,3.7634305594699247,28.9244189642127,39.245487632155815,0.2
47,2,6,3.644328328894141,5.427837314628518,2.72153339701483,28.9244189642127,39.245487632155815,0.2
47,2,7,4.01360639377268,4.039639124331949,2.265767609894262,28.9244189642127,39.245487632155815,0.2
47,2,8,3.9737392873697908,4.543034928476381,2.4460207331492447,28.9244189642127,39.245487632155815,0.2
47,2,9,4.7691349929074995,6.632441154403401,3.5358468296131806,28.9244189642127,39.245487632155815,0.2
47,3,0,6.318894121640213,5.474245273687589,2.9146804577712184,42.81406972399965,51.40378850283141,0.2
47,3,1,12.58984652732611,16.49866139429629,8.765388699704356,42.81406972399965,51.40378850283141,0.2
47,3,2,5.337332492703848,7.809784375703423,3.5644068605344446,42.81406972399965,51.40378850283141,0.2
47,3,3,8.77384278627738,11.951104195402962,5.892874930223083,42.81406972399965,51.40378850283141,0.2
47,3,4,7.918646460020493,10.904827712095535,5.265921317752752,42.81406972399965,51.40378850283141,0.2
47,3,5,7.6133244570655165,10.52428619708187,5.0431169072747375,42.81406972399965,51.40378850283141,0.2
47,3,6,5.505592954299647,6.287336415720498,3.016487858166786,42.81406972399965,51.40378850283141,0.2
47,3,7,4.58359034020931,7.235490358166929,3.407243279957408,42.81406972399965,51.40378850283141,0.2
47,3,8,4.948237831388978,7.485723391068533,3.469616891679185,42.81406972399965,51.40378850283141,0.2
47,3,9,7.152928350595947,10.028394025973112,4.722631203365366,42.81406972399965,51.40378850283141,0.2
47,4,0,5.896324553629077,8.086122149580856,3.8298536705988884,52.12919880761414,56.45461678847898,0.2
47,4,1,17.732158760103246,20.155152067279303,10.083872325960602,52.12919880761414,56.45461678847898,0.2
47,4,2,7.210704567925179,6.831377768453272,3.245605659288775,52.12919880761414,56.45461678847898,0.2
47,4,3,11.921136346146572,13.962002853422373,6.570599654518055,52.12919880761414,56.45461678847898,0.2
47,4,4,10.652825108343833,12.59373967718141,5.82437726621754,52.12919880761414,56.45461678847898,0.2
47,4,5,10.202097443616244,12.105584269151663,5.562297452780256,52.12919880761414,56.45461678847898,0.2
47,4,6,6.102278339435346,7.973944583988352,3.562428377742771,52.12919880761414,56.45461678847898,0.2
47,4,7,6.892766635270546,8.683295430669723,3.871281652931253,52.12919880761414,56.45461678847898,0.2
47,4,8,7.018946867931407,6.066256542367796,2.9947627441550204,52.12919880761414,56.45461678847898,0.2
47,4,9,9.5537630026968,11.400579186920309,5.166196257258899,52.12919880761414,56.45461678847898,0.2
47,5,0,7.747696724198232,8.003640478538294,3.8024654187281204,52.182117302761604,52.51844600097767,0.2
47,5,1,20.399417655782443,19.452255959063443,9.836397387383698,52.182117302761604,52.51844600097767,0.2
47,5,2,6.565777833119852,7.04591174373278,3.31662201986366,52.182117302761604,52.51844600097767,0.2
47,5,3,13.292156253940387,12.903813528322745,6.217907481756347,52.182117302761604,52.51844600097767,0.2
47,5,4,11.782567311223627,11.521725535052159,5.472723007071915,52.182117302761604,52.51844600097767,0.2
47,5,5,11.25238650362922,11.042401714665802,5.215652650460238,52.182117302761604,52.51844600097767,0.2
47,5,6,7.206702147477211,5.818449456373912,2.8571956397157336,52.182117302761604,52.51844600097767,0.2
47,5,7,7.831504480476401,5.124782280424165,2.67638359415114,52.182117302761604,52.51844600097767,0.2
47,5,8,6.058328985455074,6.704919493141033,3.212131956968425,52.182117302761604,52.51844600097767,0.2
47,5,9,10.451083843281902,10.209313494549505,4.7821108340515135,52.182117302761604,52.51844600097767,0.2
47,6,0,7.692290986133184,7.678291705221177,3.693594355062775,47.482324727185386,48.080613060662635,0.2
47,6,1,19.898782139169192,18.40420337455388,9.462349816034552,47.482324727185386,48.080613060662635,0.2
47,6,2,6.709442127245344,4.3047726120237035,2.3491194012761825,47.482324727185386,48.080613060662635,0.2
47,6,3,12.578668944351104,11.926589884452651,5.884411027861895,47.482324727185386,48.080613060662635,0.2
47,6,4,11.071179674523954,10.604525119703696,5.163986014424495,47.482324727185386,48.080613060662635,0.2
47,6,5,10.551132870882679,10.154774973887646,4.918508133406076,47.482324727185386,48.080613060662635,0.2
47,6,6,5.780034226414051,5.947901596083642,2.901546499249852,47.482324727185386,48.080613060662635,0.2
47,6,7,5.414256049594746,6.082640810557854,3.017450019705827,47.482324727185386,48.080613060662635,0.2
47,6,8,6.498061383323062,6.747139232075625,3.226276994846551,47.482324727185386,48.080613060662635,0.2
47,6,9,9.674088785209404,4.95058204561707,2.8812533210166977,47.482324727185386,48.080613060662635,0.2
47,7,0,7.472047588899661,4.488509468486389,2.5365035509492646,46.737166215457144,50.15306988436037,0.2
47,7,1,19.14209340051487,19.82574804963414,9.968224050892264,46.737166215457144,50.15306988436037,0.2
47,7,2,4.752208897624004,6.248508170751327,3.049182228874953,46.737166215457144,50.15306988436037,0.2
47,7,3,11.904014086593646,12.751270377517365,6.166362033788806,46.737166215457144,50.15306988436037,0.2
47,7,4,10.446612578152571,11.319993709446688,5.4054708494143675,46.737166215457144,50.15306988436037,0.2
47,7,5,9.950017058268877,10.83210328787242,5.145921250797631,46.737166215457144,50.15306988436037,0.2
47,7,6,5.869754889050785,6.854418300766466,3.2044560205398174,46.737166215457144,50.15306988436037,0.2
47,7,7,6.104224767796671,7.1990499646339,3.3952221593369107,46.737166215457144,50.15306988436037,0.2
47,7,8,6.5266764357657525,5.241201193506835,2.7034569777846906,46.737166215457144,50.15306988436037,0.2
47,7,9,5.82870230478952,7.481179138916603,3.8468131991872814,46.737166215457144,50.15306988436037,0.2
47,8,0,5.13128227416943,8.733289816014429,4.041927166305987,53.44805936422354,58.64398329841085,0.2
47,8,1,20.165464131974307,24.68538955741136,11.621577227767224,53.44805936422354,58.64398329841085,0.2
47,8,2,6.168418221170246,9.174001941792497,3.989616211455799,53.44805936422354,58.64398329841085,0.2
47,8,3,12.474393812005644,16.10914730649692,7.262604389458612,53.44805936422354,58.64398329841085,0.2
47,8,4,10.93513026731588,14.356518907334866,6.383746060321233,53.44805936422354,58.64398329841085,0.2
47,8,5,10.41006802005373,6.718674393053493,3.6835171578227577,53.44805936422354,58.64398329841085,0.2
47,8,6,6.482533158842941,9.645622907829882,4.070109449226688,53.44805936422354,58.64398329841085,0.2
47,8,7,6.868448213507436,5.819756337453698,2.925559442023342,53.44805936422354,58.64398329841085,0.2
47,8,8,5.4690248172113485,8.663122005226517,3.843173422306774,53.44805936422354,58.64398329841085,0.2
47,8,9,7.782005419879466,11.235815586738877,5.113818163455135,53.44805936422354,58.64398329841085,0.2
47,9,0,8.176716020834236,12.125008853738294,5.085590858368117,64.44597414752351,68.04086716259312,0.2
47,9,1,23.51015562521712,29.719797959498617,13.233940563434116,64.44597414752351,68.04086716259312,0.2
47,9,2,8.070892287503685,7.169601379791644,3.3572713755276387,64.44597414752351,68.04086716259312,0.2
47,9,3,14.692064260658103,19.469792129152186,8.29267263146497,64.44597414752351,68.04086716259312,0.2
47,9,4,12.91415617765105,17.35278140337339,7.289530659289083,64.44597414752351,68.04086716259312,0.2
47,9,5,7.451661674773242,11.952607356677285,5.513000581303756,64.44597414752351,68.04086716259312,0.2
47,9,6,8.23372806355048,8.174546800142299,3.6249287245667077,64.44597414752351,68.04086716259312,0.2
47,9,7,5.91833246252122,9.907835593743965,4.24581160055571,64.44597414752351,68.04086716259312,0.2
47,9,8,7.774642243675007,11.435848376873745,4.667730280087191,64.44597414752351,68.04086716259312,0.2
47,9,9,10.345124289553128,14.578803977907073,6.136593945342096,64.44597414752351,68.04086716259312,0.2
47,10,0,10.288021168137673,13.906004912799133,5.5976486780092864,70.84495707355147,70.26431997193534,0.2
47,10,1,26.771925710550505,31.748222215996183,13.85991832093611,70.84495707355147,70.26431997193534,0.2
47,10,2,6.791674741545026,10.874953540005484,4.494062704179196,70.84495707355147,70.26431997193534,0.2
47,10,3,16.775866157727798,20.867891848905657,8.705156934693333,70.84495707355147,70.26431997193534,0.2
47,10,4,14.746535420786735,7.347530551269458,3.994295399871543,70.84495707355147,70.26431997193534,0.2
47,10,5,11.152660184427063,15.405025721784725,6.584576997701009,70.84495707355147,70.26431997193534,0.2
47,10,6,7.333138762031559,11.298896691536946,4.546739985590764,70.84495707355147,70.26431997193534,0.2
47,10,7,8.589169054086698,12.25666038546792,4.9276070973558594,70.84495707355147,70.26431997193534,0.2
47,10,8,9.442699829003468,8.952359145020075,3.932548871192113,70.84495707355147,70.26431997193534,0.2
47,10,9,12.414173724978623,16.19829223915902,6.606181791147382,70.84495707355147,70.26431997193534,0.2
47,11,0,11.323901134594358,11.689915800469121,4.957148633215345,66.44179263123348,63.49590683000773,0.2
47,11,1,28.038262818532168,27.476436464372156,12.526489176826122,66.44179263123348,63.49590683000773,0.2
47,11,2,9.09137473288004,9.848826139671857,4.1928475331613155,66.44179263123348,63.49590683000773,0.2
47,11,3,17.61031142895035,17.650856104304534,7.742436335438764,66.44179263123348,63.49590683000773,0.2
47,11,4,8.080358166850168,10.387373466953575,5.089735599886198,66.44179263123348,63.49590683000773,0.2
47,11,5,13.320432064273016,13.86795921930569,6.1174858034430555,66.44179263123348,63.49590683000773,0.2
47,11,6,9.197939535542135,7.946532402305277,3.553851310915475,66.44179263123348,63.49590683000773,0.2
47,11,7,9.968424031289418,7.0742333867922795,3.3539079098624773,66.44179263123348,63.49590683000773,0.2
47,11,8,7.955446507260462,9.082148676132196,3.9723719429876834,66.44179263123348,63.49590683000773,0.2
47,11,9,13.364138012804792,13.604149309884166,5.846447208172398,66.44179263123348,63.49590683000773,0.2
47,12,0,10.028185808185333,6.077978929987138,3.1361397407582348,57.146378331401365,54.75289141892069,0.2
47,12,1,25.340769519746182,22.881146832831572,11.020252226608202,57.146378331401365,54.75289141892069,0.2
47,12,2,8.482024090663696,5.334980610408281,2.7298132176642107,57.146378331401365,54.75289141892069,0.2
47,12,3,15.66275210300973,14.454667039985521,6.732048953574842,57.146378331401365,54.75289141892069,0.2
47,12,4,10.296405874981383,10.460162906708534,5.1146758346536805,57.146378331401365,54.75289141892069,0.2
47,12,5,12.37551843912966,11.74286084285406,5.445100765745135,57.146378331401365,54.75289141892069,0.2
47,12,6,7.189350959082934,7.076008072813837,3.276624816966647,57.146378331401365,54.75289141892069,0.2
47,12,7,6.784870535912844,7.254770901316169,3.413596282854454,57.146378331401365,54.75289141892069,0.2
47,12,8,8.036007570276169,8.031499741567746,3.6448153853857885,57.146378331401365,54.75289141892069,0.2
47,12,9,11.827214243376561,11.052275727840051,5.055199009953643,57.146378331401365,54.75289141892069,0.2
47,13,0,6.344331059599184,7.746021118100286,3.716370861939043,51.81499954715955,52.90212121652622,0.2
47,13,1,22.293690417310174,22.13641567957692,10.76792926324362,51.81499954715955,52.90212121652622,0.2
47,13,2,5.522342821223969,7.002668220254794,3.302360080312667,51.81499954715955,52.90212121652622,0.2
47,13,3,13.618764086252364,14.004362335871779,6.584547545434433,51.81499954715955,52.90212121652622,0.2
47,13,4,10.346859336608953,11.217364359472763,5.371119049250798,51.81499954715955,52.90212121652622,0.2
47,13,5,11.015300581731085,11.616731356643525,5.404094606645898,51.81499954715955,52.90212121652622,0.2
47,13,6,6.62852880143313,7.387021606403069,3.3767853187033996,51.81499954715955,52.90212121652622,0.2
47,13,7,6.905618598809552,7.8492770851245,3.6070845928249224,51.81499954715955,52.90212121652622,0.2
47,13,8,7.373368971886846,5.900109098934888,2.9371079608362605,51.81499954715955,52.90212121652622,0.2
47,13,9,10.226539230534996,4.933885069637566,2.874447492173887,51.81499954715955,52.90212121652622,0.2
47,14,0,7.518123883946816,9.919600779772152,4.418856603904246,55.124893967865376,59.47017718046781,0.2
47,14,1,21.783247469657276,25.10408441721127,11.759210199062117,55.124893967865376,59.47017718046781,0.2
47,14,2,6.680590585686927,8.927961746937662,3.9144122791011577,55.124893967865376,59.47017718046781,0.2
47,14,3,13.320372483085613,16.0107473995638,7.231522217538812,55.124893967865376,59.47017718046781,0.2
47,14,4,10.865637447879784,13.448597688202433,6.098388687405989,55.124893967865376,59.47017718046781,0.2
47,14,5,10.93234616314218,13.420625862727933,5.9786773918635125,55.124893967865376,59.47017718046781,0.2
47,14,6,6.831150953072291,6.299870164302435,3.0206959395465534,55.124893967865376,59.47017718046781,0.2
47,14,7,7.297040536633728,7.1244210338425,3.370546082838764,55.124893967865376,59.47017718046781,0.2
47,14,8,5.94169482282837,8.342459233817742,3.7430337754347076,55.124893967865376,59.47017718046781,0.2
47,14,9,5.814934285860835,8.829023374049644,4.319773005607902,55.124893967865376,59.47017718046781,0.2
47,15,0,8.939234701731317,13.311114345341446,5.428927757673612,65.36133667641268,69.05213858086437,0.2
47,15,1,23.788583631234477,30.504885420822696,13.477696163896026,65.36133667641268,69.05213858086437,0.2
47,15,2,7.9187566420027,9.151179008967716,3.982665904369599,65.36133667641268,69.05213858086437,0.2
47,15,3,14.629185816133527,19.85784676895798,8.408027228514037,65.36133667641268,69.05213858086437,0.2
47,15,4,12.336885458319486,17.21831769957535,7.249944827114557,65.36133667641268,69.05213858086437,0.2
47,15,5,12.094712547264393,7.631808796476914,4.027202037473666,65.36133667641268,69.05213858086437,0.2
47,15,6,6.11079118121086,10.778803519025423,4.399205820583738,65.36133667641268,69.05213858086437,0.2
47,15,7,6.818529137350967,11.203698562663865,4.6273095816586896,65.36133667641268,69.05213858086437,0.2
47,15,8,7.572062280897537,11.701389577870179,4.743338166758255,65.36133667641268,69.05213858086437,0.2
47,15,9,8.738791098406308,13.55349298445406,5.831199826888125,65.36133667641268,69.05213858086437,0.2
47,16,0,10.982582997083371,9.097310505551949,4.159135652592394,73.54251518646241,74.05192304745569,0.2
47,16,1,27.265037100602225,33.010731538951354,14.243466123553723,73.54251518646241,74.05192304745569,0.2
47,16,2,8.056831992757358,11.820339204795552,4.764100321643882,73.54251518646241,74.05192304745569,0.2
47,16,3,17.009225578360308,21.554309211843997,8.904621765070887,73.54251518646241,74.05192304745569,0.2
47,16,4,14.66645428750018,18.933988162054384,7.748375703556321,73.54251518646241,74.05192304745569,0.2
47,16,5,8.146927459121452,13.154838483962711,5.895546174729567,73.54251518646241,74.05192304745569,0.2
47,16,6,8.899481666066011,12.783795082328721,4.957203558843283,73.54251518646241,74.05192304745569,0.2
47,16,7,9.360929782484867,13.093136215747892,5.160670673027397,73.54251518646241,74.05192304745569,0.2
47,16,8,9.59565266382897,10.373010582257818,4.359646292944501,73.54251518646241,74.05192304745569,0.2
47,16,9,11.796369178215027,15.970120745249284,6.540904366254114,73.54251518646241,74.05192304745569,0.2
47,17,0,8.413825812318105,10.609762924592786,4.631886922178137,71.91994362237683,68.55463688351759,0.2
47,17,1,28.81417028380335,29.795969667065467,13.257674416396565,71.91994362237683,68.55463688351759,0.2
47,17,2,9.637653975949469,11.079143873690272,4.552964688265958,71.91994362237683,68.55463688351759,0.2
47,17,3,18.013823715796356,19.19773100076364,8.21138721675593,71.91994362237683,68.55463688351759,0.2
47,17,4,15.674767293893252,16.915758929495432,7.1605311913254095,71.91994362237683,68.55463688351759,0.2
47,17,5,11.926540205952314,13.87298305052994,6.119037010954149,71.91994362237683,68.55463688351759,0.2
47,17,6,10.028296921335922,8.867726427136711,3.8374567428975017,71.91994362237683,68.55463688351759,0.2
47,17,7,10.439905726692663,7.919121892323864,3.6295224304399696,71.91994362237683,68.55463688351759,0.2
47,17,8,8.819453746186394,10.515757175121022,4.401556339428238,71.91994362237683,68.55463688351759,0.2
47,17,9,13.232083439834495,14.55322202288886,6.1290542873815115,71.91994362237683,68.55463688351759,0.2
47,18,0,9.370189626123363,9.261056486939939,4.211398575336537,61.96381128786483,58.25964201550844,0.2
47,18,1,26.819938692420124,24.306781952257612,11.496517599284516,61.96381128786483,58.25964201550844,0.2
47,18,2,9.210531950990259,6.614044427866397,3.1729769413575712,61.96381128786483,58.25964201550844,0.2
47,18,3,16.611427827850864,15.358981869679015,7.024174631237978,61.96381128786483,58.25964201550844,0.2
47,18,4,14.485572772778,13.523421194020285,6.12211949248981,61.96381128786483,58.25964201550844,0.2
47,18,5,12.378656492534809,11.944025852584062,5.510229599830517,61.96381128786483,58.25964201550844,0.2
47,18,6,7.763077546393613,7.569732239878358,3.4350356987865642,61.96381128786483,58.25964201550844,0.2
47,18,7,7.342431712365256,7.745556000285711,3.5736530296178617,61.96381128786483,58.25964201550844,0.2
47,18,8,8.90423670600174,5.833948014359283,2.91401423670218,61.96381128786483,58.25964201550844,0.2
47,18,9,12.398921188378795,11.632724690842903,5.239611353363667,61.96381128786483,58.25964201550844,0.2
47,19,0,8.519552377917805,8.815606091846712,4.068557855555289,53.884417199995426,53.4377655646469,0.2
47,19,1,23.257163172434083,22.087623144255733,10.751309684160804,53.884417199995426,53.4377655646469,0.2
47,19,2,6.418851781005095,7.258664912062454,3.386410984891292,53.884417199995426,53.4377655646469,0.2
47,19,3,14.20972691422144,13.89883070195447,6.5497750759645434,53.884417199995426,53.4377655646469,0.2
47,19,4,12.38489227440804,12.258207262964518,5.7153136883145175,53.884417199995426,53.4377655646469,0.2
47,19,5,11.147054559270195,11.255007310174214,5.285745248305613,53.884417199995426,53.4377655646469,0.2
47,19,6,6.948989992829406,5.979534019657237,2.912339705417532,53.884417199995426,53.4377655646469,0.2
47,19,7,7.229409333193083,7.714657635025234,3.5636679030939318,53.884417199995426,53.4377655646469,0.2
47,19,8,5.894976805323755,6.9355829154966715,3.2890915236900007,53.884417199995426,53.4377655646469,0.2
47,19,9,10.599600718473289,4.99358147370686,2.898748638516279,53.884417199995426,53.4377655646469,0.2
47,20,0,8.230589228952837,8.482514476200446,3.960328392217495,54.23867588399213,53.4377655646469,0.2
47,20,1,21.74962648319349,22.29914561817157,10.823278643141117,54.23867588399213,53.4377655646469,0.2
47,20,2,6.8506234313459835,7.054528898322541,3.319460860861271,54.23867588399213,53.4377655646469,0.2
47,20,3,13.25002866032488,13.61306956863814,6.455216990971643,54.23867588399213,53.4377655646469,0.2
47,20,4,11.561934462575795,11.883961808409328,5.592604051484303,54.23867588399213,53.4377655646469,0.2
47,20,5,10.692928416463468,10.991533329846904,5.198822356602266,54.23867588399213,53.4377655646469,0.2
47,20,6,5.8915892710562625,6.113461687678167,2.9578485208174823,54.23867588399213,53.4377655646469,0.2
47,20,7,7.209209675787358,7.440108103815325,3.4744097681077477,54.23867588399213,53.4377655646469,0.2
47,20,8,6.653748632567556,6.856798462893807,3.2628931347563874,54.23867588399213,53.4377655646469,0.2
47,20,9,5.864094887832808,6.038538116442534,3.311115482555171,54.23867588399213,53.4377655646469,0.2
48,0,0,2.0,2.0,1.397758646273312,18.062815817262205,18.062815817262205,0.0
48,0,1,2.0,2.0,1.599693894495566,18.062815817262205,18.062815817262205,0.0
48,0,2,2.0,2.0,1.4290740486760825,18.062815817262205,18.062815817262205,0.0
48,0,3,2.0,2.0,1.6413208784349318,18.062815817262205,18.062815817262205,0.0
48,0,4,2.0,2.0,1.5234748515180951,18.062815817262205,18.062815817262205,0.0
48,0,5,2.0,2.0,1.4280744494444544,18.062815817262205,18.062815817262205,0.0
48,0,6,2.0,2.0,1.6679436163053818,18.062815817262205,18.062815817262205,0.0
48,0,7,2.0,2.0,1.5827225354647614,18.062815817262205,18.062815817262205,0.0
48,0,8,2.0,2.0,2.0583545352678954,18.062815817262205,18.062815817262205,0.0
48,0,9,2.0,2.0,1.577355345275558,18.062815817262205,18.062815817262205,0.0
48,1,0,2.827630248144196,3.1111660268907677,1.9043967072095747,18.062815817262205,28.178377456549143,0.0
48,1,1,3.2361401275587434,3.8941517555865617,2.550380039325649,18.062815817262205,28.178377456549143,0.0
48,1,2,2.890980512013404,3.4469062235242602,2.09186841918499,18.062815817262205,28.178377456549143,0.0
48,1,3,3.320350459034631,4.003268502766185,2.667858557331524,18.062815817262205,28.178377456549143,0.0
48,1,4,3.081950939044464,3.694358898747364,2.3409473780771735,18.062815817262205,28.178377456549143,0.0
48,1,5,2.88895834815063,2.8276302481441977,1.8198084831904386,18.062815817262205,28.178377456549143,0.0
48,1,6,3.3742075817157224,4.073054643450088,2.7441290674948546,18.062815817262205,28.178377456549143,0.0
48,1,7,3.20180749919292,3.8496647589942485,2.503109376682638,18.062815817262205,28.178377456549143,0.0
48,1,8,4.163998957077615,5.096438168008303,3.961739498246115,18.062815817262205,28.178377456549143,0.0
48,1,9,3.19094980972915,3.8355957518378982,2.488235747572534,18.062815817262205,28.178377456549143,0.0
48,2,0,3.8525461803647123,4.336373572228348,2.402701794377801,30.54950615941425,42.23763520504827,0.2
48,2,1,5.159354057789369,7.079928033799665,3.875574417779967,30.54950615941425,42.23763520504827,0.2
48,2,2,4.231796693224289,4.830922687246713,2.649444319153293,30.54950615941425,42.23763520504827,0.2
48,2,3,5.39701011658481,7.3568705273216155,4.084676587822956,30.54950615941425,42.23763520504827,0.2
48,2,4,4.735677102204486,6.662969659486424,3.537380501355196,30.54950615941425,42.23763520504827,0.2
48,2,5,3.681426351121648,5.418399939228802,2.8690597476173956,30.54950615941425,42.23763520504827,0.2
48,2,6,5.551303421909178,7.501060893008051,4.207714380843503,30.54950615941425,42.23763520504827,0.2
48,2,7,5.063726707605867,6.9532189636714845,3.786290425776648,30.54950615941425,42.23763520504827,0.2
48,2,8,8.014498404553505,10.56298118768417,6.5985686311868035,30.54950615941425,42.23763520504827,0.2
48,2,9,5.033637733601993,6.952002548485027,3.772988580356509,30.54950615941425,42.23763520504827,0.2
48,3,0,4.860604718251583,7.776155842087567,3.6161518524049776,46.0782925057635,55.84277022948422,0.2
48,3,1,7.840188634759228,10.941415130079191,5.256144999778117,46.0782925057635,55.84277022948422,0.2
48,3,2,5.359758580342754,8.045479919552946,3.7863443148406737,46.0782925057635,55.84277022948422,0.2
48,3,3,8.263197015027572,11.433178028231408,5.561467110581573,46.0782925057635,55.84277022948422,0.2
48,3,4,7.156030929585538,5.913478596342514,3.253901582131378,46.0782925057635,55.84277022948422,0.2
48,3,5,5.804035015433979,6.873028039143453,3.3887032017471683,46.0782925057635,55.84277022948422,0.2
48,3,6,8.512099346011096,11.666835781886618,5.732281744168447,46.0782925057635,55.84277022948422,0.2
48,3,7,7.659569386123736,10.70773058301222,5.122382367492986,46.0782925057635,55.84277022948422,0.2
48,3,8,13.348736783525414,17.568861067465456,9.421492562914707,46.0782925057635,55.84277022948422,0.2
48,3,9,7.6326600906123785,10.728519530606587,5.111947702899621,46.0782925057635,55.84277022948422,0.2
48,4,0,7.315383372519377,7.629659293549435,3.5683281968213603,56.63082344797124,62.014226396447434,0.2
48,4,1,10.63304786533106,12.604779512205491,5.803507734106495,56.63082344797124,62.014226396447434,0.2
48,4,2,7.659678402331855,6.784604570237557,3.3604768980831157,56.63082344797124,62.014226396447434,0.2
48,4,3,11.250706742446152,13.273285513184211,6.1738688899519785,56.63082344797124,62.014226396447434,0.2
48,4,4,6.582560274372179,8.989561306679418,4.362457827489267,56.63082344797124,62.014226396447434,0.2
48,4,5,6.85526052783919,8.843609391963662,4.042690915876817,56.63082344797124,62.014226396447434,0.2
48,4,6,11.596260408698681,13.645560817147551,6.3966758149353575,56.63082344797124,62.014226396447434,0.2
48,4,7,10.362449456850982,12.311174331120464,5.647983585848929,56.63082344797124,62.014226396447434,0.2
48,4,8,19.059440214941112,21.60672108307681,10.889586517503291,56.63082344797124,62.014226396447434,0.2
48,4,9,10.341340395345902,12.28811492437357,5.621448418278906,56.63082344797124,62.014226396447434,0.2
48,5,0,7.21863733165917,7.746701929682689,3.6065585128130895,57.32097426830521,58.06450409467146,0.2
48,5,1,11.740348777702735,11.858416319590948,5.560765429733379,57.32097426830521,58.06450409467146,0.2
48,5,2,6.798159432276965,7.912643046704349,3.7424743959415143,57.32097426830521,58.06450409467146,0.2
48,5,3,12.489579991402243,12.595155080500328,5.951342716671735,57.32097426830521,58.06450409467146,0.2
48,5,4,8.825141409177196,9.362586264127595,4.488398154718724,57.32097426830521,58.06450409467146,0.2
48,5,5,8.178261066822143,6.874145530836821,3.389088872912148,57.32097426830521,58.06450409467146,0.2
48,5,6,12.940312742910338,13.116598526873329,6.222074784034308,57.32097426830521,58.06450409467146,0.2
48,5,7,11.425727375000308,11.581263654658004,5.411441316869656,57.32097426830521,58.06450409467146,0.2
48,5,8,22.029357005783556,21.3838535726054,10.810838112212979,57.32097426830521,58.06450409467146,0.2
48,5,9,11.372047404813308,5.81148260384597,3.3281999088087004,57.32097426830521,58.06450409467146,0.2
48,6,0,7.295976290128532,6.400942094786002,3.155599796197791,52.49655784740569,54.00866113767232,0.2
48,6,1,11.249287259908026,10.742599070409415,5.189104867958739,52.49655784740569,54.00866113767232,0.2
48,6,2,7.570930670387123,7.753203747067755,3.689525987043074,52.49655784740569,54.00866113767232,0.2
48,6,3,12.039415193460469,11.479176614517069,5.5771203135648895,52.49655784740569,54.00866113767232,0.2
48,6,4,9.079915493161332,8.783366260764032,4.292170720780355,52.49655784740569,54.00866113767232,0.2
48,6,5,6.856040730812602,7.157207694706887,3.4861846486487,52.49655784740569,54.00866113767232,0.2
48,6,6,12.58709929103917,12.066059629585448,5.8688930536691775,52.49655784740569,54.00866113767232,0.2
48,6,7,10.947208371369928,5.459556963107006,3.196641771701077,52.49655784740569,54.00866113767232,0.2
48,6,8,21.870050981538462,20.107564426028762,10.355016897279045,52.49655784740569,54.00866113767232,0.2
48,6,9,6.732863902583983,7.695974183360571,4.051287522083477,52.49655784740569,54.00866113767232,0.2
48,7,0,6.383698257604476,7.8133377582786565,3.6282467043075943,52.49957544178835,57.05402508802154,0.2
48,7,1,10.497427381009633,5.958782412048597,3.4349953963619346,52.49957544178835,57.05402508802154,0.2
48,7,2,7.463817383703821,7.009710970102334,3.4381420306987818,52.49957544178835,57.05402508802154,0.2
48,7,3,11.282372774599825,12.524315708751434,5.92789225940883,52.49957544178835,57.05402508802154,0.2
48,7,4,8.68295237710463,9.986868123052904,4.695856459394319,52.49957544178835,57.05402508802154,0.2
48,7,5,7.052463019575904,8.458249835624027,3.9185573594905074,52.49957544178835,57.05402508802154,0.2
48,7,6,11.872621618849491,13.124570639275968,6.2247217348344375,52.49957544178835,57.05402508802154,0.2
48,7,7,6.466725131869286,8.71579034237152,4.435050113298855,52.49957544178835,57.05402508802154,0.2
48,7,8,20.947936238389158,22.007238152805453,11.030496570810229,52.49957544178835,57.05402508802154,0.2
48,7,9,8.19565178288471,9.87605739358123,4.8241085157298835,52.49957544178835,57.05402508802154,0.2
48,8,0,7.339850950793957,10.912151704331922,4.5840407217846995,60.802398076601115,67.5731839296926,0.2
48,8,1,6.94890846204778,11.362883712178082,5.397067923082232,60.802398076601115,67.5731839296926,0.2
48,8,2,6.955274023408778,10.45519370618398,4.548479002742707,60.802398076601115,67.5731839296926,0.2
48,8,3,11.991975513894763,15.878038568123825,6.998908144854484,60.802398076601115,67.5731839296926,0.2
48,8,4,9.49959837553409,13.307960902227705,5.741063546628423,60.802398076601115,67.5731839296926,0.2
48,8,5,7.927142034374385,9.294657544141394,4.1859421994460195,60.802398076601115,67.5731839296926,0.2
48,8,6,12.592454005293844,7.8186622849691245,4.331647295533067,60.802398076601115,67.5731839296926,0.2
48,8,7,8.971993760035046,12.908513953692005,5.838444592920716,60.802398076601115,67.5731839296926,0.2
48,8,8,22.31441446549638,27.51610132673628,12.89763296211429,60.802398076601115,67.5731839296926,0.2
48,8,9,9.759049028798175,13.635542127131762,6.046154372036567,60.802398076601115,67.5731839296926,0.2
48,9,0,9.273397977685367,11.391494877574726,4.724084898316358,74.25859260683661,79.07672074995124,0.2
48,9,1,10.918131360721366,15.756192800487245,6.784717834642746,74.25859260683661,79.07672074995124,0.2
48,9,2,9.201457523081675,10.2393390972811,4.482539072405644,74.25859260683661,79.07672074995124,0.2
48,9,3,14.158613453859186,19.108312064866947,7.967611040340195,74.25859260683661,79.07672074995124,0.2
48,9,4,11.614025772079017,16.44190122432338,6.657033109907006,74.25859260683661,79.07672074995124,0.2
48,9,5,8.468054775904701,12.783059255711576,5.232078044001659,74.25859260683661,79.07672074995124,0.2
48,9,6,8.762812485401229,13.956090457094009,6.498228993416955,74.25859260683661,79.07672074995124,0.2
48,9,7,11.811025155932713,16.536693657120214,6.9438105910076,74.25859260683661,79.07672074995124,0.2
48,9,8,26.091583972934945,33.146678419922225,14.692888880559053,74.25859260683661,79.07672074995124,0.2
48,9,9,12.231216764712421,17.037932321570153,7.066434976345034,74.25859260683661,79.07672074995124,0.2
48,10,0,9.556703790669001,13.402644015330866,5.29351963369231,82.33561858728677,81.38868753747866,0.2
48,10,1,13.725311895232537,17.91739418873807,7.423492672349797,82.33561858728677,81.38868753747866,0.2
48,10,2,9.06806271842157,13.02356578241523,5.304502657848169,82.33561858728677,81.38868753747866,0.2
48,10,3,16.118274813167037,20.222393802497226,8.290014523393445,82.33561858728677,81.38868753747866,0.2
48,10,4,13.467008939388652,11.058257953707171,5.043069973441703,82.33561858728677,81.38868753747866,0.2
48,10,5,10.584361024927173,9.784763104413251,4.339254004472847,82.33561858728677,81.38868753747866,0.2
48,10,6,13.145752244240098,17.78487137945236,7.700091371236135,82.33561858728677,81.38868753747866,0.2
48,10,7,14.047152501518392,18.077255908561234,7.390546321933812,82.33561858728677,81.38868753747866,0.2
48,10,8,29.72334110903904,35.11568327324299,15.29853942222997,82.33561858728677,81.38868753747866,0.2
48,10,9,14.295218519256634,18.309660515099658,7.431641465931536,82.33561858728677,81.38868753747866,0.2
48,11,0,10.70865580068589,9.092727569090982,4.0345687085568605,76.96097111668196,72.42179770191619,0.2
48,11,1,15.017537171512943,15.964053705103309,6.847248923065313,76.96097111668196,72.42179770191619,0.2
48,11,2,10.730874179661408,12.007896851485535,5.011417668126575,76.96097111668196,72.42179770191619,0.2
48,11,3,16.770488872596406,17.523994860323064,7.499212826843177,76.96097111668196,72.42179770191619,0.2
48,11,4,10.202002497663802,12.087293319730836,5.3671611522040354,76.96097111668196,72.42179770191619,0.2
48,11,5,8.778200664429349,10.682781771696195,4.614332669728732,76.96097111668196,72.42179770191619,0.2
48,11,6,15.577089315692923,16.88918862461948,7.426539902065092,76.96097111668196,72.42179770191619,0.2
48,11,7,14.950887541227644,15.827694259676502,6.734047041099425,76.96097111668196,72.42179770191619,0.2
48,11,8,30.948556775563155,30.921095243790703,13.99515109688292,76.96097111668196,72.42179770191619,0.2
48,11,9,15.034021974006595,7.768547294813165,4.077992424947119,76.96097111668196,72.42179770191619,0.2
48,12,0,8.161830047660974,8.394262020961365,3.8150387659870004,65.17968885764496,62.24649446621883,0.2
48,12,1,13.851810699260295,13.261053650105758,6.013405808382391,65.17968885764496,62.24649446621883,0.2
48,12,2,10.13797068775787,7.3569446373406056,3.556493155797329,65.17968885764496,62.24649446621883,0.2
48,12,3,15.170717121292176,14.403856350999288,6.537438917669615,65.17968885764496,62.24649446621883,0.2
48,12,4,10.857630722657008,10.685405787724036,4.923432705709234,65.17968885764496,62.24649446621883,0.2
48,12,5,9.334677819173114,9.428097762426514,4.227919464543138,65.17968885764496,62.24649446621883,0.2
48,12,6,15.023701639848722,14.563895843511341,6.695062931347775,65.17968885764496,62.24649446621883,0.2
48,12,7,13.622806166577186,6.217529588522263,3.5011949356018213,65.17968885764496,62.24649446621883,0.2
48,12,8,28.311835290308483,25.80308658580065,12.330177980839215,65.17968885764496,62.24649446621883,0.2
48,12,9,8.249675123260614,9.686416310016845,4.759077051387041,65.17968885764496,62.24649446621883,0.2
48,13,0,7.717726548363058,6.36114881083011,3.1418545749620965,58.90651614911513,60.58337015875705,0.2
48,13,1,12.164967252023864,12.423146980164034,5.744841178386326,58.90651614911513,60.58337015875705,0.2
48,13,2,7.194695344194594,8.17342511201962,3.8283937381403312,58.90651614911513,60.58337015875705,0.2
48,13,3,13.225072925346144,13.419519052748413,6.221403409986657,58.90651614911513,60.58337015875705,0.2
48,13,4,9.959979342988566,10.334577660719763,4.809713481144332,58.90651614911513,60.58337015875705,0.2
48,13,5,8.552973717268037,7.0827505056570965,3.460757849958634,58.90651614911513,60.58337015875705,0.2
48,13,6,13.543942302472578,13.82529507209149,6.455538194413719,58.90651614911513,60.58337015875705,0.2
48,13,7,7.082828448926052,8.662848589143792,4.416175212354868,58.90651614911513,60.58337015875705,0.2
48,13,8,24.94363695519226,24.353314230633774,11.841039624762612,58.90651614911513,60.58337015875705,0.2
48,13,9,9.627492027775716,10.380852569840252,4.995416006674145,58.90651614911513,60.58337015875705,0.2
48,14,0,6.355892024076887,10.273002459866726,4.394397762798174,63.128883670814716,67.33743881156252,0.2
48,14,1,11.621667825199902,8.509504189867936,4.40807393132766,63.128883670814716,67.33743881156252,0.2
48,14,2,7.744743317906616,11.248008848941778,4.78725642049702,63.128883670814716,67.33743881156252,0.2
48,14,3,12.585741118388961,6.992069916837151,3.941817658009842,63.128883670814716,67.33743881156252,0.2
48,14,4,9.729928239364526,13.492923634137469,5.796802931150967,63.128883670814716,67.33743881156252,0.2
48,14,5,7.001025251488261,10.794613259165569,4.648093045821475,63.128883670814716,67.33743881156252,0.2
48,14,6,13.059389841903442,16.862021350114517,7.418175658083768,63.128883670814716,67.33743881156252,0.2
48,14,7,8.933810314715467,13.06408229544179,5.887609865778097,63.128883670814716,67.33743881156252,0.2
48,14,8,23.954122481533062,28.75538783712246,13.301562038525653,63.128883670814716,67.33743881156252,0.2
48,14,9,10.10559973296958,13.997345246928685,6.1580118055668605,63.128883670814716,67.33743881156252,0.2
48,15,0,8.889755087256761,13.350161110067255,5.279001011368806,74.00793503160122,78.3086471053227,0.2
48,15,1,8.917421628913146,13.929311881512286,6.223958010024039,74.00793503160122,78.3086471053227,0.2
48,15,2,9.684498175926857,10.59055436362735,4.589620973114475,74.00793503160122,78.3086471053227,0.2
48,15,3,7.974197027630547,13.297949784017455,6.18189720334254,74.00793503160122,78.3086471053227,0.2
48,15,4,11.726785131578671,16.583574734702438,6.697134163223363,74.00793503160122,78.3086471053227,0.2
48,15,5,9.402974202731953,9.436653798600783,4.2306048966782255,74.00793503160122,78.3086471053227,0.2
48,15,6,15.00678098666764,19.961600863152164,8.348282287771324,74.00793503160122,78.3086471053227,0.2
48,15,7,11.910485254470075,16.663241752110327,6.98096459968205,74.00793503160122,78.3086471053227,0.2
48,15,8,26.908722237549465,34.06088247128082,14.975395837675318,74.00793503160122,78.3086471053227,0.2
48,15,9,12.457501512349882,17.293577984050497,7.14048883700839,74.00793503160122,78.3086471053227,0.2
48,16,0,10.679284996396625,11.282481133750142,4.6923934686482545,83.40096320449732,82.93139492779292,0.2
48,16,1,12.590909009395661,17.634070358192258,7.3411261788029964,83.40096320449732,82.93139492779292,0.2
48,16,2,9.284686684426257,13.69512864331189,5.494523269924147,83.40096320449732,82.93139492779292,0.2
48,16,3,12.505821065528496,17.793790155412673,7.579846699290151,83.40096320449732,82.93139492779292,0.2
48,16,4,13.548132351962128,9.735062441732929,4.612659657858474,83.40096320449732,82.93139492779292,0.2
48,16,5,8.558406278286178,13.298356194454446,5.37883751131889,83.40096320449732,82.93139492779292,0.2
48,16,6,16.88836308034029,21.769662614482648,8.870672741008791,83.40096320449732,82.93139492779292,0.2
48,16,7,14.122314117615556,18.863601731059546,7.614142879366514,83.40096320449732,82.93139492779292,0.2
48,16,8,30.29484550958984,36.96888789494668,15.85932335670142,83.40096320449732,82.93139492779292,0.2
48,16,9,14.445027598929904,19.20617445313135,7.684527222090585,83.40096320449732,82.93139492779292,0.2
48,17,0,9.492592833190479,11.703366489983225,4.8142512743738175,80.54377256225574,76.67958974821948,0.2
48,17,1,14.850911846599042,16.94017091810276,7.137700843373475,80.54377256225574,76.67958974821948,0.2
48,17,2,11.115281052700237,8.746972125708716,4.0145248959711015,80.54377256225574,76.67958974821948,0.2
48,17,3,15.333837397717552,17.593164273999907,7.519920815904569,80.54377256225574,76.67958974821948,0.2
48,17,4,9.33129335864235,12.62354772123204,5.532753109489234,80.54377256225574,76.67958974821948,0.2
48,17,5,10.881251700648729,12.902513488038489,5.266254912444701,80.54377256225574,76.67958974821948,0.2
48,17,6,17.945145702185854,19.798776799544633,8.300556696269135,80.54377256225574,76.67958974821948,0.2
48,17,7,15.403217699129591,17.244976990474253,7.150684597076587,80.54377256225574,76.67958974821948,0.2
48,17,8,32.083008435019906,33.64703079956553,14.847793050052639,80.54377256225574,76.67958974821948,0.2
48,17,9,15.545603437191708,9.923118553168738,4.8401884486451365,80.54377256225574,76.67958974821948,0.2
48,18,0,9.739108079839653,6.623913743355959,3.232149633166714,69.30763322199033,65.14848610024386,0.2
48,18,1,14.439387558601956,13.530128569746434,6.09855909842919,69.30763322199033,65.14848610024386,0.2
48,18,2,8.12128192377225,8.715901705984232,4.004537476995939,69.30763322199033,65.14848610024386,0.2
48,18,3,15.21260885732568,14.30206842372478,6.505065787108569,69.30763322199033,65.14848610024386,0.2
48,18,4,11.192619047370597,10.730635212277218,4.938011471622298,69.30763322199033,65.14848610024386,0.2
48,18,5,10.653499961934681,7.418117017170051,3.574665656888699,69.30763322199033,65.14848610024386,0.2
48,18,6,16.791815420626673,15.682224015696377,7.0509190047969135,69.30763322199033,65.14848610024386,0.2
48,18,7,14.46565336264707,13.496843796481302,6.023464349657513,69.30763322199033,65.14848610024386,0.2
48,18,8,30.03670831044505,27.049736392868187,12.744221459170213,69.30763322199033,65.14848610024386,0.2
48,18,9,9.79157832476821,10.293497320013644,4.965953103461595,69.30763322199033,65.14848610024386,0.2
48,19,0,6.538556633963616,8.01011444295533,3.6919711200548466,60.25591787946737,59.60368689226428,0.2
48,19,1,12.337230195492177,5.368802640971366,3.1932292436563787,60.25591787946737,59.60368689226428,0.2
48,19,2,8.101077628795892,9.323046577773718,4.197824070791294,60.25591787946737,59.60368689226428,0.2
48,19,3,13.159582904271621,13.675407892789918,6.304210401021048,60.25591787946737,59.60368689226428,0.2
48,19,4,9.989471816232287,10.724785412675718,4.936126949621123,60.25591787946737,59.60368689226428,0.2
48,19,5,7.231457852448357,8.693449549467996,3.9945176892699386,60.25591787946737,59.60368689226428,0.2
48,19,6,14.263830102811646,14.681358733617227,6.732815970895812,60.25591787946737,59.60368689226428,0.2
48,19,7,12.185315425607033,6.553768897501039,3.632683616171352,60.25591787946737,59.60368689226428,0.2
48,19,8,25.78123639805533,25.02316738734161,12.06809667122661,60.25591787946737,59.60368689226428,0.2
48,19,9,10.045997027921699,11.193830868980768,5.266155312115013,60.25591787946737,59.60368689226428,0.2
48,20,0,7.468763825697407,7.735427838581604,3.602883570104162,60.497010319967956,59.60368689226428,0.2
48,20,1,6.459821674289141,6.644271977307731,3.7070553575091236,60.497010319967956,59.60368689226428,0.2
48,20,2,8.492091499919992,8.736182233274029,4.011057751305833,60.497010319967956,59.60368689226428,0.2
48,20,3,12.753257558534713,13.107133678290268,6.119668639966403,60.497010319967956,59.60368689226428,0.2
48,20,4,9.98565947607755,10.311177850313621,4.802087697628251,60.497010319967956,59.60368689226428,0.2
48,20,5,8.08080785265853,8.336867663841801,3.87910814545708,60.497010319967956,59.60368689226428,0.2
48,20,6,13.620315742815826,13.978795642830178,6.505627574085164,60.497010319967956,59.60368689226428,0.2
48,20,7,7.348826710827895,7.557978982301501,4.013911243246393,60.497010319967956,59.60368689226428,0.2
48,20,8,24.413453120873168,25.03819648991974,12.0731699470002,60.497010319967956,59.60368689226428,0.2
48,20,9,10.653298472996873,10.96819556592161,5.19162332162112,60.497010319967956,59.60368689226428,0.2
49,0,0,2.0,2.0,1.460902136808177,17.9379095303049,17.9379095303049,0.0
49,0,1,2.0,2.0,1.3304340392950162,17.9379095303049,17.9379095303049,0.0
49,0,2,2.0,2.0,1.5094331726004588,17.9379095303049,17.9379095303049,0.0
49,0,3,2.0,2.0,1.6013886492126623,17.9379095303049,17.9379095303049,0.0
49,0,4,2.0,2.0,1.7049631237642833,17.9379095303049,17.9379095303049,0.0
49,0,5,2.0,2.0,1.290159586480454,17.9379095303049,17.9379095303049,0.0
49,0,6,2.0,2.0,1.8860269105693137,17.9379095303049,17.9379095303049,0.0
49,0,7,2.0,2.0,1.487068129487698,17.9379095303049,17.9379095303049,0.0
49,0,8,2.0,2.0,1.5123179321003404,17.9379095303049,17.9379095303049,0.0
49,0,9,2.0,2.0,1.4585804334357169,17.9379095303049,17.9379095303049,0.0
49,1,0,2.9553679260944126,3.518955057727681,2.169650253989814,17.9379095303049,27.10381299400535,0.0
49,1,1,2.6914342777999534,2.6099600824447378,1.6029355339333426,17.9379095303049,27.10381299400535,0.0
49,1,2,3.053544979154252,3.645594563617979,2.297898019264029,17.9379095303049,27.10381299400535,0.0
49,1,3,3.239568573316545,3.885548150677583,2.5491321802923226,17.9379095303049,27.10381299400535,0.0
49,1,4,3.44909710526922,4.155820978486268,2.8448133344406386,17.9379095303049,27.10381299400535,0.0
49,1,5,2.609960082444738,2.855200337180677,1.6552669628545351,17.9379095303049,27.10381299400535,0.0
49,1,6,3.8153845482254662,4.628298602779253,3.3932967994475804,17.9379095303049,27.10381299400535,0.0
49,1,7,3.00830106485238,3.58723401221459,2.2384204515136985,17.9379095303049,27.10381299400535,0.0
49,1,8,3.0593807743698527,3.6531222108588275,2.305616363084814,17.9379095303049,27.10381299400535,0.0
49,1,9,2.9506711791269087,3.5128966795556065,2.1635909190144362,17.9379095303049,27.10381299400535,0.0
49,2,0,4.389147369921352,6.353509738228387,3.2810263428510322,29.384520215216824,39.99613969005994,0.2
49,2,1,3.2426978818264587,3.8720866634565576,2.1126808664014027,29.384520215216824,39.99613969005994,0.2
49,2,2,4.6485893424772895,6.245843939868833,3.3497059391748096,29.384520215216824,39.99613969005994,0.2
49,2,3,5.156829670651818,6.898190803332771,3.8096966043508718,29.384520215216824,39.99613969005994,0.2
49,2,4,5.754985137266247,7.60655934766774,4.343359464360923,29.384520215216824,39.99613969005994,0.2
49,2,5,3.348563033682752,4.283448055638679,2.198760315949869,29.384520215216824,39.99613969005994,0.2
49,2,6,6.8645532593419585,8.990188843887012,5.4008865946718165,29.384520215216824,39.99613969005994,0.2
49,2,7,4.528267733231459,6.267462188499483,3.308065308076824,29.384520215216824,39.99613969005994,0.2
49,2,8,4.664203356034935,6.303951023864753,3.377933426547683,29.384520215216824,39.99613969005994,0.2
49,2,9,4.376889489130774,6.128328413338233,3.1941021999048043,29.384520215216824,39.99613969005994,0.2
49,3,0,6.637432976529354,9.843903730057665,4.457766106079854,43.632978380373146,52.327283434089054,0.2
49,3,1,4.273899745452897,6.741088788146773,3.1144644931187506,43.632978380373146,52.327283434089054,0.2
49,3,2,6.776370055912278,9.373119414466927,4.45053066993243,43.632978380373146,52.327283434089054,0.2
49,3,3,7.706919491026609,10.550789539465804,5.129502206422977,43.632978380373146,52.327283434089054,0.2
49,3,4,8.786505905533035,11.825913974593126,5.915320687854199,43.632978380373146,52.327283434089054,0.2
49,3,5,4.4480362860751255,6.029274075942951,2.7932380867813746,43.632978380373146,52.327283434089054,0.2
49,3,6,10.92585643637962,14.45585809546159,7.531085906960543,43.632978380373146,52.327283434089054,0.2
49,3,7,6.692132116581046,9.519452129886423,4.432392762469447,43.632978380373146,52.327283434089054,0.2
49,3,8,6.833473546087389,9.499768434986905,4.501126496238441,43.632978380373146,52.327283434089054,0.2
49,3,9,6.46158764261274,5.170303479586025,2.8357674366464405,43.632978380373146,52.327283434089054,0.2
49,4,0,9.017947636604102,6.550810135476941,3.352020268171259,53.06572610008602,57.04616431952702,0.2
49,4,1,6.300482584023783,5.836547689742194,2.81566886001029,53.06572610008602,57.04616431952702,0.2
49,4,2,9.003310533007197,10.99802150605504,4.977520856245853,53.06572610008602,57.04616431952702,0.2
49,4,3,10.376852710212379,12.498411010766363,5.775294173020824,53.06572610008602,57.04616431952702,0.2
49,4,4,11.966543543869493,14.222743886013014,6.731043015047374,53.06572610008602,57.04616431952702,0.2
49,4,5,5.650649720901133,7.518333672783466,3.259924592315126,53.06572610008602,57.04616431952702,0.2
49,4,6,15.23519555301691,17.734984766487276,8.68977360695039,53.06572610008602,57.04616431952702,0.2
49,4,7,8.966618006785227,10.946839666594029,4.88778392917973,53.06572610008602,57.04616431952702,0.2
49,4,8,9.105664604845114,11.107850209492282,5.021842814771227,53.06572610008602,57.04616431952702,0.2
49,4,9,5.736685515730946,8.281757431277029,3.943620727490983,53.06572610008602,57.04616431952702,0.2
49,5,0,6.781051884704371,7.116523671817261,3.552120222298635,52.7288963690506,52.288417727487044,0.2
49,5,1,5.696026605558904,6.340202304951592,2.983627022304883,52.7288963690506,52.288417727487044,0.2
49,5,2,10.06939829806446,10.128488398430374,4.698661271824401,52.7288963690506,52.288417727487044,0.2
49,5,3,11.683273460053003,11.57094491173553,5.471846768490864,52.7288963690506,52.288417727487044,0.2
49,5,4,13.616729098155082,13.405842759078036,6.458027321194894,52.7288963690506,52.288417727487044,0.2
49,5,5,6.594744671031685,5.51021498096675,2.622650485284288,52.7288963690506,52.288417727487044,0.2
49,5,6,17.579191347555014,16.95741780587067,8.421291346344232,52.7288963690506,52.288417727487044,0.2
49,5,7,9.887862773298291,4.701702590040991,2.7051320935086314,52.7288963690506,52.288417727487044,0.2
49,5,8,10.159060494694387,10.13315973324874,4.709160872359011,52.7288963690506,52.288417727487044,0.2
49,5,9,7.977844591405577,8.14011094606718,3.8962840733564454,52.7288963690506,52.288417727487044,0.2
49,6,0,7.185849010768578,7.061497711893063,3.532872004211631,47.27435442322568,47.76789666555451,0.2
49,6,1,6.035801702921485,6.364396990346992,2.9915924881490277,47.27435442322568,47.76789666555451,0.2
49,6,2,9.50527243985758,4.119505802619261,2.503136174088114,47.27435442322568,47.76789666555451,0.2
49,6,3,11.069407066124802,10.808217271030546,5.2167928914858654,47.27435442322568,47.76789666555451,0.2
49,6,4,13.064425282175398,12.627431797570486,6.193191588574873,47.27435442322568,47.76789666555451,0.2
49,6,5,5.305555334801223,5.819057944192736,2.7247039040523253,47.27435442322568,47.76789666555451,0.2
49,6,6,17.03605855191523,16.036926781737964,8.098632474894348,47.27435442322568,47.76789666555451,0.2
49,6,7,5.472413533784691,6.705403522147877,3.468225378399583,47.27435442322568,47.76789666555451,0.2
49,6,8,9.526512865122879,4.986097401717953,2.8665177506114863,47.27435442322568,47.76789666555451,0.2
49,6,9,7.882083742110436,7.808371447553038,3.7844407623164233,47.27435442322568,47.76789666555451,0.2
49,7,0,7.146910354348314,7.743240045488358,3.7683048853235825,46.43318760108244,50.383920919331565,0.2
49,7,1,6.0519156380572205,4.8022874168569425,2.4563262825050343,46.43318760108244,50.383920919331565,0.2
49,7,2,5.063780918076678,6.507030634650576,3.4471556147464724,46.43318760108244,50.383920919331565,0.2
49,7,3,10.553439549523397,11.114041012725593,5.319687801617001,46.43318760108244,50.383920919331565,0.2
49,7,4,12.528669320055329,13.055924901499601,6.339563313890588,46.43318760108244,50.383920919331565,0.2
49,7,5,5.512006809527858,5.36125951264481,2.572818901412446,46.43318760108244,50.383920919331565,0.2
49,7,6,16.383327848244544,16.789739949717898,8.362914695404744,46.43318760108244,50.383920919331565,0.2
49,7,7,7.016131871901452,7.839642627626807,3.869165040101363,46.43318760108244,50.383920919331565,0.2
49,7,8,5.79889262003992,7.03162448318542,3.6463728445476624,46.43318760108244,50.383920919331565,0.2
49,7,9,7.6558275639121804,8.253416789623762,3.934169166216906,46.43318760108244,50.383920919331565,0.2
49,8,0,7.623185094493775,12.13190447065664,5.1600084720984025,53.69407700282238,59.54288060721328,0.2
49,8,1,4.969085696047063,8.99981441989803,3.8127281315077592,53.69407700282238,59.54288060721328,0.2
49,8,2,6.973508275055436,11.213071858332643,5.045452442424212,53.69407700282238,59.54288060721328,0.2
49,8,3,10.7615933399096,7.29090415392196,3.9602510814023977,53.69407700282238,59.54288060721328,0.2
49,8,4,12.824775603553748,5.7221054372152915,3.558632104035811,53.69407700282238,59.54288060721328,0.2
49,8,5,5.204747306001233,8.896066282004075,3.6674233336091966,53.69407700282238,59.54288060721328,0.2
49,8,6,16.917964069422165,21.887760974077842,10.068570707854889,53.69407700282238,59.54288060721328,0.2
49,8,7,7.827222626468655,12.016496176791026,5.217402787551408,53.69407700282238,59.54288060721328,0.2
49,8,8,7.376519672222776,11.589353307205364,5.173250956662818,53.69407700282238,59.54288060721328,0.2
49,8,9,7.958724322951488,12.058880817238311,5.130081779632617,53.69407700282238,59.54288060721328,0.2
49,9,0,10.438566111028567,15.271826240419708,6.0621099528522375,65.43380460285906,70.28250436280878,0.2
49,9,1,7.713052193485464,8.464223415152537,3.652442045449382,65.43380460285906,70.28250436280878,0.2
49,9,2,10.206822171917414,14.000793382916601,5.893859052654696,65.43380460285906,70.28250436280878,0.2
49,9,3,8.011487375074012,12.287521530665245,5.706906446166024,65.43380460285906,70.28250436280878,0.2
49,9,4,7.199022382166758,11.970495996080114,5.965852274380087,65.43380460285906,70.28250436280878,0.2
49,9,5,7.41910427705947,9.35090211193145,3.7976933513553317,65.43380460285906,70.28250436280878,0.2
49,9,6,20.36846287090837,25.948617960508546,11.342449401707166,65.43380460285906,70.28250436280878,0.2
49,9,7,10.554673353776908,14.746578399857901,6.0213483633445275,65.43380460285906,70.28250436280878,0.2
49,9,8,10.465355321036144,14.375424749924196,6.015290208104718,65.43380460285906,70.28250436280878,0.2
49,9,9,10.378025172098384,14.61266996716426,5.86840514678856,65.43380460285906,70.28250436280878,0.2
49,10,0,12.263494499542672,9.433088828663067,4.326710865162201,73.17897628650856,72.33062477928273,0.2
49,10,1,7.388797511531818,11.23998588128112,4.454596657481808,73.17897628650856,72.33062477928273,0.2
49,10,2,11.923127200835914,15.736301013051744,6.396240004800744,73.17897628650856,72.33062477928273,0.2
49,10,3,11.544926825194382,16.069423224088442,6.886141637030009,73.17897628650856,72.33062477928273,0.2
49,10,4,12.06876766026346,17.14687369151346,7.672262568765722,73.17897628650856,72.33062477928273,0.2
49,10,5,7.682637215015075,11.138081543200133,4.292296477691427,73.17897628650856,72.33062477928273,0.2
49,10,6,22.945487120986797,27.78916335472899,11.899801537230074,73.17897628650856,72.33062477928273,0.2
49,10,7,12.181034839027076,16.043969946979793,6.387459462268497,73.17897628650856,72.33062477928273,0.2
49,10,8,12.168779344811593,16.010251483024867,6.486356469063483,73.17897628650856,72.33062477928273,0.2
49,10,9,11.871634595619415,8.091172801227357,3.8798721937413867,73.17897628650856,72.33062477928273,0.2
49,11,0,8.75282621211168,9.453162377818147,4.333153857801318,68.39568609490797,64.64427538288257,0.2
49,11,1,9.01153592257202,6.8378123896534815,3.145678814153034,68.39568609490797,64.64427538288257,0.2
49,11,2,12.939431110074535,13.245612320827828,5.669481220057119,68.39568609490797,64.64427538288257,0.2
49,11,3,13.930489672008704,14.349179079016775,6.361429051038486,68.39568609490797,64.64427538288257,0.2
49,11,4,15.520792354951691,16.04890421809595,7.324968523637193,68.39568609490797,64.64427538288257,0.2
49,11,5,8.683206780142386,7.568143751840825,3.275027850969865,68.39568609490797,64.64427538288257,0.2
49,11,6,24.072996338314276,23.58245959685974,10.608140362370465,68.39568609490797,64.64427538288257,0.2
49,11,7,12.921668295496,12.853800626500403,5.469302705251333,68.39568609490797,64.64427538288257,0.2
49,11,8,13.121734428951877,13.332621413904963,5.7064102080561705,68.39568609490797,64.64427538288257,0.2
49,11,9,7.848882926395813,9.13044936617801,4.222346722616587,68.39568609490797,64.64427538288257,0.2
49,12,0,8.765860222613789,8.454360317501116,4.00734427340691,58.17991115363763,54.55609541209088,0.2
49,12,1,6.3636283628512995,7.098114267519557,3.229032687376238,58.17991115363763,54.55609541209088,0.2
49,12,2,11.469216543114337,11.26767756924771,5.062639238680609,58.17991115363763,54.55609541209088,0.2
49,12,3,12.869009434567571,12.545714673039642,5.790586229426532,58.17991115363763,54.55609541209088,0.2
49,12,4,14.818225320489747,14.399886007991352,6.7896178529561215,58.17991115363763,54.55609541209088,0.2
49,12,5,6.625298179773375,7.021504675075406,3.1075889557959386,58.17991115363763,54.55609541209088,0.2
49,12,6,21.459998580708323,19.799601024203564,9.386126336251923,58.17991115363763,54.55609541209088,0.2
49,12,7,11.064260490792595,5.9131625899613,3.176023765571719,58.17991115363763,54.55609541209088,0.2
49,12,8,11.543922948099114,4.8958045809082975,2.830081594116009,58.17991115363763,54.55609541209088,0.2
49,12,9,8.541700201859186,8.740935314348919,4.09543389921361,58.17991115363763,54.55609541209088,0.2
49,13,0,8.106755706662344,8.442150000818163,4.003292034861921,51.62876308109331,53.200781230841244,0.2
49,13,1,6.532251131778046,7.19292053581791,3.259162649198674,51.62876308109331,53.200781230841244,0.2
49,13,2,10.241590624320018,5.132278934908008,2.9195106882799586,51.62876308109331,53.200781230841244,0.2
49,13,3,11.714208901850766,12.089249030019781,5.6422883306574585,51.62876308109331,53.200781230841244,0.2
49,13,4,13.735224507854397,14.04905748481071,6.673397985023272,51.62876308109331,53.200781230841244,0.2
49,13,5,6.2865735466101595,6.0168823702798875,2.7892182719815692,51.62876308109331,53.200781230841244,0.2
49,13,6,18.987895236456424,18.82202600869462,9.059272986268613,51.62876308109331,53.200781230841244,0.2
49,13,7,6.425015429022351,7.709018884904312,3.8239239437720203,51.62876308109331,53.200781230841244,0.2
49,13,8,5.725183200672408,7.510229567913459,3.818381819224862,51.62876308109331,53.200781230841244,0.2
49,13,9,8.284958782810602,8.793269254058476,4.1125827209381,51.62876308109331,53.200781230841244,0.2
49,14,0,8.098558130984271,11.255684269806626,4.896214762118137,55.43610269150374,60.098347114992244,0.2
49,14,1,6.593203279455114,7.4441767111573816,3.338443438564015,55.43610269150374,60.098347114992244,0.2
49,14,2,5.906095987294279,9.336153085707398,4.438236780763752,55.43610269150374,60.098347114992244,0.2
49,14,3,11.414206018367501,6.195208971442401,3.533579942106481,55.43610269150374,60.098347114992244,0.2
49,14,4,13.500114666195804,16.602396954805965,7.500902987912955,55.43610269150374,60.098347114992244,0.2
49,14,5,5.642517737636231,8.235554255088614,3.474620835928341,55.43610269150374,60.098347114992244,0.2
49,14,6,18.326679209222956,21.845552194091205,10.05497527502485,55.43610269150374,60.098347114992244,0.2
49,14,7,7.735701037400953,10.798077019239296,4.8411926319066385,55.43610269150374,60.098347114992244,0.2
49,14,8,7.724489460173145,10.771025366660902,4.914756875381215,55.43610269150374,60.098347114992244,0.2
49,14,9,8.319650413699442,11.230246688595438,4.88069752583153,55.43610269150374,60.098347114992244,0.2
49,15,0,9.904918134248659,14.97587039826012,5.979633667338631,66.05173358671374,70.5982423852335,0.2
49,15,1,6.75358630316517,10.598910423279035,4.275187888040982,66.05173358671374,70.5982423852335,0.2
49,15,2,8.978440307397525,13.096584424626492,5.624753906983914,66.05173358671374,70.5982423852335,0.2
49,15,3,7.148342494732938,11.957883672405305,5.5993005036531125,66.05173358671374,70.5982423852335,0.2
49,15,4,15.1741362742181,20.049591658512007,8.559883728902044,66.05173358671374,70.5982423852335,0.2
49,15,5,7.029069720082359,9.511027934029123,3.843099748514942,66.05173358671374,70.5982423852335,0.2
49,15,6,20.34095965552185,26.210390416856967,11.422425421813259,66.05173358671374,70.5982423852335,0.2
49,15,7,9.793609762007017,14.242025563854577,5.876383109039547,66.05173358671374,70.5982423852335,0.2
49,15,8,9.942428358540228,14.134939104591954,5.944671546494685,66.05173358671374,70.5982423852335,0.2
49,15,9,9.873527159269827,8.296740651272199,3.948613687059608,66.05173358671374,70.5982423852335,0.2
49,16,0,12.096647068267869,16.276081868952566,6.338478671933763,75.18916024119171,75.85735173439153,0.2
49,16,1,8.648596537717728,9.91002265906764,4.07872668343928,75.18916024119171,75.85735173439153,0.2
49,16,2,11.378734324527308,14.903134159142493,6.157256146418827,75.18916024119171,75.85735173439153,0.2
49,16,3,11.32724273592703,15.314678205117563,6.658114537689435,75.18916024119171,75.85735173439153,0.2
49,16,4,17.316427422555154,21.432210299155916,8.96893479464169,75.18916024119171,75.85735173439153,0.2
49,16,5,7.774493203464927,8.953090354082889,3.6838633664352916,75.18916024119171,75.85735173439153,0.2
49,16,6,23.107276578831407,27.99232533045113,11.960633201571872,75.18916024119171,75.85735173439153,0.2
49,16,7,11.887773810668874,15.63043502673386,6.271762656460173,75.18916024119171,75.85735173439153,0.2
49,16,8,12.02591958559323,15.599722696409273,6.3694791399537865,75.18916024119171,75.85735173439153,0.2
49,16,9,7.987945221826749,12.024434401898464,5.119819457674278,75.18916024119171,75.85735173439153,0.2
49,17,0,12.822581400417391,8.15300708246519,3.906812792056386,73.67339341861555,68.57089555804451,0.2
49,17,1,8.251160509545238,10.368920000076912,4.2100360773999155,73.67339341861555,68.57089555804451,0.2
49,17,2,12.455972833081852,14.516485795860401,6.044994898194241,73.67339341861555,68.57089555804451,0.2
49,17,3,13.469196640331823,15.82913988423668,6.813901807386248,73.67339341861555,68.57089555804451,0.2
49,17,4,18.14392734151819,20.033265535459332,8.55500399094742,73.67339341861555,68.57089555804451,0.2
49,17,5,7.452362046005126,9.614393115361443,3.8722888864891813,73.67339341861555,68.57089555804451,0.2
49,17,6,24.19605725058009,25.924430718648743,11.33504759484967,73.67339341861555,68.57089555804451,0.2
49,17,7,12.687616595233212,6.952179792577394,3.557087640375031,73.67339341861555,68.57089555804451,0.2
49,17,8,12.885294560027424,14.806363091299875,6.140955940626778,73.67339341861555,68.57089555804451,0.2
49,17,9,10.35726475536767,12.545564541975587,5.274150673194376,73.67339341861555,68.57089555804451,0.2
49,18,0,7.903383072684803,7.484112700789961,3.6795808545218027,61.978506857500605,57.87009792162841,0.2
49,18,1,8.51679607918991,5.6510739566969335,2.7527327168426208,61.978506857500605,57.87009792162841,0.2
49,18,2,12.228871178571897,11.383267549064046,5.098938263403696,61.978506857500605,57.87009792162841,0.2
49,18,3,13.784350331024411,12.749724788425826,5.856340453405843,61.978506857500605,57.87009792162841,0.2
49,18,4,17.30655583658407,15.762275464014284,7.233146016367772,61.978506857500605,57.87009792162841,0.2
49,18,5,7.8335420883874205,6.3108761464771135,2.883933200203345,61.978506857500605,57.87009792162841,0.2
49,18,6,22.930513453668066,20.50809151067296,9.619988676383876,61.978506857500605,57.87009792162841,0.2
49,18,7,7.195897971399546,7.648716773950953,3.8029610273900714,61.978506857500605,57.87009792162841,0.2
49,18,8,12.422997930675448,11.428938620045063,5.123022166791182,61.978506857500605,57.87009792162841,0.2
49,18,9,10.669472885434327,9.581425119080462,4.367274232107185,61.978506857500605,57.87009792162841,0.2
49,19,0,7.443698633149908,8.064142843793588,3.876956031950106,53.524127370771296,53.04119686233888,0.2
49,19,1,5.568708386067356,6.82085015013643,3.140214443226684,53.524127370771296,53.04119686233888,0.2
49,19,2,10.31502262959417,4.604079190343787,2.7057822449321725,53.524127370771296,53.04119686233888,0.2
49,19,3,11.847228027264778,12.200427855014262,5.678560951613514,53.524127370771296,53.04119686233888,0.2
49,19,4,14.632470719931412,14.694589056671177,6.8865896400279905,53.524127370771296,53.04119686233888,0.2
49,19,5,5.83412363233397,6.75669362039672,3.025076733100295,53.524127370771296,53.04119686233888,0.2
49,19,6,19.46099281208007,18.978496975100075,9.111925466399025,53.524127370771296,53.04119686233888,0.2
49,19,7,7.6932935898713275,8.719090944357395,4.1681152068321,53.524127370771296,53.04119686233888,0.2
49,19,8,10.363743754584817,5.600894250232484,3.109583805345524,53.524127370771296,53.04119686233888,0.2
49,19,9,8.834884873416344,9.194437365174664,4.24303874354061,53.524127370771296,53.04119686233888,0.2
49,20,0,7.842983605142111,8.17663600857463,3.9147352182432504,53.83616352062994,53.04119686233888,0.2
49,20,1,6.3525740792239915,6.5721874114350225,3.05963280204269,53.83616352062994,53.04119686233888,0.2
49,20,2,5.4737287736052265,5.6253480340622275,3.113131537448227,53.83616352062994,53.04119686233888,0.2
49,20,3,11.487584609491421,11.808040285588383,5.5500925755571116,53.83616352062994,53.04119686233888,0.2
49,20,4,13.931395970697489,14.302300956476271,6.757376730193269,53.83616352062994,53.04119686233888,0.2
49,20,5,6.119653415328647,6.333474284782374,2.891158124000833,53.83616352062994,53.04119686233888,0.2
49,20,6,18.43319383952305,18.92333684675677,9.093378999544196,53.83616352062994,53.04119686233888,0.2
49,20,7,8.43199122252733,8.71419107025646,4.166475417394919,53.83616352062994,53.04119686233888,0.2
49,20,8,6.290609076593783,6.472576955951278,3.44093255904201,53.83616352062994,53.04119686233888,0.2
49,20,9,8.583559634756272,8.888181363606455,4.143605699804762,53.83616352062994,53.04119686233888,0.2
50,0,0,2.0,2.0,1.634360807820743,17.61572647272973,17.61572647272973,0.0
50,0,1,2.0,2.0,1.304622726451052,17.61572647272973,17.61572647272973,0.0
50,0,2,2.0,2.0,1.376916524474477,17.61572647272973,17.61572647272973,0.0
50,0,3,2.0,2.0,1.7010662291528942,17.61572647272973,17.61572647272973,0.0
50,0,4,2.0,2.0,1.4094601855103914,17.61572647272973,17.61572647272973,0.0
50,0,5,2.0,2.0,1.4303288248227022,17.61572647272973,17.61572647272973,0.0
50,0,6,2.0,2.0,1.4912559211647618,17.61572647272973,17.61572647272973,0.0
50,0,7,2.0,2.0,1.447368334492762,17.61572647272973,17.61572647272973,0.0
50,0,8,2.0,2.0,1.4468892957124693,17.61572647272973,17.61572647272973,0.0
50,0,9,2.0,2.0,1.9632904415506482,17.61572647272973,17.61572647272973,0.0
50,1,0,3.306270412919108,3.993375917076702,2.651948454468614,17.61572647272973,26.576359395250464,0.0
50,1,1,2.6392186473429367,2.9007124984552046,1.6924553616344038,17.61572647272973,26.576359395250464,0.0
50,1,2,2.7854671649888743,2.639218647342936,1.6719349438508395,17.61572647272973,26.576359395250464,0.0
50,1,3,3.4412137864241723,4.16872182945747,2.8444759573992857,17.61572647272973,26.576359395250464,0.0
50,1,4,2.8513021648837773,3.402188513917254,2.044384959822539,17.61572647272973,26.576359395250464,0.0
50,1,5,2.8935188922955013,3.4570450837025115,2.0980142043346417,17.61572647272973,26.576359395250464,0.0
50,1,6,3.016772861074541,3.617201740889538,2.2578344538515203,17.61572647272973,26.576359395250464,0.0
50,1,7,2.9279893876739904,3.5018361712925326,2.142225314249304,17.61572647272973,26.576359395250464,0.0
50,1,8,2.927020304385683,3.5005769409283634,2.140977218325418,17.61572647272973,26.576359395250464,0.0
50,1,9,3.9716867094488917,4.858020283060835,3.654139154391864,17.61572647272973,26.576359395250464,0.0
50,2,0,5.364824382498172,7.260273084717069,4.029897609093449,28.81268292654346,39.0438080115279,0.2
50,2,1,3.4237942200899107,4.480438783649524,2.29450139577869,28.81268292654346,39.0438080115279,0.2
50,2,2,3.382281935988456,4.99000200065177,2.6113021049286433,28.81268292654346,39.0438080115279,0.2
50,2,3,5.7543026320786,7.723914805039864,4.380124531828596,28.81268292654346,39.0438080115279,0.2
50,2,4,4.1357388606809025,3.9670779230045663,2.2764668331060207,28.81268292654346,39.0438080115279,0.2
50,2,5,4.244229460522193,5.910069213939779,3.0537233566294124,28.81268292654346,39.0438080115279,0.2
50,2,6,4.5675417669813685,6.397097760339014,3.365265052428531,28.81268292654346,39.0438080115279,0.2
50,2,7,4.333667413227429,6.028944538934747,3.133480324557802,28.81268292654346,39.0438080115279,0.2
50,2,8,4.331142546866292,6.184573340961038,3.1888282407730477,28.81268292654346,39.0438080115279,0.2
50,2,9,7.392230719827794,9.766901138932116,5.957901370839213,28.81268292654346,39.0438080115279,0.2
50,3,0,8.152380532059658,11.029795482945232,5.400378059467481,42.59405142736372,51.26988937803344,0.2
50,3,1,4.641718059416864,5.482196576827762,2.642604471724039,42.59405142736372,51.26988937803344,0.2
50,3,2,5.282597849511026,7.684965243396978,3.532937465998094,42.59405142736372,51.26988937803344,0.2
50,3,3,8.860880703445268,11.861184354233965,5.914116359851246,42.59405142736372,51.26988937803344,0.2
50,3,4,4.6052345970814645,7.158895143577439,3.441311742496359,42.59405142736372,51.26988937803344,0.2
50,3,5,6.1776048073047205,6.122257583735656,3.1300625212351747,42.59405142736372,51.26988937803344,0.2
50,3,6,6.807845746932201,9.575747475548283,4.463258732669935,42.59405142736372,51.26988937803344,0.2
50,3,7,6.3389511281562285,8.889111489528496,4.112055022519946,42.59405142736372,51.26988937803344,0.2
50,3,8,6.450918557210771,9.2569822440459,4.2290508605768435,42.59405142736372,51.26988937803344,0.2
50,3,9,12.052683184297459,15.745753878635592,8.322963236840621,42.59405142736372,51.26988937803344,0.2
50,4,0,10.924827682574476,13.119732567306174,6.097817608664403,51.9934100982591,55.55957596978309,0.2
50,4,1,5.345921742677527,7.387726726746639,3.256278324803681,51.9934100982591,55.55957596978309,0.2
50,4,2,7.147042781880058,5.518417039887585,2.8019267511415733,51.9934100982591,55.55957596978309,0.2
50,4,3,11.964107218901002,14.246341182150562,6.7234559586871345,51.9934100982591,55.55957596978309,0.2
50,4,4,6.961686269886827,9.020748997005887,4.045774143956052,51.9934100982591,55.55957596978309,0.2
50,4,5,6.332036998822787,8.607009713564569,3.9729353598343025,51.9934100982591,55.55957596978309,0.2
50,4,6,9.029059080721643,11.039567222886884,4.930575552225441,51.9934100982591,55.55957596978309,0.2
50,4,7,8.318582893199356,10.260523482340336,4.546495158905074,51.9934100982591,55.55957596978309,0.2
50,4,8,8.5552625027147,6.3231404237036,3.238674377441607,51.9934100982591,55.55957596978309,0.2
50,4,9,16.8371432832338,19.47321641348888,9.65761611590068,51.9934100982591,55.55957596978309,0.2
50,5,0,12.335730180526653,12.14587246798777,5.7773282569757916,51.35481339656487,51.481156346638635,0.2
50,5,1,6.587368364445654,5.575724488386465,2.674082838553525,51.35481339656487,51.481156346638635,0.2
50,5,2,5.668226668270677,6.548518734722476,3.1585428060340166,51.35481339656487,51.481156346638635,0.2
50,5,3,13.601380675796337,13.34918237361591,6.424191703534939,51.35481339656487,51.481156346638635,0.2
50,5,4,8.184498358934064,8.252760467504743,3.801467514049632,51.35481339656487,51.481156346638635,0.2
50,5,5,8.037147348250041,8.274980359803351,3.8650202538548055,51.35481339656487,51.481156346638635,0.2
50,5,6,9.974429140112647,9.706970214835113,4.505985315141312,51.35481339656487,51.481156346638635,0.2
50,5,7,9.197444257373864,4.786802008757948,2.666182632870649,51.35481339656487,51.481156346638635,0.2
50,5,8,6.551756025948979,7.1402948907234025,3.526270391050648,51.35481339656487,51.481156346638635,0.2
50,5,9,19.53711216674949,18.69633401325338,9.386270718506802,51.35481339656487,51.481156346638635,0.2
50,6,0,11.687388360242437,11.152419257113852,5.442335409509055,46.544503295786626,47.02684749044565,0.2
50,6,1,5.409601679443828,5.700871975089751,2.715956716112363,46.544503295786626,47.02684749044565,0.2
50,6,2,6.389651891771351,6.640109332926556,3.1894021027628083,46.544503295786626,47.02684749044565,0.2
50,6,3,12.995976686836697,12.344043423774872,6.081636157860087,46.544503295786626,47.02684749044565,0.2
50,6,4,7.690272250308381,4.994660065175269,2.674767085919968,46.544503295786626,47.02684749044565,0.2
50,6,5,7.81883782914037,7.733183667154782,3.68608818908057,46.544503295786626,47.02684749044565,0.2
50,6,6,9.115493872105697,4.223517069708726,2.516536082456804,46.544503295786626,47.02684749044565,0.2
50,6,7,5.3936197639571875,6.327832738365812,3.2414293761481154,46.544503295786626,47.02684749044565,0.2
50,6,8,7.133555458558321,7.07242550145268,3.5027744541796846,46.544503295786626,47.02684749044565,0.2
50,6,9,18.988187318091747,17.50420400543214,8.963202568360284,46.544503295786626,47.02684749044565,0.2
50,7,0,11.009706336286149,11.752511607824006,5.64570815780045,45.71284448841887,49.63657625579157,0.2
50,7,1,5.494311470442541,5.511183455475714,2.6523775923150934,45.71284448841887,49.63657625579157,0.2
50,7,2,6.452079465443985,7.329724197145293,3.4178103320759474,45.71284448841887,49.63657625579157,0.2
50,7,3,12.302995516444886,13.027099126124188,6.315294797785494,45.71284448841887,49.63657625579157,0.2
50,7,4,5.410985894491057,6.639138048049975,3.2644498772781874,45.71284448841887,49.63657625579157,0.2
50,7,5,7.456862805721633,4.786065387993073,2.6345104969891056,45.71284448841887,49.63657625579157,0.2
50,7,6,5.090888592442843,6.653951787118834,3.4592897413983112,45.71284448841887,49.63657625579157,0.2
50,7,7,6.5573293183746015,7.611316804456346,3.6887560020178567,45.71284448841887,49.63657625579157,0.2
50,7,8,7.086023774900374,7.935577185820884,3.7968135506331904,45.71284448841887,49.63657625579157,0.2
50,7,9,18.132331193309252,18.68870757075371,9.383590419565015,45.71284448841887,49.63657625579157,0.2
50,8,0,11.421124241838148,6.032174290113655,3.539636454724755,52.8976327964254,58.51442842556637,0.2
50,8,1,5.36569251746451,8.4515856969473,3.577838081772219,52.8976327964254,58.51442842556637,0.2
50,8,2,6.914143513377336,7.364901390209477,3.4292841364329716,52.8976327964254,58.51442842556637,0.2
50,8,3,12.775681011723249,16.470986581343393,7.442244865496851,52.8976327964254,58.51442842556637,0.2
50,8,4,6.603899207601457,9.86069359242074,4.305930741712332,52.8976327964254,58.51442842556637,0.2
50,8,5,5.329547837318949,8.923839987349805,4.0747515721424525,52.8976327964254,58.51442842556637,0.2
50,8,6,6.998055305150389,10.60944232852817,4.795302111393632,52.8976327964254,58.51442842556637,0.2
50,8,7,7.4622597235500265,10.71499639380802,4.6865417511071445,52.8976327964254,58.51442842556637,0.2
50,8,8,7.6808574004949515,11.140391746703518,4.814427274237114,52.8976327964254,58.51442842556637,0.2
50,8,9,18.982765141393305,23.523620807151868,11.023423036903989,52.8976327964254,58.51442842556637,0.2
50,9,0,7.160594665966762,12.007973377080308,5.731334337847431,64.30360165649513,68.66971052147744,0.2
50,9,1,7.237875587430374,9.49477467803121,3.881532319796611,64.30360165649513,68.66971052147744,0.2
50,9,2,6.937354728237435,10.720450373352584,4.460009014686871,64.30360165649513,68.66971052147744,0.2
50,9,3,15.055472382075243,19.814085607123715,8.469973475194376,64.30360165649513,68.66971052147744,0.2
50,9,4,8.710788550041991,12.590452329531583,5.10929229299859,64.30360165649513,68.66971052147744,0.2
50,9,5,8.243118960331705,12.14479190920487,5.055777449583137,64.30360165649513,68.66971052147744,0.2
50,9,6,9.70077440430658,14.007381301626847,5.824800425739641,64.30360165649513,68.66971052147744,0.2
50,9,7,9.480754957197401,8.347626821699043,3.935067514504529,64.30360165649513,68.66971052147744,0.2
50,9,8,9.73946412309394,14.109653012224882,5.680358426598505,64.30360165649513,68.66971052147744,0.2
50,9,9,22.300104886022204,28.43420387062251,12.587871656638315,64.30360165649513,68.66971052147744,0.2
50,10,0,11.59434382976874,15.914541678727995,6.980440627041941,71.49971622968756,71.26002702599884,0.2
50,10,1,7.8522413192499725,11.071244939611239,4.322166213238353,71.49971622968756,71.26002702599884,0.2
50,10,2,9.022484983761949,12.348467741661937,4.923974158970452,71.49971622968756,71.26002702599884,0.2
50,10,3,17.134541262394418,21.068197655636244,8.84177368873723,71.49971622968756,71.26002702599884,0.2
50,10,4,10.335968568544907,8.592156269878357,3.9102392654820575,71.49971622968756,71.26002702599884,0.2
50,10,5,10.22770939921715,13.633717449497203,5.482074035613318,71.49971622968756,71.26002702599884,0.2
50,10,6,11.783423352191553,15.393790405166957,6.222617162925412,71.49971622968756,71.26002702599884,0.2
50,10,7,7.960541658725603,12.019702693214036,5.079063912566003,71.49971622968756,71.26002702599884,0.2
50,10,8,11.4912208557428,9.780722721473271,4.395152713840886,71.49971622968756,71.26002702599884,0.2
50,10,9,25.464944717721757,30.203793557386653,13.131266046755359,71.49971622968756,71.26002702599884,0.2
50,11,0,14.121254134269845,14.818235784677874,6.640250955179544,67.3833311195298,63.92095467200831,0.2
50,11,1,8.74363249667202,7.862385238834572,3.401355035960305,67.3833311195298,63.92095467200831,0.2
50,11,2,9.961074689186894,7.009091130433032,3.312453646700341,67.3833311195298,63.92095467200831,0.2
50,11,3,17.886683653273735,18.065467138379326,7.9395276042196015,67.3833311195298,63.92095467200831,0.2
50,11,4,7.91031474141654,9.244251695151338,4.115684247238667,67.3833311195298,63.92095467200831,0.2
50,11,5,11.090096567812669,11.551619225938301,4.88163045053334,67.3833311195298,63.92095467200831,0.2
50,11,6,12.588196509763252,12.807460232890035,5.470856146551069,67.3833311195298,63.92095467200831,0.2
50,11,7,10.274817322518645,11.043671177598446,4.786714189883113,67.3833311195298,63.92095467200831,0.2
50,11,8,8.891282334045707,9.896829809757666,4.431610453398298,67.3833311195298,63.92095467200831,0.2
50,11,9,26.564217770522017,26.114690052082068,11.859953006671422,67.3833311195298,63.92095467200831,0.2
50,12,0,13.433059066524029,12.991706674583881,6.056103474904923,57.52892180547033,54.4764839555087,0.2
50,12,1,6.880854867184508,7.118156252812879,3.1726429894389763,57.52892180547033,54.4764839555087,0.2
50,12,2,6.701009614183396,7.512151220119683,3.477135702025832,57.52892180547033,54.4764839555087,0.2
50,12,3,16.061462735017393,15.157769997337263,7.021743238628029,57.52892180547033,54.4764839555087,0.2
50,12,4,8.325924722648471,8.515530031407621,3.885795982035248,57.52892180547033,54.4764839555087,0.2
50,12,5,9.875414442251842,6.252922754426239,3.1766768525983573,57.52892180547033,54.4764839555087,0.2
50,12,6,11.067403063095448,5.3075814156657195,2.9529687391911636,57.52892180547033,54.4764839555087,0.2
50,12,7,9.683401257163778,9.56654454933865,4.328990559527215,57.52892180547033,54.4764839555087,0.2
50,12,8,8.965035415399454,8.787137114706303,4.077626931316866,57.52892180547033,54.4764839555087,0.2
50,12,9,23.992383772867328,21.894501343899663,10.483301978297712,57.52892180547033,54.4764839555087,0.2
50,13,0,12.251343547177667,12.552170413981257,5.911941406629799,51.55342335966758,52.942357671429136,0.2
50,13,1,6.418176204753815,6.078233005872998,2.840586925910408,51.55342335966758,52.942357671429136,0.2
50,13,2,7.034157230337623,7.707753156071476,3.540267460769019,51.55342335966758,52.942357671429136,0.2
50,13,3,14.204808268711833,14.342583326992298,6.7552183748766135,51.55342335966758,52.942357671429136,0.2
50,13,4,7.860866599691617,8.380363796738477,3.8425172503364813,51.55342335966758,52.942357671429136,0.2
50,13,5,6.426336607493409,7.490462109941922,3.6047149023532308,51.55342335966758,52.942357671429136,0.2
50,13,6,5.973780774687805,7.354647791205839,3.71043219624313,51.55342335966758,52.942357671429136,0.2
50,13,7,8.757437975923853,5.286899036971437,2.858240585771647,51.55342335966758,52.942357671429136,0.2
50,13,8,8.248935738927587,8.639892913569069,4.02967627597999,51.55342335966758,52.942357671429136,0.2
50,13,9,21.207453699748566,20.819841636231825,10.12040168976619,51.55342335966758,52.942357671429136,0.2
50,14,0,11.959707343762576,14.650452537961286,6.587530973754071,55.1668210259712,59.403348142373716,0.2
50,14,1,5.746435220130726,8.092025777107063,3.470595688720311,55.1668210259712,59.403348142373716,0.2
50,14,2,7.16187117517118,6.270542896996918,3.06408081247094,55.1668210259712,59.403348142373716,0.2
50,14,3,13.665635237205041,16.449430212833065,7.435425510826702,55.1668210259712,59.403348142373716,0.2
50,14,4,7.77331482444127,7.132201840325554,3.4323246005112353,55.1668210259712,59.403348142373716,0.2
50,14,5,7.2922467129830135,9.78996257915521,4.34772049146649,55.1668210259712,59.403348142373716,0.2
50,14,6,7.506110114044443,10.265337230540608,4.6858937706436254,55.1668210259712,59.403348142373716,0.2
50,14,7,5.782148125750863,8.633315074579972,4.02886192323812,55.1668210259712,59.403348142373716,0.2
50,14,8,8.15193278079144,10.754798432830656,4.697165899990938,55.1668210259712,59.403348142373716,0.2
50,14,9,20.4733156311715,23.858279385308055,11.132967447174416,55.1668210259712,59.403348142373716,0.2
50,15,0,13.326407882818087,17.789009271835994,7.546284517607122,65.28788750464759,68.81591621091441,0.2
50,15,1,7.020926949491025,8.589581897320878,3.6186315055317833,65.28788750464759,68.81591621091441,0.2
50,15,2,6.198557677465393,10.000073952218562,4.248042599211488,65.28788750464759,68.81591621091441,0.2
50,15,3,15.041677000741313,19.739330416979072,8.44759175219,65.28788750464759,68.81591621091441,0.2
50,15,4,6.943505509861298,10.85804811930306,4.606361830040593,65.28788750464759,68.81591621091441,0.2
50,15,5,8.795328152628095,7.460233054206051,3.594525511691932,65.28788750464759,68.81591621091441,0.2
50,15,6,9.479444109173858,13.72186172854042,5.74143313324719,65.28788750464759,68.81591621091441,0.2
50,15,7,8.150285365873485,12.075594806274749,5.095584903831459,65.28788750464759,68.81591621091441,0.2
50,15,8,9.502247340610444,13.80659013136889,5.594674309098305,65.28788750464759,68.81591621091441,0.2
50,15,9,22.521710446339526,28.61007833323816,12.64232317693174,65.28788750464759,68.81591621091441,0.2
50,16,0,15.265941956416818,19.974653951748568,8.183939822000996,73.29093156303728,72.82373495789979,0.2
50,16,1,7.320399647829106,11.38361857907732,4.407173801753195,73.29093156303728,72.82373495789979,0.2
50,16,2,8.593682307715618,12.723615314773005,5.028216700226054,73.29093156303728,72.82373495789979,0.2
50,16,3,17.08926360509536,21.99965298525065,9.113628199488588,73.29093156303728,72.82373495789979,0.2
50,16,4,9.318553012887437,13.568686714031504,5.3840401032542555,73.29093156303728,72.82373495789979,0.2
50,16,5,7.271633834414267,12.139268718441311,5.054167858398012,73.29093156303728,72.82373495789979,0.2
50,16,6,11.614773436423876,8.220522492325768,4.011074971349208,73.29093156303728,72.82373495789979,0.2
50,16,7,10.308238868331351,14.580523473955147,5.814324301301724,73.29093156303728,72.82373495789979,0.2
50,16,8,11.317884061815551,9.6604895678405,4.357262272763986,73.29093156303728,72.82373495789979,0.2
50,16,9,25.575098760588624,31.638857672363063,13.564947322908642,73.29093156303728,72.82373495789979,0.2
50,17,0,16.555902445232963,17.638431760302538,7.501513942674265,70.72711547526809,67.51060787610984,0.2
50,17,1,8.91560068964098,8.530038730328776,3.601054090300211,70.72711547526809,67.51060787610984,0.2
50,17,2,10.171954703117514,7.613690164815123,3.5099687883633224,70.72711547526809,67.51060787610984,0.2
50,17,3,18.436638425325754,19.50892643842992,8.378448134374,70.72711547526809,67.51060787610984,0.2
50,17,4,10.891776412024624,12.008316943405191,4.942757626178574,70.72711547526809,67.51060787610984,0.2
50,17,5,10.22445323712197,11.646589688772089,4.909689607831679,70.72711547526809,67.51060787610984,0.2
50,17,6,8.114302813866049,10.478951963788589,4.75393981000144,70.72711547526809,67.51060787610984,0.2
50,17,7,11.762230418473738,12.882245906605608,5.331533955404258,70.72711547526809,67.51060787610984,0.2
50,17,8,8.814630933898604,10.622397551060004,4.65661242409637,70.72711547526809,67.51060787610984,0.2
50,17,9,27.44154397971723,28.254148879374696,12.53202105030758,70.72711547526809,67.51060787610984,0.2
50,18,0,15.175372220186263,14.409038792711597,6.5113561390247545,61.02015496737421,57.1501605861009,0.2
50,18,1,7.2848409831587055,7.4948103279639415,3.289246303371568,61.02015496737421,57.1501605861009,0.2
50,18,2,7.100577730268241,7.898807307151693,3.6014689799853996,61.02015496737421,57.1501605861009,0.2
50,18,3,16.94938782201656,16.01251917141253,7.296624375084577,61.02015496737421,57.1501605861009,0.2
50,18,4,9.999073166380592,6.61573239453899,3.2563896540896504,61.02015496737421,57.1501605861009,0.2
50,18,5,9.932177404960575,9.83261083469843,4.360969901757094,61.02015496737421,57.1501605861009,0.2
50,18,6,9.617099518902545,9.757430212974038,4.522369065938956,61.02015496737421,57.1501605861009,0.2
50,18,7,10.785557808211996,5.683480413185922,3.0066863592503332,61.02015496737421,57.1501605861009,0.2
50,18,8,9.420208688649607,9.240244442366091,4.22369674427572,61.02015496737421,57.1501605861009,0.2
50,18,9,25.351960359328384,23.198667693247675,10.916607253399,61.02015496737421,57.1501605861009,0.2
50,19,0,13.172308126467243,12.79456841509161,5.991628680568271,52.85825641098939,52.84854016792045,0.2
50,19,1,6.654061747933048,5.931433246819238,2.7923875671352754,52.85825641098939,52.84854016792045,0.2
50,19,2,7.285680294456554,7.579098599200134,3.4987982843529895,52.85825641098939,52.84854016792045,0.2
50,19,3,14.760885827710387,14.259299567944629,6.727736305250066,52.85825641098939,52.84854016792045,0.2
50,19,4,6.587593580764187,7.206992456990171,3.4574798895244028,52.85825641098939,52.84854016792045,0.2
50,19,5,8.822131373203886,5.164179015910457,2.7785345150140843,52.85825641098939,52.84854016792045,0.2
50,19,6,9.148637783936966,9.137884974445459,4.319397424481931,52.85825641098939,52.84854016792045,0.2
50,19,7,6.0824501560166935,7.072910238167669,3.5041022666984123,52.85825641098939,52.84854016792045,0.2
50,19,8,8.54443126139453,8.432064209018943,3.9615764399347464,52.85825641098939,52.84854016792045,0.2
50,19,9,22.084019268363388,20.75889756864754,10.099655387711133,52.85825641098939,52.84854016792045,0.2
50,20,0,12.120912675442215,12.44885416431281,5.877836587227028,53.64061934143328,52.84854016792045,0.2
50,20,1,5.6489291412543094,5.842512399739018,2.7630178627797886,53.64061934143328,52.84854016792045,0.2
50,20,2,7.077980084307798,7.2959519128674435,3.4067792159869,53.64061934143328,52.84854016792045,0.2
50,20,3,13.610039708202363,13.966956996747536,6.630884801164828,53.64061934143328,52.84854016792045,0.2
50,20,4,6.994394020767017,7.21393153249145,3.459809817774995,53.64061934143328,52.84854016792045,0.2
50,20,5,5.620904768583507,5.789956431468958,3.0101462800748324,53.64061934143328,52.84854016792045,0.2
50,20,6,8.738031307325596,9.01867361013806,4.27987468520199,53.64061934143328,52.84854016792045,0.2
50,20,7,7.088709905908635,7.302290906925993,3.5832694024200267,53.64061934143328,52.84854016792045,0.2
50,20,8,8.014168541730143,8.298359691004626,3.9174989202860897,53.64061934143328,52.84854016792045,0.2
50,20,9,20.43134638892469,20.960655220296815,10.1682672765206,53.64061934143328,52.84854016792045,0.2
51,0,0,2.0,2.0,1.4525091696544972,18.14529591642934,18.14529591642934,0.0
51,0,1,2.0,2.0,1.6187122742992757,18.14529591642934,18.14529591642934,0.0
51,0,2,2.0,2.0,1.5904527329116414,18.14529591642934,18.14529591642934,0.0
51,0,3,2.0,2.0,1.750192667814727,18.14529591642934,18.14529591642934,0.0
51,0,4,2.0,2.0,1.3786001371392174,18.14529591642934,18.14529591642934,0.0
51,0,5,2.0,2.0,1.4847715306634937,18.14529591642934,18.14529591642934,0.0
51,0,6,2.0,2.0,1.540358095907959,18.14529591642934,18.14529591642934,0.0
51,0,7,2.0,2.0,1.4615858554629957,18.14529591642934,18.14529591642934,0.0
51,0,8,2.0,2.0,1.3605216131051527,18.14529591642934,18.14529591642934,0.0
51,0,9,2.0,2.0,1.4656991742861702,18.14529591642934,18.14529591642934,0.0
51,1,0,2.9383891666650213,3.537005848258692,2.1649253725764646,18.14529591642934,27.402691892715715,0.0
51,1,1,3.2746138269681824,3.9776759234376855,2.619324110189363,18.14529591642934,27.402691892715715,0.0
51,1,2,3.2174454923351563,3.9027487176286946,2.5395641199400014,18.14529591642934,27.402691892715715,0.0
51,1,3,3.540595324370057,4.326282377082764,3.0036219323639415,18.14529591642934,27.402691892715715,0.0
51,1,4,2.78887307065769,2.7523006756044963,1.7238696915091118,18.14529591642934,27.402691892715715,0.0
51,1,5,3.003655103748517,3.6225461098661507,2.2503412453863096,18.14529591642934,27.402691892715715,0.0
51,1,6,3.1161053137291583,3.7699280491961873,2.4006776079298175,18.14529591642934,27.402691892715715,0.0
51,1,7,2.956751071571452,3.5610717273297,2.1888189471138335,18.14529591642934,27.402691892715715,0.0
51,1,8,2.7523006756044976,3.0368654193999203,1.8225620826295204,18.14529591642934,27.402691892715715,0.0
51,1,9,2.9650722111012837,3.5719777601557245,2.1996823423216414,18.14529591642934,27.402691892715715,0.0
51,2,0,4.379589054800995,4.169139334979187,2.4290159836995966,29.7085489060508,40.38429576222006,0.2
51,2,1,5.298826162450789,7.262783827662807,3.992278642437991,29.7085489060508,40.38429576222006,0.2
51,2,2,5.137473727520701,7.128101509742189,3.8715197829599393,29.7085489060508,40.38429576222006,0.2
51,2,3,6.076250898240475,8.225275439151142,4.709449867592888,29.7085489060508,40.38429576222006,0.2
51,2,4,3.4873446117227846,5.264798144206459,2.7144667588694484,29.7085489060508,40.38429576222006,0.2
51,2,5,4.55238319653119,6.58415537373067,3.4189179969859236,29.7085489060508,40.38429576222006,0.2
51,2,6,4.856509840467452,6.735007955759855,3.6036066335142034,29.7085489060508,40.38429576222006,0.2
51,2,7,4.427925149360873,6.479603245729674,3.328029938607897,29.7085489060508,40.38429576222006,0.2
51,2,8,3.686996812864796,4.734647638112298,2.4870574236129803,29.7085489060508,40.38429576222006,0.2
51,2,9,4.449901522012218,6.227265219100214,3.2458765633051625,29.7085489060508,40.38429576222006,0.2
51,3,0,4.913837655053715,7.7114221970876216,3.735872299455203,44.05642938429546,53.0503214274065,0.2
51,3,1,8.076278317773586,11.136589010606459,5.384869684629357,44.05642938429546,53.0503214274065,0.2
51,3,2,7.8319862114775995,10.935854402259181,5.22392187574693,44.05642938429546,53.0503214274065,0.2
51,3,3,9.527097495142563,12.900500491094753,6.453412929619371,44.05642938429546,53.0503214274065,0.2
51,3,4,5.491297324774589,5.798640427577089,2.904327892646917,44.05642938429546,53.0503214274065,0.2
51,3,5,6.916384291363298,10.085392090447568,4.608117937218029,44.05642938429546,53.0503214274065,0.2
51,3,6,7.290004713263917,10.207241775176925,4.820993876481177,44.05642938429546,53.0503214274065,0.2
51,3,7,6.732520057183808,9.934116104949041,4.488423179844015,44.05642938429546,53.0503214274065,0.2
51,3,8,5.031254014152981,7.649046431491967,3.479441638774893,44.05642938429546,53.0503214274065,0.2
51,3,9,6.566325865065942,6.567602596378649,3.369059277663893,44.05642938429546,53.0503214274065,0.2
51,4,0,7.557574796842262,9.737289376579813,4.398499424753378,53.79896760614792,57.48515582223302,0.2
51,4,1,10.893454634080905,13.13392005213888,6.044003689262053,53.79896760614792,57.48515582223302,0.2
51,4,2,10.567861303657326,12.77563950067498,5.8246203566808825,53.79896760614792,57.48515582223302,0.2
51,4,3,13.055090485191299,15.479689883493068,7.331594592787952,53.79896760614792,57.48515582223302,0.2
51,4,4,5.875381577265164,8.184739587651132,3.6967554913148026,53.79896760614792,57.48515582223302,0.2
51,4,5,9.322105573114582,11.394513810875328,5.019098214670298,53.79896760614792,57.48515582223302,0.2
51,4,6,9.752748192688037,11.88389098508662,5.362555006523371,53.79896760614792,57.48515582223302,0.2
51,4,7,9.079966118354335,6.86367985054416,3.4649202818753206,53.79896760614792,57.48515582223302,0.2
51,4,8,7.0388220818263525,6.068020612458747,2.958812069012464,53.79896760614792,57.48515582223302,0.2
51,4,9,6.8155213682366265,9.213768967812834,4.270020588167778,53.79896760614792,57.48515582223302,0.2
51,5,0,8.89805264523869,9.160307731709342,4.21439201406058,53.134664885289915,52.47767014433659,0.2
51,5,1,12.226865988071836,12.191659215841934,5.737102817704069,53.134664885289915,52.47767014433659,0.2
51,5,2,11.783059077058176,11.64122736890191,5.457564912514016,53.134664885289915,52.47767014433659,0.2
51,5,3,14.831629690126046,14.605145123639085,7.039129852484078,53.134664885289915,52.47767014433659,0.2
51,5,4,7.478442487266822,4.997801028927777,2.617354774212168,53.134664885289915,52.47767014433659,0.2
51,5,5,10.153508238383802,5.679764263583032,3.0829739302755645,53.134664885289915,52.47767014433659,0.2
51,5,6,10.84831260690882,10.858602164722608,5.03433885283953,53.134664885289915,52.47767014433659,0.2
51,5,7,7.009445745559141,7.576193709789076,3.712949852990934,53.134664885289915,52.47767014433659,0.2
51,5,8,5.9856016825367,6.848866374608051,3.2204572125322626,53.134664885289915,52.47767014433659,0.2
51,5,9,8.638143221287411,9.02813734181175,4.209616725596838,53.134664885289915,52.47767014433659,0.2
51,6,0,8.525608028444193,5.018006875182383,2.765475161850076,47.44545896641965,47.504661972385755,0.2
51,6,1,11.606013318039786,11.233947959438376,5.417779783718915,47.44545896641965,47.504661972385755,0.2
51,6,2,11.040515234142616,10.596394079725195,5.109876933440063,47.44545896641965,47.504661972385755,0.2
51,6,3,14.239980947044568,13.567032033326822,6.68504382070938,47.44545896641965,47.504661972385755,0.2
51,6,4,5.294842245776246,6.126374576678572,3.0182819262465865,47.44545896641965,47.504661972385755,0.2
51,6,5,6.23677797503146,6.8988784281708115,3.5325114568669393,47.44545896641965,47.504661972385755,0.2
51,6,6,10.184339662394834,4.1151819493097745,2.552542770666994,47.44545896641965,47.504661972385755,0.2
51,6,7,7.511203269714426,7.408557236495902,3.655248291868318,47.44545896641965,47.504661972385755,0.2
51,6,8,6.514903163925602,6.804493594939526,3.2058375765753415,47.44545896641965,47.504661972385755,0.2
51,6,9,8.515947741140879,8.536379877992605,4.0477665729563865,47.44545896641965,47.504661972385755,0.2
51,7,0,5.594486028748699,7.137083490926444,3.5388522418854813,46.17730809320718,50.007508952332074,0.2
51,7,1,10.960030928853374,11.82955325856533,5.617285578288038,46.17730809320718,50.007508952332074,0.2
51,7,2,10.337151281312238,11.193087244825605,5.309635300282826,46.17730809320718,50.007508952332074,0.2
51,7,3,13.52367389606625,14.34894994678,6.952467182977209,46.17730809320718,50.007508952332074,0.2
51,7,4,6.105907693604035,7.189380886070764,3.3759916615974,46.17730809320718,50.007508952332074,0.2
51,7,5,7.146180976225377,8.248862451674572,4.0032662761936955,46.17730809320718,50.007508952332074,0.2
51,7,6,5.163729208374702,7.164955592552741,3.763138050459621,46.17730809320718,50.007508952332074,0.2
51,7,7,7.394474476778347,8.333064984354856,3.968868160230459,46.17730809320718,50.007508952332074,0.2
51,7,8,6.485328011620973,5.667309394117217,2.8206441162464024,46.17730809320718,50.007508952332074,0.2
51,7,9,8.188528992208019,4.885061682402905,2.7386269808337977,46.17730809320718,50.007508952332074,0.2
51,8,0,7.159008223306417,10.95920330825263,4.777967314105243,53.29293527403128,59.09432772441774,0.2
51,8,1,11.363626085218721,7.5967857130295275,4.11992752457644,53.29293527403128,59.09432772441774,0.2
51,8,2,10.741257384973597,6.2614355856216015,3.535668275583574,53.29293527403128,59.09432772441774,0.2
51,8,3,14.064664567256186,18.419810050294085,8.280650717820524,53.29293527403128,59.09432772441774,0.2
51,8,4,6.829545404900179,10.503818011480654,4.402104545650523,53.29293527403128,59.09432772441774,0.2
51,8,5,8.098506021852538,12.244907358781532,5.278463069056583,53.29293527403128,59.09432772441774,0.2
51,8,6,7.612732718765348,11.774058337332079,5.327813658173822,53.29293527403128,59.09432772441774,0.2
51,8,7,8.028919506729814,12.158585945684337,5.170368331050212,53.29293527403128,59.09432772441774,0.2
51,8,8,5.706091422587944,9.455075601121129,4.0359887999410535,53.29293527403128,59.09432772441774,0.2
51,8,9,5.540172840308273,9.874579211024923,4.482154935371517,53.29293527403128,59.09432772441774,0.2
51,9,0,9.665706549574447,13.661737023016578,5.575091899806391,64.94087377069948,69.77484792545813,0.2
51,9,1,8.3345087649533,13.069042087910127,6.0230891658875345,64.94087377069948,69.77484792545813,0.2
51,9,2,7.152567140328072,12.05882767509031,5.59388240092184,64.94087377069948,69.77484792545813,0.2
51,9,3,16.751546131697378,21.919500658926307,9.352900681846931,64.94087377069948,69.77484792545813,0.2
51,9,4,8.905345713268828,9.55627525409504,4.120210226518564,64.94087377069948,69.77484792545813,0.2
51,9,5,10.678196752758959,15.430230376802534,6.205822103170811,64.94087377069948,69.77484792545813,0.2
51,9,6,10.77803174138428,15.107134851317713,6.343488730583831,64.94087377069948,69.77484792545813,0.2
51,9,7,10.459523842620316,15.270509229930598,6.064580963970198,64.94087377069948,69.77484792545813,0.2
51,9,8,8.164702856470834,8.556708187860751,3.7635626796154376,64.94087377069948,69.77484792545813,0.2
51,9,9,9.067285618955918,13.142447539593785,5.475165139594281,64.94087377069948,69.77484792545813,0.2
51,10,0,11.278269345073864,15.000107142242806,5.952013924966793,72.65039838895952,71.90109453467173,0.2
51,10,1,12.1845564383674,16.81457101723619,7.185032173703616,72.65039838895952,71.90109453467173,0.2
51,10,2,11.316282051683475,16.021238821203365,6.824754534681878,72.65039838895952,71.90109453467173,0.2
51,10,3,18.920680581293723,23.415797770505723,9.795376517838731,72.65039838895952,71.90109453467173,0.2
51,10,4,8.335080663803572,12.3902546058386,4.941667060273046,72.65039838895952,71.90109453467173,0.2
51,10,5,12.554220530356423,8.297803628429438,4.019877712183285,72.65039838895952,71.90109453467173,0.2
51,10,6,12.832716621846123,16.855750095419612,6.8489557006366235,72.65039838895952,71.90109453467173,0.2
51,10,7,12.268493292287953,9.716223266350884,4.419280567441389,72.65039838895952,71.90109453467173,0.2
51,10,8,7.613591732764963,11.686603979673034,4.681297886496252,72.65039838895952,71.90109453467173,0.2
51,10,9,11.076120046603661,14.93151711652802,5.9868255266609145,72.65039838895952,71.90109453467173,0.2
51,11,0,12.040773030797387,7.969466830723741,3.822947843593593,67.98952320238035,64.2207406406917,0.2
51,11,1,14.53513763797599,15.421663527458605,6.7630176256817975,67.98952320238035,64.2207406406917,0.2
51,11,2,13.80630512276031,14.63089825990377,6.404562423986742,67.98952320238035,64.2207406406917,0.2
51,11,3,19.81579796172212,20.120399851587248,8.808672999351028,67.98952320238035,64.2207406406917,0.2
51,11,4,9.996866979246436,7.047518314538951,3.329221338831038,67.98952320238035,64.2207406406917,0.2
51,11,5,8.132110535045504,10.056899927848773,4.599001220135107,67.98952320238035,64.2207406406917,0.2
51,11,6,13.855263466946875,14.46427895100548,6.153305120050676,67.98952320238035,64.2207406406917,0.2
51,11,7,8.940092369201258,10.303175410716541,4.6045066030789865,67.98952320238035,64.2207406406917,0.2
51,11,8,9.470146752246949,10.318928901331532,4.290705257418312,67.98952320238035,64.2207406406917,0.2
51,11,9,12.111196017054056,12.796862793036357,5.373983215527052,67.98952320238035,64.2207406406917,0.2
51,12,0,7.733726411526091,8.295402902231622,3.9317339697799403,57.79872947087927,54.46214843292527,0.2
51,12,1,13.681412923537655,12.905299334144921,5.970164813804731,57.79872947087927,54.46214843292527,0.2
51,12,2,12.956267152756729,12.11729195200656,5.612853023223854,57.79872947087927,54.46214843292527,0.2
51,12,3,17.819721799170818,16.377478674546907,7.62671983377046,57.79872947087927,54.46214843292527,0.2
51,12,4,6.734930229582012,7.172661897113878,3.370494107097198,57.79872947087927,54.46214843292527,0.2
51,12,5,9.303662685956505,8.896043359860899,4.220622000746173,57.79872947087927,54.46214843292527,0.2
51,12,6,12.447980007067443,11.672304819396416,5.295540976387866,57.79872947087927,54.46214843292527,0.2
51,12,7,9.31479993585386,8.688992618612334,4.086786351407038,57.79872947087927,54.46214843292527,0.2
51,12,8,8.679987781935711,6.063252209606568,2.95718430096346,57.79872947087927,54.46214843292527,0.2
51,12,9,10.87143158352691,5.170167574984934,2.849555237164324,57.79872947087927,54.46214843292527,0.2
51,13,0,7.953797982396417,9.373580830728232,4.282839070811864,51.53985704240252,52.57270651487323,0.2
51,13,1,12.077491818011257,13.04614412080672,6.015700182121687,51.53985704240252,52.57270651487323,0.2
51,13,2,11.354659138879688,5.151649215849541,3.0843394466126792,51.53985704240252,52.57270651487323,0.2
51,13,3,15.42866055852234,16.148245284041934,7.551836858702158,51.53985704240252,52.57270651487323,0.2
51,13,4,6.818423991745599,8.16037503609647,3.689048826813572,51.53985704240252,52.57270651487323,0.2
51,13,5,8.538211133311178,9.639569687870742,4.464563330511606,51.53985704240252,52.57270651487323,0.2
51,13,6,10.71274492563107,6.263928394684233,3.4252592489651317,51.53985704240252,52.57270651487323,0.2
51,13,7,8.267465013184971,9.29088755944593,4.282953678836508,51.53985704240252,52.57270651487323,0.2
51,13,8,5.982308749107457,7.6632531443096585,3.4839640805866234,51.53985704240252,52.57270651487323,0.2
51,13,9,5.764577886065189,8.18724707071009,3.9311568646188344,51.53985704240252,52.57270651487323,0.2
51,14,0,8.66407468617684,10.992616279709686,4.788159772143964,54.781638346304334,59.746239674058344,0.2
51,14,1,12.169608711837459,14.742984208337939,6.553275757411251,54.781638346304334,59.746239674058344,0.2
51,14,2,6.239540379906904,9.459632237065673,4.719671226193533,54.781638346304334,59.746239674058344,0.2
51,14,3,15.277174201461554,18.10146338859566,8.180209822998926,54.781638346304334,59.746239674058344,0.2
51,14,4,7.462852100676062,7.571712207134438,3.5006862550077926,54.781638346304334,59.746239674058344,0.2
51,14,5,9.031698249027706,11.654173846219962,5.098890427162012,54.781638346304334,59.746239674058344,0.2
51,14,6,6.929212483093909,9.786539572244287,4.681026590260778,54.781638346304334,59.746239674058344,0.2
51,14,7,8.664306535300453,11.293542990623203,4.91003379245362,54.781638346304334,59.746239674058344,0.2
51,14,8,7.047970866773179,6.759739713638171,3.191063378245833,54.781638346304334,59.746239674058344,0.2
51,14,9,7.9526305133099235,10.401545357374225,4.648280774480786,54.781638346304334,59.746239674058344,0.2
51,15,0,9.686325633369828,9.502729303787527,4.324060248037892,65.66474612368144,69.92838918078809,0.2
51,15,1,13.257110449998812,7.849901113484105,4.2155436739191305,65.66474612368144,69.92838918078809,0.2
51,15,2,9.547775044040842,15.126128706767453,6.555551352673932,65.66474612368144,69.92838918078809,0.2
51,15,3,16.548356751967592,22.43974228776645,9.507741567893897,65.66474612368144,69.92838918078809,0.2
51,15,4,7.081799401001251,12.005333661185254,4.83369545907061,65.66474612368144,69.92838918078809,0.2
51,15,5,10.31492585809195,15.787834454829373,6.30615192639887,65.66474612368144,69.92838918078809,0.2
51,15,6,9.469597926851607,14.666109404265056,6.213283109789446,65.66474612368144,69.92838918078809,0.2
51,15,7,9.932873681710888,15.455147432892394,6.115817835608932,65.66474612368144,69.92838918078809,0.2
51,15,8,6.455440183561398,11.235255062997311,4.553994520499828,65.66474612368144,69.92838918078809,0.2
51,15,9,9.403353973042746,14.198837589656431,5.779640163301738,65.66474612368144,69.92838918078809,0.2
51,16,0,8.747464080976286,13.686383436308343,5.58213040489636,74.47574729739219,74.90689569395313,0.2
51,16,1,8.527937807093956,14.811235540082855,6.574497504408763,74.47574729739219,74.90689569395313,0.2
51,16,2,13.261713921431054,18.391429919739277,7.516758846569717,74.47574729739219,74.90689569395313,0.2
51,16,3,19.233919761894175,24.666404954722697,10.158719366005146,74.47574729739219,74.90689569395313,0.2
51,16,4,9.77844317173534,14.189267620988547,5.433620545101838,74.47574729739219,74.90689569395313,0.2
51,16,5,12.75718521507292,9.551215326186952,4.435878886037352,74.47574729739219,74.90689569395313,0.2
51,16,6,12.56931395728868,17.375764822594956,6.996187649164156,74.47574729739219,74.90689569395313,0.2
51,16,7,12.37214418255591,11.064306129129323,4.840054622239657,74.47574729739219,74.90689569395313,0.2
51,16,8,9.212615275448861,13.469774139332204,5.170549115065883,74.47574729739219,74.90689569395313,0.2
51,16,9,11.692065288033618,16.135728735865897,6.3208553985927844,74.47574729739219,74.90689569395313,0.2
51,17,0,11.292508062142208,12.860547852995833,5.344160769013153,72.75030132281582,69.22636873391366,0.2
51,17,1,13.300041505291238,15.318041215979665,6.731175695141822,72.75030132281582,69.22636873391366,0.2
51,17,2,15.206212273653119,16.561008148038884,6.984905089915248,72.75030132281582,69.22636873391366,0.2
51,17,3,20.550831317202665,21.770904572029252,9.308471964080708,72.75030132281582,69.22636873391366,0.2
51,17,4,10.992076386886785,9.285238822227312,4.0380572822726934,72.75030132281582,69.22636873391366,0.2
51,17,5,8.973670346240006,11.304554908998885,4.991327449228724,72.75030132281582,69.22636873391366,0.2
51,17,6,14.153109960159162,15.507771834260627,6.460784872205642,72.75030132281582,69.22636873391366,0.2
51,17,7,9.791307597348178,11.644852604933392,5.016457434909533,72.75030132281582,69.22636873391366,0.2
51,17,8,10.459889564093373,8.340290502770197,3.6966750209164205,72.75030132281582,69.22636873391366,0.2
51,17,9,12.786929965956135,14.044044048922075,5.735461571811348,72.75030132281582,69.22636873391366,0.2
51,18,0,10.81110153151028,5.910505076030983,3.101238037385194,62.570963006642266,58.045690494764,0.2
51,18,1,13.616997506617004,13.45174043036301,6.146014744481009,62.570963006642266,58.045690494764,0.2
51,18,2,14.130285629296496,13.47597521767718,6.046330913981952,62.570963006642266,58.045690494764,0.2
51,18,3,18.830802413430497,17.71313319567691,8.05696793007414,62.570963006642266,58.045690494764,0.2
51,18,4,8.168887343702796,8.510396203853315,3.7991126025523965,62.570963006642266,58.045690494764,0.2
51,18,5,10.097328685078175,9.949274962464832,4.564493974377223,62.570963006642266,58.045690494764,0.2
51,18,6,13.070003737847683,12.630408175661625,5.596195380254133,62.570963006642266,58.045690494764,0.2
51,18,7,10.148166007985061,9.738744833612527,4.4264485982560275,62.570963006642266,58.045690494764,0.2
51,18,8,7.478279697694279,8.173957640957259,3.6449125774850826,62.570963006642266,58.045690494764,0.2
51,18,9,11.602693119274946,6.875218166567962,3.4787593366321308,62.570963006642266,58.045690494764,0.2
51,19,0,6.27372579993401,7.689853341689156,3.7285547600210758,53.68653316560164,53.26283981117297,0.2
51,19,1,12.433231762414417,12.505332249702313,5.840033351385652,53.68653316560164,53.26283981117297,0.2
51,19,2,12.231573904585005,12.122602854760476,5.614574954997552,53.68653316560164,53.26283981117297,0.2
51,19,3,16.2990415320605,15.891888712078641,7.467714804862313,53.68653316560164,53.26283981117297,0.2
51,19,4,7.685508324147711,6.374863994772374,3.103465822421262,53.68653316560164,53.26283981117297,0.2
51,19,5,9.233855404030338,9.295068318462226,4.352266145498108,53.68653316560164,53.26283981117297,0.2
51,19,6,11.320961150139249,5.340734048743877,3.063524550114669,53.68653316560164,53.26283981117297,0.2
51,19,7,8.954593113521561,8.930968938839975,4.166125416504445,53.68653316560164,53.26283981117297,0.2
51,19,8,7.37356558903572,7.841904488274079,3.540621744881135,53.68653316560164,53.26283981117297,0.2
51,19,9,7.037441801917233,8.18278774609522,3.9296579217031447,53.68653316560164,53.26283981117297,0.2
51,20,0,7.542771600381204,7.766636634140297,3.754576665128709,54.061128392135316,53.26283981117297,0.2
51,20,1,11.814239173963955,12.140966255242866,5.720393958919672,54.061128392135316,53.26283981117297,0.2
51,20,2,11.358142563132889,11.695925827608075,5.4755026510498,54.061128392135316,53.26283981117297,0.2
51,20,3,15.106997422653741,15.512133063115948,7.342347383851046,54.061128392135316,53.26283981117297,0.2
51,20,4,6.278232552491861,6.496853927852555,3.144919201093583,54.061128392135316,53.26283981117297,0.2
51,20,5,8.804523895306325,9.12803480766586,4.297369884124418,54.061128392135316,53.26283981117297,0.2
51,20,6,6.19743237284382,6.376831285641999,3.468359827463201,54.061128392135316,53.26283981117297,0.2
51,20,7,8.427965927221202,8.755237403500193,4.108571821368565,54.061128392135316,53.26283981117297,0.2
51,20,8,7.162587882933659,7.39667876798572,3.398679241938855,54.061128392135316,53.26283981117297,0.2
51,20,9,7.949598189854121,8.185697355735785,3.930635976227956,54.061128392135316,53.26283981117297,0.2
52,0,0,2.0,2.0,1.3594789351329448,17.95785205176011,17.95785205176011,0.0
52,0,1,2.0,2.0,1.4243104593629432,17.95785205176011,17.95785205176011,0.0
52,0,2,2.0,2.0,1.7340087140744793,17.95785205176011,17.95785205176011,0.0
52,0,3,2.0,2.0,1.605045241034482,17.95785205176011,17.95785205176011,0.0
52,0,4,2.0,2.0,1.574331995341375,17.95785205176011,17.95785205176011,0.0
52,0,5,2.0,2.0,1.2883582955455468,17.95785205176011,17.95785205176011,0.0
52,0,6,2.0,2.0,1.4158777422051771,17.95785205176011,17.95785205176011,0.0
52,0,7,2.0,2.0,1.5777753649489203,17.95785205176011,17.95785205176011,0.0
52,0,8,2.0,2.0,1.6709134246634736,17.95785205176011,17.95785205176011,0.0
52,0,9,2.0,2.0,1.3428767224918303,17.95785205176011,17.95785205176011,0.0
52,1,0,2.7501913645434293,3.2711535322435554,1.9184131182903363,17.95785205176011,26.919671257512405,0.0
52,1,1,2.8813438917946828,3.4415999106857336,2.0826482886458915,17.95785205176011,26.919671257512405,0.0
52,1,2,3.507855596912458,4.255817169224607,2.94183528239238,17.95785205176011,26.919671257512405,0.0
52,1,3,3.246965765720299,3.9167636425326893,2.5693036665866757,17.95785205176011,26.919671257512405,0.0
52,1,4,3.1848336495841827,3.836016481938047,2.4836571806500958,17.95785205176011,26.919671257512405,0.0
52,1,5,2.606316116623578,2.8609423875104993,1.6552821804076374,17.95785205176011,26.919671257512405,0.0
52,1,6,2.8642847191163967,3.4194297378101224,2.060973163237868,17.95785205176011,26.919671257512405,0.0
52,1,7,3.1917994988628084,3.8450693290863245,2.49319987360556,17.95785205176011,26.919671257512405,0.0
52,1,8,3.380215428611838,4.089935467311896,2.756985425377519,17.95785205176011,26.919671257512405,0.0
52,1,9,2.716605509950219,2.606316116623578,1.6163451765074197,17.95785205176011,26.919671257512405,0.0
52,2,0,3.8809010240625534,3.830188500410922,2.142424811735456,29.184883485888786,39.34040391974149,0.2
52,2,1,4.213144603270344,5.9045307828077735,3.038879226346394,29.184883485888786,39.34040391974149,0.2
52,2,2,5.951258074295587,8.020506632535973,4.5842842703311515,29.184883485888786,39.34040391974149,0.2
52,2,3,5.197636075211012,7.116628452996932,3.902638154530192,29.184883485888786,39.34040391974149,0.2
52,2,4,5.024375408981389,6.858636865082909,3.7302830890756136,29.184883485888786,39.34040391974149,0.2
52,2,5,3.3485938184062594,4.344243809275665,2.2174589805799485,29.184883485888786,39.34040391974149,0.2
52,2,6,4.169296374966084,5.880282705901474,3.0121979038066455,29.184883485888786,39.34040391974149,0.2
52,2,7,5.043680034512818,6.900183998051868,3.7542798628659746,29.184883485888786,39.34040391974149,0.2
52,2,8,5.577311507444483,7.583047415229765,4.247404192741017,29.184883485888786,39.34040391974149,0.2
52,2,9,3.2698252482429404,4.814723110071689,2.483791121175302,29.184883485888786,39.34040391974149,0.2
52,3,0,4.334070991576078,7.080748589758234,3.2938734365643945,42.91761672519188,51.507603162390375,0.2
52,3,1,6.147575508678977,8.735124829922547,3.997348818632606,42.91761672519188,51.507603162390375,0.2
52,3,2,9.273890670210415,12.494167873321683,6.25209278361785,42.91761672519188,51.507603162390375,0.2
52,3,3,7.894937886975827,10.860406200941595,5.2463653334272955,42.91761672519188,51.507603162390375,0.2
52,3,4,7.546267966171098,10.371061275210074,4.982548845724624,42.91761672519188,51.507603162390375,0.2
52,3,5,4.485863209806835,7.0403956214570815,3.1090922350596117,42.91761672519188,51.507603162390375,0.2
52,3,6,6.093599870699535,6.030080319952366,3.0657089766693484,42.91761672519188,51.507603162390375,0.2
52,3,7,7.594812830199241,10.456235567902416,5.022118142662274,42.91761672519188,51.507603162390375,0.2
52,3,8,8.592390827636903,11.704343543235817,5.7554050532012795,42.91761672519188,51.507603162390375,0.2
52,3,9,5.02464636726273,5.35249895051142,2.674882826166839,42.91761672519188,51.507603162390375,0.2
52,4,0,6.663422320885405,8.500662588109067,3.743418915622709,52.234478499732475,55.862371929896966,0.2
52,4,1,8.086535155468374,5.566741286547918,2.9161132966972096,52.234478499732475,55.862371929896966,0.2
52,4,2,12.647824941950011,14.809119613306674,7.042076641337789,52.234478499732475,55.862371929896966,0.2
52,4,3,10.613263848638285,12.614106501423215,5.825937573223165,52.234478499732475,55.862371929896966,0.2
52,4,4,10.079569793104342,12.035179489930597,5.529579736103411,52.234478499732475,55.862371929896966,0.2
52,4,5,6.289614642387822,6.391804731461728,2.9057089455485294,52.234478499732475,55.862371929896966,0.2
52,4,6,6.201851412294821,8.293750968477205,3.8320436846736583,52.234478499732475,55.862371929896966,0.2
52,4,7,10.159617476026579,12.121896981666628,5.5695946145787785,52.234478499732475,55.862371929896966,0.2
52,4,8,11.64303827570222,13.727955586072989,6.43512603430294,52.234478499732475,55.862371929896966,0.2
52,4,9,5.411220034071487,7.401458757275341,3.356118411157009,52.234478499732475,55.862371929896966,0.2
52,5,0,7.572841409718005,5.2076869067383615,2.656457620773558,51.6346936828604,51.34273825777952,0.2
52,5,1,5.899223150392296,6.54087158349876,3.2645896730391746,51.6346936828604,51.34273825777952,0.2
52,5,2,14.245942226067854,13.592344982599307,6.631875288271453,51.6346936828604,51.34273825777952,0.2
52,5,3,11.785723772675151,11.291674181005456,5.391344927695395,51.6346936828604,51.34273825777952,0.2
52,5,4,11.186199393592506,10.827702185273735,5.135121647869761,51.6346936828604,51.34273825777952,0.2
52,5,5,5.878175412216067,4.698548809681956,2.3425576150702843,51.6346936828604,51.34273825777952,0.2
52,5,6,7.752127067060492,7.704088074455837,3.6392310146342113,51.6346936828604,51.34273825777952,0.2
52,5,7,11.267148476650897,10.867324127675552,5.15952841004631,51.6346936828604,51.34273825777952,0.2
52,5,8,13.018096560325048,12.424008573630982,6.000896978895186,51.6346936828604,51.34273825777952,0.2
52,5,9,6.789342323900451,6.927525012336405,3.2042015088749864,51.6346936828604,51.34273825777952,0.2
52,6,0,5.373946311431875,5.423503361974054,2.7330490453131815,46.41935845347346,46.21181075599967,0.2
52,6,1,6.604182010876102,6.635399059222076,3.2975440015506043,46.41935845347346,46.21181075599967,0.2
52,6,2,13.416115305052159,12.374436216631743,6.210092565966577,46.41935845347346,46.21181075599967,0.2
52,6,3,10.906553886377742,10.129824836800132,4.9967501742235045,46.41935845347346,46.21181075599967,0.2
52,6,4,10.38822069756482,9.762594847399408,4.776073604963149,46.41935845347346,46.21181075599967,0.2
52,6,5,4.738934570752822,4.856640679658766,2.397457087807135,46.41935845347346,46.21181075599967,0.2
52,6,6,7.362071931660258,3.5339416759020987,2.1090473105536853,46.41935845347346,46.21181075599967,0.2
52,6,7,10.437594957687391,9.770921409494878,4.789377150717223,46.41935845347346,46.21181075599967,0.2
52,6,8,12.13966220760779,11.211614331480808,5.584710387710518,46.41935845347346,46.21181075599967,0.2
52,6,9,6.482018288207799,4.1787895307246865,2.249316129011133,46.41935845347346,46.21181075599967,0.2
52,7,0,5.528888818390509,6.627034529248073,3.1446690699858015,44.92058114349346,48.28287091822018,0.2
52,7,1,6.670847780645898,7.756270345154313,3.678245591906676,44.92058114349346,48.28287091822018,0.2
52,7,2,12.562859568152453,13.434183554910195,6.57776226716691,44.92058114349346,48.28287091822018,0.2
52,7,3,10.108298720043434,11.019075080336759,5.2999025086369365,44.92058114349346,48.28287091822018,0.2
52,7,4,9.661875624066923,4.007830548384665,2.5610135168320394,44.92058114349346,48.28287091822018,0.2
52,7,5,4.849994810037891,4.985662143592428,2.441865014716804,44.92058114349346,48.28287091822018,0.2
52,7,6,4.266549154239799,6.073701798162803,3.081216277514505,44.92058114349346,48.28287091822018,0.2
52,7,7,9.688788359310653,10.614411991877738,5.075178624738259,44.92058114349346,48.28287091822018,0.2
52,7,8,11.297727301861782,12.187134301491744,5.920577484963232,44.92058114349346,48.28287091822018,0.2
52,7,9,4.5503094121349745,6.015483760227687,2.9027159540180976,44.92058114349346,48.28287091822018,0.2
52,8,0,6.361585676041408,9.576898466399475,4.069198763525033,51.45499083231417,57.07276330868217,0.2
52,8,1,7.440997430785811,7.0234704083377135,3.4313885395353143,51.45499083231417,57.07276330868217,0.2
52,8,2,13.306646037448894,17.06633750387125,7.777293875634068,51.45499083231417,57.07276330868217,0.2
52,8,3,10.72156819461861,14.185501147315815,6.324956741286414,51.45499083231417,57.07276330868217,0.2
52,8,4,5.180865312769045,9.310497810466495,4.620152985246524,51.45499083231417,57.07276330868217,0.2
52,8,5,4.939830918526254,8.087913120841703,3.4261091555452805,51.45499083231417,57.07276330868217,0.2
52,8,6,6.233222288127889,9.490978736491892,4.211360873962477,51.45499083231417,57.07276330868217,0.2
52,8,7,10.26695748390218,5.800404591457656,3.3246426751322087,51.45499083231417,57.07276330868217,0.2
52,8,8,11.977177910935287,15.607026402824124,7.039747251053523,51.45499083231417,57.07276330868217,0.2
52,8,9,5.872120666350997,8.782369335812415,3.7830609360363217,51.45499083231417,57.07276330868217,0.2
52,9,0,8.23188576950106,7.9947494229151514,3.5860379819494037,62.719304212385076,67.50572539103925,0.2
52,9,1,6.941611882276393,10.869214063098582,4.658245423628765,62.719304212385076,67.50572539103925,0.2
52,9,2,15.733268021687774,20.685625251918143,8.89812158065266,62.719304212385076,67.50572539103925,0.2
52,9,3,12.795226878080008,17.278826631986675,7.2614985387515585,62.719304212385076,67.50572539103925,0.2
52,9,4,9.346452169670412,13.58949938277905,6.020294625229245,62.719304212385076,67.50572539103925,0.2
52,9,5,6.930931822523885,10.70622898965841,4.169281616848207,62.719304212385076,67.50572539103925,0.2
52,9,6,8.519476108995429,12.404769133345695,5.079451733242813,62.719304212385076,67.50572539103925,0.2
52,9,7,6.7256677091852275,11.278064709214638,5.29527331737235,62.719304212385076,67.50572539103925,0.2
52,9,8,14.241229928672961,18.989089241108914,8.075805415657602,62.719304212385076,67.50572539103925,0.2
52,9,9,7.653036210385445,9.03757589620375,3.8596819513561584,62.719304212385076,67.50572539103925,0.2
52,10,0,7.254463777268864,10.684665174274208,4.393231893148578,70.28776112036937,70.2761554549514,0.2
52,10,1,9.423512205236904,12.575495746541042,5.158830357654458,70.28776112036937,70.2761554549514,0.2
52,10,2,18.00067400777738,21.692815688971805,9.199228937610794,70.28776112036937,70.2761554549514,0.2
52,10,3,14.689827152758589,18.081406290355723,7.495987000874279,70.28776112036937,70.2761554549514,0.2
52,10,4,12.178903153577414,15.621270508770598,6.637075712651154,70.28776112036937,70.2761554549514,0.2
52,10,5,8.43435084037128,9.094204411914037,3.719212213706854,70.28776112036937,70.2761554549514,0.2
52,10,6,10.275601873899905,8.027065624376887,3.7453682719403325,70.28776112036937,70.2761554549514,0.2
52,10,7,10.712203458239344,14.400417460938984,6.2832845996593525,70.28776112036937,70.2761554549514,0.2
52,10,8,16.33714928705582,19.89435996545245,8.343416646318401,70.28776112036937,70.2761554549514,0.2
52,10,9,7.808038578741051,10.777426060418271,4.365919112388272,70.28776112036937,70.2761554549514,0.2
52,11,0,8.887396562560541,9.165444510546186,3.9460170590053307,66.45298423898772,62.71511593683746,0.2
52,11,1,10.436182815424308,10.792743173421892,4.635279818583112,66.45298423898772,62.71511593683746,0.2
52,11,2,18.609806544888578,18.446203214558164,8.212306898449611,66.45298423898772,62.71511593683746,0.2
52,11,3,15.164191357270452,15.156926055585789,6.625124951934646,66.45298423898772,62.71511593683746,0.2
52,11,4,13.426635631517989,13.754872742115099,6.071485029331167,66.45298423898772,62.71511593683746,0.2
52,11,5,7.52387186642269,6.43850488726818,2.920553605799538,66.45298423898772,62.71511593683746,0.2
52,11,6,7.576784908048577,8.751792914475722,3.9789884695922795,66.45298423898772,62.71511593683746,0.2
52,11,7,12.710925193748599,13.196631617888125,5.910828236954764,66.45298423898772,62.71511593683746,0.2
52,11,8,16.878520011234198,16.77525618882997,7.404595935180555,66.45298423898772,62.71511593683746,0.2
52,11,9,8.832143500635521,7.1567277357524315,3.2780479031809904,66.45298423898772,62.71511593683746,0.2
52,12,0,7.982692309209088,4.341559974777908,2.3388563517142495,56.44366576288452,52.74303946581382,0.2
52,12,1,9.37705336939485,5.025775448296932,2.7147248778512987,56.44366576288452,52.74303946581382,0.2
52,12,2,16.61328832056372,15.143394651592226,7.152972364051487,56.44366576288452,52.74303946581382,0.2
52,12,3,13.402459546054,12.307681267373923,5.726505073794404,56.44366576288452,52.74303946581382,0.2
52,12,4,12.282460041198354,11.524388030640877,5.36423549700552,56.44366576288452,52.74303946581382,0.2
52,12,5,5.908205782953598,5.946395386846769,2.7624428957937646,56.44366576288452,52.74303946581382,0.2
52,12,6,8.049392635583894,7.928012185595823,3.712955754477361,56.44366576288452,52.74303946581382,0.2
52,12,7,11.957455429776681,11.268332588249947,5.292074307580238,56.44366576288452,52.74303946581382,0.2
52,12,8,14.979309552064164,13.67286588280094,6.417038412762506,56.44366576288452,52.74303946581382,0.2
52,12,9,6.631407668708337,6.939444512575716,3.2080597182036623,56.44366576288452,52.74303946581382,0.2
52,13,0,4.731447008969695,5.555964630051155,2.7796052053735005,49.91299080677544,50.72841543290102,0.2
52,13,1,5.491819492920459,6.397231176070633,3.214238495189706,49.91299080677544,50.72841543290102,0.2
52,13,2,14.470281457144054,14.230365683662075,6.8482801945791065,49.91299080677544,50.72841543290102,0.2
52,13,3,11.584574351218905,11.518521007072776,5.4669359325828255,49.91299080677544,50.72841543290102,0.2
52,13,4,10.851712196481538,10.905531026393957,5.16093152798262,49.91299080677544,50.72841543290102,0.2
52,13,5,5.588351831515075,4.701579146386176,2.343615098228479,49.91299080677544,50.72841543290102,0.2
52,13,6,7.51121520827161,7.782035823484234,3.664966553778116,49.91299080677544,50.72841543290102,0.2
52,13,7,10.705731942662315,10.775700168842793,5.129039255131315,49.91299080677544,50.72841543290102,0.2
52,13,8,12.981505761247483,12.820885417856822,6.1344490609154105,49.91299080677544,50.72841543290102,0.2
52,13,9,6.489823347708252,4.075375678171077,2.21020472654621,49.91299080677544,50.72841543290102,0.2
52,14,0,5.623070747992581,8.641107496735486,3.786605585763874,52.859856232436314,56.56944725923291,0.2
52,14,1,6.502322856653416,9.448657448152636,4.223210605428898,52.859856232436314,56.56944725923291,0.2
52,14,2,13.853896935345636,17.07274290710336,7.779337063249124,52.859856232436314,56.56944725923291,0.2
52,14,3,11.059472569783631,14.06248010544578,6.286510221668273,52.859856232436314,56.56944725923291,0.2
52,14,4,10.44043342964319,5.7918999505132565,3.3139813548539685,52.859856232436314,56.56944725923291,0.2
52,14,5,4.741073832329194,7.666791586880941,3.300237703114972,52.859856232436314,56.56944725923291,0.2
52,14,6,7.414134273846172,4.853793240855827,2.6336717690645126,52.859856232436314,56.56944725923291,0.2
52,14,7,10.375916171505061,13.317410102790976,5.948644498680324,52.859856232436314,56.56944725923291,0.2
52,14,8,12.409834678248462,15.534125570774304,7.016713099088989,52.859856232436314,56.56944725923291,0.2
52,14,9,4.471188038103757,7.594016062602081,3.4170017941049267,52.859856232436314,56.56944725923291,0.2
52,15,0,7.660206946775041,12.050615696264256,4.779230219738089,62.17325831549183,65.91288842765276,0.2
52,15,1,8.543447814851925,12.715030314446523,5.198832754825811,62.17325831549183,65.91288842765276,0.2
52,15,2,15.737401338350399,21.027899986145485,9.000930546776377,62.17325831549183,65.91288842765276,0.2
52,15,3,12.71745054516447,17.525496592397268,7.3339089550213865,62.17325831549183,65.91288842765276,0.2
52,15,4,6.704100128985111,11.731474717454699,5.431529605676021,62.17325831549183,65.91288842765276,0.2
52,15,5,6.676297070509488,6.473242849709751,2.9315748781820465,62.17325831549183,65.91288842765276,0.2
52,15,6,5.327851112025305,10.021651062887255,4.374840780303711,62.17325831549183,65.91288842765276,0.2
52,15,7,12.03395676697966,7.429518878181088,3.9536357693648427,62.17325831549183,65.91288842765276,0.2
52,15,8,14.194632424154625,19.27398271302935,8.160428743980358,62.17325831549183,65.91288842765276,0.2
52,15,9,6.912507861593156,10.728121656332466,4.351928301135324,62.17325831549183,65.91288842765276,0.2
52,16,0,9.66826137560075,7.939145325490771,3.5685608936448725,70.19912341306629,70.29843025702296,0.2
52,16,1,10.517106649121617,14.02533320097513,5.568303492995114,70.19912341306629,70.29843025702296,0.2
52,16,2,18.208653935618955,22.656870750427142,9.483534483517182,70.19912341306629,70.29843025702296,0.2
52,16,3,14.836311586155713,18.88438923092456,7.7274880396450065,70.19912341306629,70.29843025702296,0.2
52,16,4,10.987846469523552,15.050978065469652,6.466520084187586,70.19912341306629,70.29843025702296,0.2
52,16,5,5.93050153712039,9.700974760331217,3.8912257165530177,70.19912341306629,70.29843025702296,0.2
52,16,6,8.850191808280659,12.543123278605762,5.119042570072373,70.19912341306629,70.29843025702296,0.2
52,16,7,7.99810476680457,12.591895880946685,5.719893736601531,70.19912341306629,70.29843025702296,0.2
52,16,8,16.508340131413703,20.780264744581434,8.601787405784277,70.19912341306629,70.29843025702296,0.2
52,16,9,8.80384044473929,6.953126798859122,3.2124860717329575,70.19912341306629,70.29843025702296,0.2
52,17,0,7.219108071424268,9.007522827839223,3.898299890482346,68.27451513428848,64.60536144525446,0.2
52,17,1,11.264536570472577,6.880010651552992,3.3821747580984427,68.27451513428848,64.60536144525446,0.2
52,17,2,19.184949444890254,20.17726167381504,8.744476945413794,68.27451513428848,64.60536144525446,0.2
52,17,3,15.632512080200836,16.647179204486758,7.074646423484364,68.27451513428848,64.60536144525446,0.2
52,17,4,13.081605926052994,14.509602931797712,6.30280969267711,68.27451513428848,64.60536144525446,0.2
52,17,5,7.8718508147438895,6.117725690481693,2.8179200112988174,68.27451513428848,64.60536144525446,0.2
52,17,6,10.355693131476512,11.573541516428454,4.83872732753243,68.27451513428848,64.60536144525446,0.2
52,17,7,11.57119978395932,13.359239823776646,5.961717546891852,68.27451513428848,64.60536144525446,0.2
52,17,8,17.401197496828402,18.394979729253457,7.89809713912586,68.27451513428848,64.60536144525446,0.2
52,17,9,6.49877774849968,8.624326135248173,3.73527661369639,68.27451513428848,64.60536144525446,0.2
52,18,0,7.8861616889685155,8.044580873057775,3.601669690652608,58.39421819971048,53.79453023402817,0.2
52,18,1,6.842053652114499,8.237639028127978,3.836591821671339,58.39421819971048,53.79453023402817,0.2
52,18,2,17.689854812185335,16.73328579127893,7.6707378112445594,58.39421819971048,53.79453023402817,0.2
52,18,3,14.311830068306332,4.247326589740098,2.7192381263446026,58.39421819971048,53.79453023402817,0.2
52,18,4,12.750423961123095,12.621593012878748,5.716829570519835,58.39421819971048,53.79453023402817,0.2
52,18,5,5.7005806274521404,6.646730342941131,2.9863541082229133,58.39421819971048,53.79453023402817,0.2
52,18,6,9.788622513859433,5.464017357157134,2.861298761405176,58.39421819971048,53.79453023402817,0.2
52,18,7,12.06040321154784,12.146676380052718,5.5775618697348355,58.39421819971048,53.79453023402817,0.2
52,18,8,15.977649956176009,15.1669419326951,6.9001982422906245,58.39421819971048,53.79453023402817,0.2
52,18,9,7.556369739678424,8.218465571805723,3.6113424007393644,58.39421819971048,53.79453023402817,0.2
52,19,0,7.286086327039674,4.69879071620663,2.471961810969598,49.75462961884532,50.08423667693104,0.2
52,19,1,7.761327832716018,7.84086571367699,3.70628214791874,49.75462961884532,50.08423667693104,0.2
52,19,2,15.517707809204525,14.653703347617439,6.9902620275173595,49.75462961884532,50.08423667693104,0.2
52,19,3,5.5009496800175555,7.036583691412097,3.87185942895658,49.75462961884532,50.08423667693104,0.2
52,19,4,11.565001053784375,11.174419007423214,5.2496795156794,49.75462961884532,50.08423667693104,0.2
52,19,5,6.041318528484804,6.016212979758954,2.7851071152946902,49.75462961884532,50.08423667693104,0.2
52,19,6,5.788334737401278,6.473806338669454,3.2219333345851915,49.75462961884532,50.08423667693104,0.2
52,19,7,11.283266031519195,10.939562710851082,5.183512466671992,49.75462961884532,50.08423667693104,0.2
52,19,8,13.958925827511742,13.212816845601608,6.265125020541185,49.75462961884532,50.08423667693104,0.2
52,19,9,7.305653973926184,5.285294953372556,2.6513289196393877,49.75462961884532,50.08423667693104,0.2
52,20,0,5.000715973098108,5.194401031198256,2.651711786221292,50.83488524105478,50.08423667693104,0.2
52,20,1,7.497714671666322,7.732813130757355,3.670455196678261,50.83488524105478,50.08423667693104,0.2
52,20,2,14.141122578036926,14.52972459074045,6.9488101493336,50.83488524105478,50.08423667693104,0.2
52,20,3,7.832673306704179,8.060621323832063,4.258182244136759,50.83488524105478,50.08423667693104,0.2
52,20,4,10.619968355177305,10.91834160408286,5.165174513430671,50.83488524105478,50.08423667693104,0.2
52,20,5,5.634200972053223,5.858118140768169,2.7336716526844063,50.83488524105478,50.08423667693104,0.2
52,20,6,6.517889321355529,6.729892805429958,3.3106285839062335,50.83488524105478,50.08423667693104,0.2
52,20,7,10.486114095214315,10.785858289115305,5.132423334380724,50.83488524105478,50.08423667693104,0.2
52,20,8,12.674188826318499,13.03547492245236,6.20614262883757,50.83488524105478,50.08423667693104,0.2
52,20,9,5.363571079270487,5.5272887654471665,2.7357326703208185,50.83488524105478,50.08423667693104,0.2
53,0,0,2.0,2.0,1.6857540331699086,18.298670451254537,18.298670451254537,0.0
53,0,1,2.0,2.0,1.400927785412362,18.298670451254537,18.298670451254537,0.0
53,0,2,2.0,2.0,1.585301374412141,18.298670451254537,18.298670451254537,0.0
53,0,3,2.0,2.0,1.476334358545086,18.298670451254537,18.298670451254537,0.0
53,0,4,2.0,2.0,1.4508217063826148,18.298670451254537,18.298670451254537,0.0
53,0,5,2.0,2.0,1.5301297755479508,18.298670451254537,18.298670451254537,0.0
53,0,6,2.0,2.0,1.7598139801218549,18.298670451254537,18.298670451254537,0.0
53,0,7,2.0,2.0,1.8426305596433283,18.298670451254537,18.298670451254537,0.0
53,0,8,2.0,2.0,1.4977646250451844,18.298670451254537,18.298670451254537,0.0
53,0,9,2.0,2.0,1.5154844417101168,18.298670451254537,18.298670451254537,0.0
53,1,0,3.4102376027729817,4.1400775536105385,2.805298916903738,18.298670451254537,28.404380080587256,0.0
53,1,1,2.834041336148586,3.12920303114538,1.9164538769363912,18.298670451254537,28.404380080587256,0.0
53,1,2,3.2070244248990454,3.875038419941918,2.5187441112718183,18.298670451254537,28.404380080587256,0.0
53,1,3,2.9865869187979786,3.587534596339782,2.2223937073426008,18.298670451254537,28.404380080587256,0.0
53,1,4,2.9349754713157354,2.834041336148587,1.8517287689693978,18.298670451254537,28.404380080587256,0.0
53,1,5,3.0954136813684654,3.7294710158840676,2.3667933198938096,18.298670451254537,28.404380080587256,0.0
53,1,6,3.560058994853521,4.335480885114396,3.0246272428665764,18.298670451254537,28.404380080587256,0.0
53,1,7,3.7275948322651593,4.553988137796467,3.277869046198577,18.298670451254537,28.404380080587256,0.0
53,1,8,3.029939803749205,3.6440772437690585,2.279469963760617,18.298670451254537,28.404380080587256,0.0
53,1,9,3.065786542903294,3.6908300616209524,2.3271121823327467,18.298670451254537,28.404380080587256,0.0
53,2,0,5.675048473978176,7.839690720332137,4.386139713880778,30.794526248514213,42.42860515248362,0.2
53,2,1,3.876937528554511,5.9569517767903095,3.0075413778148943,30.794526248514213,42.42860515248362,0.2
53,2,2,5.09535537866717,7.108698772167233,3.8516242935735674,30.794526248514213,42.42860515248362,0.2
53,2,3,4.495846036740229,4.970730233072343,2.7922729303931604,30.794526248514213,42.42860515248362,0.2
53,2,4,3.7460002787010893,5.601412103862054,2.9833301385394395,30.794526248514213,42.42860515248362,0.2
53,2,5,4.787962786193884,6.819613082280476,3.611096414804271,30.794526248514213,42.42860515248362,0.2
53,2,6,6.118744107999735,8.401115246436966,4.805976315003849,30.794526248514213,42.42860515248362,0.2
53,2,7,6.6310458455746275,9.025127075079038,5.290961489227796,30.794526248514213,42.42860515248362,0.2
53,2,8,4.611309854137256,4.365265830348683,2.586604681033507,30.794526248514213,42.42860515248362,0.2
53,2,9,4.707688852530452,6.772452194181291,3.5592020990313338,30.794526248514213,42.42860515248362,0.2
53,3,0,8.873049263993396,12.237339724785373,5.990376543947333,46.28662730137924,56.320056378771866,0.2
53,3,1,6.084179836861325,7.217482164852681,3.4400500050175125,46.28662730137924,56.320056378771866,0.2
53,3,2,7.791738141654867,10.904118055367515,5.196419700105601,46.28662730137924,56.320056378771866,0.2
53,3,3,5.64869723403598,8.569501905010156,4.088204726101983,46.28662730137924,56.320056378771866,0.2
53,3,4,6.035201114602757,8.86870223730578,4.115239347470872,46.28662730137924,56.320056378771866,0.2
53,3,5,7.305156350625807,10.447125428154695,4.867489637676247,46.28662730137924,56.320056378771866,0.2
53,3,6,9.72236804716014,13.285504641734638,6.623848722152985,46.28662730137924,56.320056378771866,0.2
53,3,7,10.703480739393106,14.457208455008043,7.358281236814495,46.28662730137924,56.320056378771866,0.2
53,3,8,5.232635588112522,8.431452307344468,4.100664546787062,46.28662730137924,56.320056378771866,0.2
53,3,9,7.200175467568825,6.2698216424916,3.372167324369365,46.28662730137924,56.320056378771866,0.2
53,4,0,12.118379634853548,14.584415390160613,6.773225397056421,57.114845059782326,62.20787048335232,0.2
53,4,1,6.9591338070064035,9.294384036785711,4.106285875950765,57.114845059782326,62.20787048335232,0.2
53,4,2,10.512225100697298,12.827318677068801,5.822184425825088,57.114845059782326,62.20787048335232,0.2
53,4,3,8.270334349176077,10.54194806456276,4.726159135953442,57.114845059782326,62.20787048335232,0.2
53,4,4,8.32502470171556,8.11942724341375,3.8686623225394694,57.114845059782326,62.20787048335232,0.2
53,4,5,9.846807936919417,7.034171131270964,3.690254515529146,57.114845059782326,62.20787048335232,0.2
53,4,6,13.399877765612986,15.976621868886786,7.53676954831223,57.114845059782326,62.20787048335232,0.2
53,4,7,14.885616093338143,17.581877036854426,8.43845501390139,57.114845059782326,62.20787048335232,0.2
53,4,8,8.29554025002993,10.687812396744222,4.841107732910188,57.114845059782326,62.20787048335232,0.2
53,4,9,6.8218088677992075,9.636970744726687,4.556054007938252,57.114845059782326,62.20787048335232,0.2
53,5,0,13.702062985822717,13.48594673371764,6.411951348421327,57.49996332239298,58.33223737990689,0.2
53,5,1,8.306912056185762,7.119705225771231,3.407361101544978,57.49996332239298,58.33223737990689,0.2
53,5,2,11.778131250792464,11.710230878523772,5.462439747130017,57.49996332239298,58.33223737990689,0.2
53,5,3,9.560899920737734,6.2871002661446695,3.291387388509294,57.49996332239298,58.33223737990689,0.2
53,5,4,7.826205641606444,8.415365166610737,3.9668348852064477,57.49996332239298,58.33223737990689,0.2
53,5,5,7.465291178331631,8.387248832604353,4.173889419119373,57.49996332239298,58.33223737990689,0.2
53,5,6,15.246693415146742,14.893759281002943,7.175444302832094,57.49996332239298,58.33223737990689,0.2
53,5,7,17.070780215546577,16.597838577598154,8.105006139890437,57.49996332239298,58.33223737990689,0.2
53,5,8,9.793438013493038,9.737914589044939,4.535746193290249,57.49996332239298,58.33223737990689,0.2
53,5,9,9.216781566240256,9.382307629231317,4.47143841099523,57.49996332239298,58.33223737990689,0.2
53,6,0,12.971214759261034,12.550916849267859,6.097418822553743,52.738617538006366,53.36860836539184,0.2
53,6,1,6.893004985350357,6.8913235834967335,3.3304782512703146,52.738617538006366,53.36860836539184,0.2
53,6,2,11.050376900784178,5.0835789311572075,3.0458572045997387,52.738617538006366,53.36860836539184,0.2
53,6,3,6.658393108798122,7.6315307744776915,3.769570691186801,52.738617538006366,53.36860836539184,0.2
53,6,4,8.024806242987163,8.314761555389861,3.933579275985632,52.738617538006366,53.36860836539184,0.2
53,6,5,8.443672307359986,8.746408190286779,4.298214537031038,52.738617538006366,53.36860836539184,0.2
53,6,6,14.51574161866758,13.89976883503438,6.8367715907599935,52.738617538006366,53.36860836539184,0.2
53,6,7,16.39622161068524,15.586964326893463,7.756224153584473,52.738617538006366,53.36860836539184,0.2
53,6,8,9.175699372883415,6.0863675478807275,3.2641739514296844,52.738617538006366,53.36860836539184,0.2
53,6,9,9.04560636226725,8.953232280432028,4.327293790496553,52.738617538006366,53.36860836539184,0.2
53,7,0,12.334923446351159,13.193967384728367,6.31445677623,51.87740673593191,56.28332759878945,0.2
53,7,1,6.737472931529908,5.841246941147036,2.9665293443039236,51.87740673593191,56.28332759878945,0.2
53,7,2,6.1616917814937855,8.039954838733863,4.198250667211831,51.87740673593191,56.28332759878945,0.2
53,7,3,7.625745787612474,8.747490882023266,4.147459741508543,51.87740673593191,56.28332759878945,0.2
53,7,4,7.957530989992695,6.5163089621927925,3.316608542479529,51.87740673593191,56.28332759878945,0.2
53,7,5,8.695178863909218,9.70067741210272,4.621348425933898,51.87740673593191,56.28332759878945,0.2
53,7,6,13.830615322057392,14.65856071276437,7.095936126400017,51.87740673593191,56.28332759878945,0.2
53,7,7,15.690644509004615,16.483888326758642,8.066015220110637,51.87740673593191,56.28332759878945,0.2
53,7,8,6.603341016616518,7.98914215494719,3.94886854131466,51.87740673593191,56.28332759878945,0.2
53,7,9,8.754005455260858,9.671343161972127,4.567423063349322,51.87740673593191,56.28332759878945,0.2
53,8,0,12.773985715396355,7.080516884660511,4.084309874584592,59.98106679515986,66.15376656530157,0.2
53,8,1,6.001213534486652,10.14408530933982,4.365598353987636,59.98106679515986,66.15376656530157,0.2
53,8,2,8.49295449364618,12.570035978433282,5.740191796734663,59.98106679515986,66.15376656530157,0.2
53,8,3,8.39020574068173,8.639294649283919,4.1114832993320665,59.98106679515986,66.15376656530157,0.2
53,8,4,6.709414862839479,10.489527480779774,4.6283073923419265,59.98106679515986,66.15376656530157,0.2
53,8,5,9.348870515825162,13.20497555103851,5.734870169281058,59.98106679515986,66.15376656530157,0.2
53,8,6,14.354898596695554,18.667448963621325,8.404371615824717,59.98106679515986,66.15376656530157,0.2
53,8,7,16.317343970066613,20.860096798095295,9.511274069889547,59.98106679515986,66.15376656530157,0.2
53,8,8,7.988460785513209,11.926125595023086,5.2272363482067465,59.98106679515986,66.15376656530157,0.2
53,8,9,9.239780876642579,13.130113591779054,5.657420026997747,59.98106679515986,66.15376656530157,0.2
53,9,0,8.262455163458306,14.618693945371337,6.7843651117630355,72.6987440149595,77.2953842346532,0.2
53,9,1,8.831494614536046,14.250724256921933,5.538352677628541,72.6987440149595,77.2953842346532,0.2
53,9,2,11.612262244180274,16.875736560831587,7.054638354741634,72.6987440149595,77.2953842346532,0.2
53,9,3,8.317426311708035,13.343883760911877,5.573927368371463,72.6987440149595,77.2953842346532,0.2
53,9,4,9.36294832815966,14.116060972984101,5.69760733683168,72.6987440149595,77.2953842346532,0.2
53,9,5,11.601496726973647,9.75283494020683,4.638727718900427,72.6987440149595,77.2953842346532,0.2
53,9,6,17.001830366716742,23.053501888783817,9.742302271086286,72.6987440149595,77.2953842346532,0.2
53,9,7,19.2410659237306,25.669195178203516,10.997800799241487,72.6987440149595,77.2953842346532,0.2
53,9,8,10.574566397279183,15.816249107974281,6.369348611122519,72.6987440149595,77.2953842346532,0.2
53,9,9,11.444817055824942,11.251234228327085,5.077741657993271,72.6987440149595,77.2953842346532,0.2
53,10,0,13.724598345803571,18.159557078280436,7.896722680149651,80.48086990134969,80.62158337043209,0.2
53,10,1,11.203946831526657,11.403118225275449,4.738177116569735,80.48086990134969,80.62158337043209,0.2
53,10,2,14.27135425330441,18.04782554987184,7.394150029425703,80.48086990134969,80.62158337043209,0.2
53,10,3,11.27591352755194,14.861047271747633,6.010330046127676,80.48086990134969,80.62158337043209,0.2
53,10,4,11.526114963143163,10.190516122954834,4.535554333996835,80.48086990134969,80.62158337043209,0.2
53,10,5,9.384028384184292,13.818580888098845,5.920135963374185,80.48086990134969,80.62158337043209,0.2
53,10,6,19.708430108255563,23.9228214207714,9.998030225181601,80.48086990134969,80.62158337043209,0.2
53,10,7,22.24827174985611,26.693855794578703,11.303298315322447,80.48086990134969,80.62158337043209,0.2
53,10,8,12.88503050351629,16.51966168229842,6.566340148374357,80.48086990134969,80.62158337043209,0.2
53,10,9,10.272142435093999,14.464245017930812,6.05393180030622,80.48086990134969,80.62158337043209,0.2
53,11,0,15.974869460568756,17.25354208384038,7.618824991058112,76.23559903574788,71.96725222046308,0.2
53,11,1,9.585211990352072,10.643480505545297,4.514953900546223,76.23559903574788,71.96725222046308,0.2
53,11,2,14.958177749974844,15.918273338134242,6.772016532427279,76.23559903574788,71.96725222046308,0.2
53,11,3,12.158745063085366,8.157747184599877,3.949688992313285,76.23559903574788,71.96725222046308,0.2
53,11,4,9.175311246404718,11.195721981756414,4.844283166667034,76.23559903574788,71.96725222046308,0.2
53,11,5,11.976284723972197,13.352703141961015,5.779705436603028,76.23559903574788,71.96725222046308,0.2
53,11,6,20.225761265693848,20.84385765272879,9.078841528035486,76.23559903574788,71.96725222046308,0.2
53,11,7,22.866285467393524,23.3742445718231,10.299913591630121,76.23559903574788,71.96725222046308,0.2
53,11,8,13.283539381173272,9.30819904959867,4.39469293243453,76.23559903574788,71.96725222046308,0.2
53,11,9,12.246950304609795,13.35202741630183,5.724183348726732,76.23559903574788,71.96725222046308,0.2
53,12,0,15.412689492188896,14.644381968035628,6.792707971736572,64.77059747918034,61.694786029819966,0.2
53,12,1,9.133637092640662,7.631133481793187,3.576902375940091,64.77059747918034,61.694786029819966,0.2
53,12,2,13.699617483374647,6.444105347971798,3.5958757863213426,64.77059747918034,61.694786029819966,0.2
53,12,3,7.990120537049726,8.899490021796245,4.1977765247282015,64.77059747918034,61.694786029819966,0.2
53,12,4,9.799861835349388,9.81609990516933,4.41825041134274,64.77059747918034,61.694786029819966,0.2
53,12,5,11.692197334264646,11.189756082464013,5.1071863341334165,64.77059747918034,61.694786029819966,0.2
53,12,6,18.366265872313615,17.030421043905232,7.8814030226358724,64.77059747918034,61.694786029819966,0.2
53,12,7,20.836463650298892,19.21008768887895,8.978169819892758,64.77059747918034,61.694786029819966,0.2
53,12,8,8.890352207935871,9.262538423332543,4.379591334616988,64.77059747918034,61.694786029819966,0.2
53,12,9,11.579877560362537,10.916075493164973,4.9713810959545635,64.77059747918034,61.694786029819966,0.2
53,13,0,13.741475739679904,14.280502058374976,6.674114356808376,58.384410893276666,59.58639269472622,0.2
53,13,1,7.235982678292345,8.027325546204056,3.7059057096198393,58.384410893276666,59.58639269472622,0.2
53,13,2,7.27436540570206,9.246648633346146,4.629988237617858,58.384410893276666,59.58639269472622,0.2
53,13,3,8.491995315441692,9.552188779816635,4.410986798224456,58.384410893276666,59.58639269472622,0.2
53,13,4,8.938008389572431,7.133339458810509,3.533442852771022,58.384410893276666,59.58639269472622,0.2
53,13,5,10.331708267237246,10.973659137436094,5.037943535252599,58.384410893276666,59.58639269472622,0.2
53,13,6,15.943878182430241,16.27365134890564,7.634582133020419,58.384410893276666,59.58639269472622,0.2
53,13,7,18.162609563096222,18.368088082880703,8.700857179049367,58.384410893276666,59.58639269472622,0.2
53,13,8,8.859802059025657,9.754418484011627,4.541125879380463,58.384410893276666,59.58639269472622,0.2
53,13,9,10.056977718902031,6.173127233063389,3.3356781867934764,58.384410893276666,59.58639269472622,0.2
53,14,0,13.50156386812625,16.793716060879177,7.476115025585913,62.090016500099395,66.83896638259296,0.2
53,14,1,7.496953146546539,10.653319625806322,4.517875117140984,62.090016500099395,66.83896638259296,0.2
53,14,2,9.366348635471187,12.70505366883431,5.783282298057331,62.090016500099395,66.83896638259296,0.2
53,14,3,8.923314284678973,7.373432423088666,3.6798703960430372,62.090016500099395,66.83896638259296,0.2
53,14,4,7.148065166488412,10.300691276461333,4.569824349590257,62.090016500099395,66.83896638259296,0.2
53,14,5,10.191631843382824,8.457472416178284,4.198321397663483,62.090016500099395,66.83896638259296,0.2
53,14,6,15.444565790257744,18.8915342402408,8.474865750603493,62.090016500099395,66.83896638259296,0.2
53,14,7,17.601613132466245,21.218829509862402,9.625477184561767,62.090016500099395,66.83896638259296,0.2
53,14,8,9.18658234123762,12.30413390173111,5.3426694606299,62.090016500099395,66.83896638259296,0.2
53,14,9,6.7479922690513705,10.435005563459459,4.81698578452799,62.090016500099395,66.83896638259296,0.2
53,15,0,15.123990855870892,20.51768644528821,8.60127993706034,73.46008355715685,77.38730543369826,0.2
53,15,1,9.13954663963345,8.871170055792483,3.974489785629377,73.46008355715685,77.38730543369826,0.2
53,15,2,11.699433234159503,16.662751822449415,6.992195254714184,73.46008355715685,77.38730543369826,0.2
53,15,3,7.444284368295041,12.284701530040335,5.260402272311545,73.46008355715685,77.38730543369826,0.2
53,15,4,9.244638617732159,13.728074496285654,5.587528955477571,73.46008355715685,77.38730543369826,0.2
53,15,5,8.493097579553814,13.679979682604145,5.878507628015423,73.46008355715685,77.38730543369826,0.2
53,15,6,17.14443821131758,22.915470368476072,9.701433470441792,73.46008355715685,77.38730543369826,0.2
53,15,7,19.472095924754328,25.61890088836334,10.982712577932983,73.46008355715685,77.38730543369826,0.2
53,15,8,10.808084652519735,10.173187475395837,4.676732238801949,73.46008355715685,77.38730543369826,0.2
53,15,9,9.744639924444163,14.876795712496728,6.174290579358855,73.46008355715685,77.38730543369826,0.2
53,16,0,17.400170900486025,9.471574486823693,5.006897903825637,82.41970780430412,82.42526245089044,0.2
53,16,1,8.040291912161964,13.782398488236929,5.410309547839557,82.41970780430412,82.42526245089044,0.2
53,16,2,14.14503344756569,19.33010954657378,7.758090828854292,82.41970780430412,82.42526245089044,0.2
53,16,3,10.64166021956132,15.645892447098293,6.230802256834801,82.41970780430412,82.42526245089044,0.2
53,16,4,11.303429192882673,11.487665385747324,4.932365955658481,82.41970780430412,82.42526245089044,0.2
53,16,5,11.892071658609188,17.242160618995797,6.912282035057611,82.41970780430412,82.42526245089044,0.2
53,16,6,19.62575356233266,25.46496795202047,10.444940257157585,82.41970780430412,82.42526245089044,0.2
53,16,7,22.217748661284006,28.386161613703734,11.800269942974122,82.41970780430412,82.42526245089044,0.2
53,16,8,9.460910562896807,15.178851431362942,6.188562895881363,82.41970780430412,82.42526245089044,0.2
53,16,9,12.4904330583644,17.75288946185639,6.9874517092702355,82.41970780430412,82.42526245089044,0.2
53,17,0,10.128827319347383,14.011822092410208,6.585965336050941,80.05221180723045,76.17789557345223,0.2
53,17,1,10.944918831361031,10.7077478759433,4.534020169593451,80.05221180723045,76.17789557345223,0.2
53,17,2,15.694420745675,17.25250239640382,7.164523419808649,80.05221180723045,76.17789557345223,0.2
53,17,3,12.604754746897965,14.248123112826052,5.835715235317312,80.05221180723045,76.17789557345223,0.2
53,17,4,9.978051080793996,12.247643518142743,5.158575886544289,80.05221180723045,76.17789557345223,0.2
53,17,5,13.983371033435768,15.522144784022514,6.4220470118147155,80.05221180723045,76.17789557345223,0.2
53,17,6,21.129848912000764,22.572788575344227,9.599650377553667,80.05221180723045,76.17789557345223,0.2
53,17,7,23.871646450538933,25.295786819820396,10.885565802273863,80.05221180723045,76.17789557345223,0.2
53,17,8,12.519305592272694,14.212951884742125,5.910191760257758,80.05221180723045,76.17789557345223,0.2
53,17,9,14.135437375585367,9.413683105555252,4.48190025797752,80.05221180723045,76.17789557345223,0.2
53,18,0,13.323240637500868,13.792703616851226,6.513700611308401,68.85417179935426,64.31675467927202,0.2
53,18,1,9.17220767077369,8.96689383514876,4.004461951415946,68.85417179935426,64.31675467927202,0.2
53,18,2,14.493648949624987,14.0340162208564,6.200378777351369,68.85417179935426,64.31675467927202,0.2
53,18,3,11.805503734807568,7.8748490789164105,3.8533042164926425,68.85417179935426,64.31675467927202,0.2
53,18,4,10.435668026830218,10.662350585512478,4.681554876567512,68.85417179935426,64.31675467927202,0.2
53,18,5,12.991638029946813,6.758276970226004,3.588330692105445,68.85417179935426,64.31675467927202,0.2
53,18,6,19.41984894999671,18.306932749971054,8.290422748087554,68.85417179935426,64.31675467927202,0.2
53,18,7,22.02122320097239,20.62463361520496,9.43599369911634,68.85417179935426,64.31675467927202,0.2
53,18,8,11.956167853580686,11.57328989755866,5.118495835896275,68.85417179935426,64.31675467927202,0.2
53,18,9,9.066770413054881,9.968365496126262,4.665167618725935,68.85417179935426,64.31675467927202,0.2
53,19,0,13.177050934363908,13.388638425476776,6.379530228642476,59.486648427484425,59.33699873621308,0.2
53,19,1,8.100924842465387,8.160321591343433,3.748779048258608,59.486648427484425,59.33699873621308,0.2
53,19,2,12.543208820445992,12.532727334262614,5.728260409320453,59.486648427484425,59.33699873621308,0.2
53,19,3,7.795136583061897,8.815734517101635,4.170082838873141,59.486648427484425,59.33699873621308,0.2
53,19,4,9.470666636635363,7.04489403160113,3.5027179914270166,59.486648427484425,59.33699873621308,0.2
53,19,5,7.259101871695776,8.618558696093952,4.2541374723708305,59.486648427484425,59.33699873621308,0.2
53,19,6,16.771314700786544,16.34119445525765,7.656749257375749,59.486648427484425,59.33699873621308,0.2
53,19,7,19.088775645249854,18.45896668769932,8.730968931954788,59.486648427484425,59.33699873621308,0.2
53,19,8,10.354587102121481,6.122255409694706,3.2776349548377213,59.486648427484425,59.33699873621308,0.2
53,19,9,9.43751563014327,9.81417831320113,4.614538208113258,59.486648427484425,59.33699873621308,0.2
53,20,0,12.905627657217483,13.2582817959514,6.335987068863117,60.22632511624885,59.33699873621308,0.2
53,20,1,7.5836848219306505,7.894830525642708,3.662981457266497,60.22632511624885,59.33699873621308,0.2
53,20,2,11.58812535041489,11.9113850797609,5.527954054091484,60.22632511624885,59.33699873621308,0.2
53,20,3,8.4359716921823,8.680616155475517,4.1252390209331065,60.22632511624885,59.33699873621308,0.2
53,20,4,7.085909552185485,7.294551281930655,3.5891536850896935,60.22632511624885,59.33699873621308,0.2
53,20,5,8.606012081349935,8.87499451085966,4.342351092619317,60.22632511624885,59.33699873621308,0.2
53,20,6,15.489409319939083,15.908853049840962,7.514376924543896,60.22632511624885,59.33699873621308,0.2
53,20,7,17.662528443966572,18.128148972086496,8.621139958163237,60.22632511624885,59.33699873621308,0.2
53,20,8,6.630572284695897,6.847201401487482,3.5447184326168713,60.22632511624885,59.33699873621308,0.2
53,20,9,9.335093618105775,9.643727415580578,4.558289810573777,60.22632511624885,59.33699873621308,0.2
54,0,0,2.0,2.0,1.5274397349044129,17.88402082582611,17.88402082582611,0.0
54,0,1,2.0,2.0,1.3689354692650197,17.88402082582611,17.88402082582611,0.0
54,0,2,2.0,2.0,1.4842014977662046,17.88402082582611,17.88402082582611,0.0
54,0,3,2.0,2.0,1.5755066110803588,17.88402082582611,17.88402082582611,0.0
54,0,4,2.0,2.0,1.370677110719744,17.88402082582611,17.88402082582611,0.0
54,0,5,2.0,2.0,1.6332944095341617,17.88402082582611,17.88402082582611,0.0
54,0,6,2.0,2.0,1.4642199232524493,17.88402082582611,17.88402082582611,0.0
54,0,7,2.0,2.0,1.347143436115253,17.88402082582611,17.88402082582611,0.0
54,0,8,2.0,2.0,1.4467768601007944,17.88402082582611,17.88402082582611,0.0
54,0,9,2.0,2.0,1.2912431449136348,17.88402082582611,17.88402082582611,0.0
54,1,0,3.089971797454754,3.751159531898182,2.372241839685791,17.88402082582611,26.27367955026759,0.0
54,1,1,2.769321692962971,3.328513665379926,1.9554072465558405,17.88402082582611,26.27367955026759,0.0
54,1,2,3.0025019416721395,3.6358663432367777,2.2552640935407777,17.88402082582611,26.27367955026759,0.0
54,1,3,3.187209867397145,3.879328111149082,2.505121489043373,17.88402082582611,26.27367955026759,0.0
54,1,4,2.7728449894004,3.333157689052263,1.9598068246038316,17.88402082582611,26.27367955026759,0.0
54,1,5,3.3041131162643906,4.033417176532695,2.6687917043011975,17.88402082582611,26.27367955026759,0.0
54,1,6,2.9620797238226686,3.5825862006444122,2.2020286697414573,17.88402082582611,26.27367955026759,0.0
54,1,7,2.7252369632658007,2.6121520936402773,1.6240214632567016,17.88402082582611,26.27367955026759,0.0
54,1,8,2.9267928499983413,3.536074906385391,2.1559842130059264,17.88402082582611,26.27367955026759,0.0
54,1,9,2.6121520936402787,2.88427350524044,1.6684474800765376,17.88402082582611,26.27367955026759,0.0
54,2,0,4.7989850033788715,6.630037934913711,3.534307208774356,28.48453345083667,38.08120302220018,0.2
54,2,1,3.9557392061522614,3.900190520597381,2.184852158041463,28.48453345083667,38.08120302220018,0.2
54,2,2,4.562341993341862,6.319937181234936,3.3210147280339335,28.48453345083667,38.08120302220018,0.2
54,2,3,5.06779715981809,7.041974612874683,3.8026412190295082,28.48453345083667,38.08120302220018,0.2
54,2,4,3.96463944082492,5.851687166000285,2.9061025385066706,28.48453345083667,38.08120302220018,0.2
54,2,5,5.398897849209071,7.417713497101232,4.088203607649114,28.48453345083667,38.08120302220018,0.2
54,2,6,4.454648082802246,6.192454066406216,3.229901443697038,28.48453345083667,38.08120302220018,0.2
54,2,7,3.2853541814128904,4.944302257577139,2.538436776247075,28.48453345083667,38.08120302220018,0.2
54,2,8,4.361501316032544,6.100114546874375,3.1580365361236122,28.48453345083667,38.08120302220018,0.2
54,2,9,3.3752268853301657,4.430838747311172,2.253342424454065,28.48453345083667,38.08120302220018,0.2
54,3,0,7.149813736734577,10.139720433940314,4.7584035840656185,41.54391701405148,49.48357062897798,0.2
54,3,1,4.419900435796089,7.357595108844642,3.4070389506572885,41.54391701405148,49.48357062897798,0.2
54,3,2,6.718328464329829,9.583327489418252,4.444606317022333,41.54391701405148,49.48357062897798,0.2
54,3,3,7.692646625678796,10.925566738573703,5.171422431558379,41.54391701405148,49.48357062897798,0.2
54,3,4,5.878971640775886,6.2502666253216965,3.0432886357271154,41.54391701405148,49.48357062897798,0.2
54,3,5,8.270332086574323,11.583999560039741,5.585273586352363,41.54391701405148,49.48357062897798,0.2
54,3,6,6.534008603754708,9.364557017572643,4.314459352009297,41.54391701405148,49.48357062897798,0.2
54,3,7,5.135193139856535,7.830556025017388,3.5022541873398687,41.54391701405148,49.48357062897798,0.2
54,3,8,6.388627720598309,5.383469511297483,2.8935043359825716,41.54391701405148,49.48357062897798,0.2
54,3,9,4.558454505576361,7.284719565522449,3.191361623847248,41.54391701405148,49.48357062897798,0.2
54,4,0,9.626129620485823,11.467244604308966,5.186381276003074,50.18188281757722,53.64173388737536,0.2
54,4,1,6.892353282284936,8.669179347551514,3.821611812631167,50.18188281757722,53.64173388737536,0.2
54,4,2,8.991325717507086,10.77490317854918,4.8245991057208135,50.18188281757722,53.64173388737536,0.2
54,4,3,10.461656261181576,12.37565105708927,5.642828768177975,50.18188281757722,53.64173388737536,0.2
54,4,4,6.156495631888104,8.11373472520897,3.6531602770175073,50.18188281757722,53.64173388737536,0.2
54,4,5,11.298866638412937,13.281840396193825,6.146448662789166,50.18188281757722,53.64173388737536,0.2
54,4,6,8.728041712105865,10.486539055284238,4.670117848771006,50.18188281757722,53.64173388737536,0.2
54,4,7,7.084971288294556,6.020995318286525,2.913806079302709,50.18188281757722,53.64173388737536,0.2
54,4,8,5.853485796975624,8.091327308460146,3.8485257408594093,50.18188281757722,53.64173388737536,0.2
54,4,9,6.456043526839715,6.764562292908522,3.0300850748662294,50.18188281757722,53.64173388737536,0.2
54,5,0,10.491917623643456,10.257734446707278,4.797103663304943,49.582114081514405,48.78501515306029,0.2
54,5,1,7.731023654814922,5.472361735578713,2.7693913893405573,49.582114081514405,48.78501515306029,0.2
54,5,2,9.760041479892282,9.608587639229423,4.452803778486617,49.582114081514405,48.78501515306029,0.2
54,5,3,11.415299309748184,10.95533917063951,5.181282979461874,49.582114081514405,48.78501515306029,0.2
54,5,4,7.390250475756091,7.139975736031807,3.340426179074416,49.582114081514405,48.78501515306029,0.2
54,5,5,12.434109568133337,11.960648552446703,5.711784179182678,49.582114081514405,48.78501515306029,0.2
54,5,6,9.447529819823325,9.304824837129718,4.295176910201465,49.582114081514405,48.78501515306029,0.2
54,5,7,5.894555708190363,6.383638821603758,3.0355728330710092,49.582114081514405,48.78501515306029,0.2
54,5,8,7.785469848195635,8.035208719018053,3.8298218329033813,49.582114081514405,48.78501515306029,0.2
54,5,9,6.129785163544378,4.902418314774491,2.4186570256923945,49.582114081514405,48.78501515306029,0.2
54,6,0,9.704418898076382,9.278671093131175,4.471807844004179,44.10690162605243,43.48738216793394,0.2
54,6,1,5.602408457517232,5.885973046928876,2.914303431180121,44.10690162605243,43.48738216793394,0.2
54,6,2,9.0079089738913,8.690343135531924,4.1504741744817615,44.10690162605243,43.48738216793394,0.2
54,6,3,10.481603899201584,9.811951270493463,4.796539229603497,44.10690162605243,43.48738216793394,0.2
54,6,4,6.757597336870007,3.7043716896161754,2.1101549792977843,44.10690162605243,43.48738216793394,0.2
54,6,5,11.554794355226864,10.821140153107214,5.325183699705204,44.10690162605243,43.48738216793394,0.2
54,6,6,8.68903382196741,4.306753042352263,2.5048994266709315,44.10690162605243,43.48738216793394,0.2
54,6,7,6.140886759042075,6.2379067159731925,2.9868956852801927,44.10690162605243,43.48738216793394,0.2
54,6,8,7.747632317348676,7.666812185764717,3.7060470974362416,44.10690162605243,43.48738216793394,0.2
54,6,9,4.89288174605003,5.196513791955688,2.519332510015752,44.10690162605243,43.48738216793394,0.2
54,7,0,9.046353715863347,9.99203612437648,4.709782851162077,42.2722773125519,45.18020545297187,0.2
54,7,1,5.895561838409117,6.9994804053574855,3.290091989156649,42.2722773125519,45.18020545297187,0.2
54,7,2,8.396303862041094,3.9478517384278384,2.389045673461938,42.2722773125519,45.18020545297187,0.2
54,7,3,9.703277063031013,10.618125900967362,5.069121984355092,42.2722773125519,45.18020545297187,0.2
54,7,4,4.268789939982094,5.885366226837519,2.9178005941542193,42.2722773125519,45.18020545297187,0.2
54,7,5,10.772711402184767,11.680919116849996,5.617943799290477,42.2722773125519,45.18020545297187,0.2
54,7,6,5.0673479332774685,6.839517701698355,3.4626065758081555,42.2722773125519,45.18020545297187,0.2
54,7,7,6.04241412511942,4.791679941798848,2.48332924871116,42.2722773125519,45.18020545297187,0.2
54,7,8,7.4972391705088635,8.513662810241193,3.9880635387437953,42.2722773125519,45.18020545297187,0.2
54,7,9,5.096545694384948,6.166819619523385,2.8400756199501798,42.2722773125519,45.18020545297187,0.2
54,8,0,9.527771112447585,12.372889346573565,5.469818017661876,48.14848440396828,53.46154553701601,0.2
54,8,1,6.65577254880178,9.381071394838374,4.0386729732879,48.14848440396828,53.46154553701601,0.2
54,8,2,4.832978732408489,8.047538212572054,3.9331091762560946,48.14848440396828,53.46154553701601,0.2
54,8,3,10.254705054203221,13.333252621652148,5.945036266316184,48.14848440396828,53.46154553701601,0.2
54,8,4,5.9026365103023055,8.85357622085037,3.8832672027186237,48.14848440396828,53.46154553701601,0.2
54,8,5,11.364957649592458,14.530789158083769,6.5455466050408795,48.14848440396828,53.46154553701601,0.2
54,8,6,7.004765176937173,9.795571086969536,4.452522752428289,48.14848440396828,53.46154553701601,0.2
54,8,7,5.023712010996093,7.76891138553726,3.482931714406069,48.14848440396828,53.46154553701601,0.2
54,8,8,8.067751270034302,6.182266501148065,3.1877478589208526,48.14848440396828,53.46154553701601,0.2
54,8,9,5.745400861156771,5.447120506458853,2.603777802221883,48.14848440396828,53.46154553701601,0.2
54,9,0,11.065302954713802,6.58746095673561,3.5184041571409397,58.75080763244383,62.4828590449345,0.2
54,9,1,8.170132870992328,7.975530150521922,3.6049037371312487,58.75080763244383,62.4828590449345,0.2
54,9,2,7.956579990177078,12.432457671343656,5.332879382394451,58.75080763244383,62.4828590449345,0.2
54,9,3,12.0266574045308,16.952208007261127,7.033275407461422,58.75080763244383,62.4828590449345,0.2
54,9,4,7.855750943347345,12.507153674040396,4.945669647051846,58.75080763244383,62.4828590449345,0.2
54,9,5,13.241474571019815,18.307649086873834,7.694604182216471,58.75080763244383,62.4828590449345,0.2
54,9,6,9.007340465311396,13.306841989392154,5.517442487468556,58.75080763244383,62.4828590449345,0.2
54,9,7,7.045882416204778,11.14522363399516,4.4838904505494375,58.75080763244383,62.4828590449345,0.2
54,9,8,6.448732972157901,11.050933232702539,4.786960297790386,58.75080763244383,62.4828590449345,0.2
54,9,9,5.26737637619977,9.599522373946566,3.8713440532763603,58.75080763244383,62.4828590449345,0.2
54,10,0,7.117642267106155,11.436316711830688,5.176585708557992,65.05789316725176,65.22980784047506,0.2
54,10,1,7.292628720943865,10.742671581667402,4.4405890999338515,65.05789316725176,65.22980784047506,0.2
54,10,2,10.788279572848747,14.018385825695228,5.800433802006773,65.05789316725176,65.22980784047506,0.2
54,10,3,14.228137553425576,17.635331833099233,7.23049080347672,65.05789316725176,65.22980784047506,0.2
54,10,4,10.004964110662318,8.680744224062641,3.830046401217701,65.05789316725176,65.22980784047506,0.2
54,10,5,15.565988871642261,19.08156686457738,7.920877596119484,65.05789316725176,65.22980784047506,0.2
54,10,6,11.161646047805188,14.249620902194069,5.788254689184856,65.05789316725176,65.22980784047506,0.2
54,10,7,9.070796522090937,7.686318003759077,3.456970601894677,65.05789316725176,65.22980784047506,0.2
54,10,8,9.683899127210777,12.929275960434813,5.342967107484718,65.05789316725176,65.22980784047506,0.2
54,10,9,7.831630714790022,10.742276379652159,4.188460819202892,65.05789316725176,65.22980784047506,0.2
54,11,0,10.47210143944077,11.793568399770217,5.289257960335966,61.681168588027525,57.95562158964426,0.2
54,11,1,8.983198989346228,9.7407972801247,4.146466231735363,61.681168588027525,57.95562158964426,0.2
54,11,2,11.734130291121314,12.466641768529167,5.343139397096338,61.681168588027525,57.95562158964426,0.2
54,11,3,14.627099291676599,14.900609321298424,6.426019699662434,61.681168588027525,57.95562158964426,0.2
54,11,4,7.748086613346084,8.839373489834676,3.8789055306562368,61.681168588027525,57.95562158964426,0.2
54,11,5,16.023734242210267,16.29756977941771,7.092992049050163,61.681168588027525,57.95562158964426,0.2
54,11,6,11.709492255146627,6.147227970528334,3.213370766655834,61.681168588027525,57.95562158964426,0.2
54,11,7,6.993363744824415,8.510575885772827,3.7124798605282257,61.681168588027525,57.95562158964426,0.2
54,11,8,10.808686784548888,11.570112217905379,4.943298736972582,61.681168588027525,57.95562158964426,0.2
54,11,9,8.473149879717578,7.15267814815208,3.1507584546017484,61.681168588027525,57.95562158964426,0.2
54,12,0,10.700034543702621,10.325101410006873,4.8191352530667615,52.16011618922397,48.96046765407285,0.2
54,12,1,8.388195895638765,5.624125057633272,2.8229322654027436,52.16011618922397,48.96046765407285,0.2
54,12,2,10.809035322058245,10.258087169097578,4.661421105562442,52.16011618922397,48.96046765407285,0.2
54,12,3,12.999674676584336,11.875663586648987,5.482261577959053,52.16011618922397,48.96046765407285,0.2
54,12,4,7.846927391521017,7.339180475136844,3.4053947383232757,52.16011618922397,48.96046765407285,0.2
54,12,5,14.348942802975715,13.130388967245118,6.097303214291115,52.16011618922397,48.96046765407285,0.2
54,12,6,6.5005674638636135,7.518097137305412,3.699651938867091,52.16011618922397,48.96046765407285,0.2
54,12,7,7.510252486896878,7.4275459278288425,3.3750839876679666,52.16011618922397,48.96046765407285,0.2
54,12,8,10.000167819776454,4.7593408960820165,2.654381404098676,52.16011618922397,48.96046765407285,0.2
54,12,9,6.373904346491806,6.374061566049507,2.9065540917135344,52.16011618922397,48.96046765407285,0.2
54,13,0,9.748988244716674,9.961637474281531,4.699748307413331,46.33338155449167,47.59538581219765,0.2
54,13,1,5.710720290228281,6.3705863715259206,3.080261339414472,46.33338155449167,47.59538581219765,0.2
54,13,2,9.429936529148684,9.609363989539657,4.453055618369908,46.33338155449167,47.59538581219765,0.2
54,13,3,11.09047596121583,11.056083278285406,5.214589716227972,46.33338155449167,47.59538581219765,0.2
54,13,4,6.889027082484689,7.069314692275077,3.317250619380708,46.33338155449167,47.59538581219765,0.2
54,13,5,12.334689573771499,12.250955249524809,5.808479300611746,46.33338155449167,47.59538581219765,0.2
54,13,6,7.484301927115648,8.063330323205815,3.8854867382247,46.33338155449167,47.59538581219765,0.2
54,13,7,6.827709203589487,4.785469107847212,2.481075637795807,46.33338155449167,47.59538581219765,0.2
54,13,8,5.369746177819932,6.513424243166559,3.3063369715413233,46.33338155449167,47.59538581219765,0.2
54,13,9,5.879885121447088,5.425373489642358,2.5964967336540794,46.33338155449167,47.59538581219765,0.2
54,14,0,9.507471485250907,5.4881721902737715,3.096296182929656,49.59518703453084,53.75699417809331,0.2
54,14,1,6.2312904726002545,9.216705228340464,3.9890085563580016,49.59518703453084,53.75699417809331,0.2
54,14,2,9.008418439580232,6.623950490338814,3.4320517124457237,49.59518703453084,53.75699417809331,0.2
54,14,3,10.548982581921878,13.667276633881848,6.04890302938074,49.59518703453084,53.75699417809331,0.2
54,14,4,6.710713768106315,9.714775135485171,4.1439746525022745,49.59518703453084,53.75699417809331,0.2
54,14,5,11.750406130499936,14.936237287229456,6.672864740234064,49.59518703453084,53.75699417809331,0.2
54,14,6,7.860241007315501,10.803723211713672,4.7685542668457,49.59518703453084,53.75699417809331,0.2
54,14,7,5.0191530133402456,8.173981991961917,3.6090792283509168,49.59518703453084,53.75699417809331,0.2
54,14,8,6.688635735657355,9.814240579315204,4.405348260819482,49.59518703453084,53.75699417809331,0.2
54,14,9,5.25264695937518,8.134541799733721,3.4476264071594893,49.59518703453084,53.75699417809331,0.2
54,15,0,6.263728553858902,10.835513159294015,4.984685080844306,59.08220156337987,63.450189351922866,0.2
54,15,1,8.06966301667102,12.085028262915612,4.822090408007087,59.08220156337987,63.450189351922866,0.2
54,15,2,6.942953464234212,11.158140571680514,4.944087502097862,59.08220156337987,63.450189351922866,0.2
54,15,3,12.236777228723062,16.858281350007505,7.0059743217106085,59.08220156337987,63.450189351922866,0.2
54,15,4,8.383155494118867,12.717680009148527,5.003797074846223,59.08220156337987,63.450189351922866,0.2
54,15,5,13.499035925527913,18.26094171078905,7.6808573204296655,59.08220156337987,63.450189351922866,0.2
54,15,6,9.646664193993777,7.466660129209774,3.6819152122605145,59.08220156337987,63.450189351922866,0.2
54,15,7,7.30107563365306,11.06112089209088,4.460178497913019,59.08220156337987,63.450189351922866,0.2
54,15,8,8.911907666688018,12.884214755797156,5.329925339846567,59.08220156337987,63.450189351922866,0.2
54,15,9,6.974460676152145,8.660381036383198,3.602159443349502,59.08220156337987,63.450189351922866,0.2
54,16,0,10.083891342506071,14.470785780553731,6.103621123005681,67.57627801104506,68.24240052651744,0.2
54,16,1,9.754966448120742,8.3989135661945,3.7378180562528995,67.57627801104506,68.24240052651744,0.2
54,16,2,10.00176347159579,14.127521575312151,5.83200723395763,67.57627801104506,68.24240052651744,0.2
54,16,3,14.172908150207789,18.56292988200707,7.494657657834747,67.57627801104506,68.24240052651744,0.2
54,16,4,10.122554421061338,9.562236905107598,4.0983195041874,67.57627801104506,68.24240052651744,0.2
54,16,5,15.538179319321433,20.061952514895673,8.203604550014473,67.57627801104506,68.24240052651744,0.2
54,16,6,7.448420979579007,12.002711670430951,5.1331136091506595,67.57627801104506,68.24240052651744,0.2
54,16,7,9.02282784402476,12.66676352399595,4.9040942298152945,67.57627801104506,68.24240052651744,0.2
54,16,8,10.782303619786342,14.660799955782615,5.834329121741738,67.57627801104506,68.24240052651744,0.2
54,16,9,7.287077084309208,11.075213382735978,4.278913465381376,67.57627801104506,68.24240052651744,0.2
54,17,0,12.347470542670496,13.760389002471133,5.8922964028597615,66.27767918164042,62.54888213849207,0.2
54,17,1,7.561511013435428,9.396703476834414,4.043382666557979,66.27767918164042,62.54888213849207,0.2
54,17,2,11.79800254221416,13.13385155687617,5.5417424842782115,66.27767918164042,62.54888213849207,0.2
54,17,3,15.161502130057466,16.13812698640965,6.7951089255040324,66.27767918164042,62.54888213849207,0.2
54,17,4,8.29079628839845,9.792224606509901,4.167073108973836,66.27767918164042,62.54888213849207,0.2
54,17,5,16.59568369065805,17.604010355500414,7.486375547827456,66.27767918164042,62.54888213849207,0.2
54,17,6,10.384158486226179,11.969871206607118,5.123278317557217,66.27767918164042,62.54888213849207,0.2
54,17,7,9.920858097316788,7.039572118175748,3.250687536739884,66.27767918164042,62.54888213849207,0.2
54,17,8,11.802699662241746,12.920924459904409,5.340551018433211,66.27767918164042,62.54888213849207,0.2
54,17,9,8.656133286073809,7.954411024949052,3.3940063598482375,66.27767918164042,62.54888213849207,0.2
54,18,0,11.919965999981109,11.990863760840984,5.351042683653309,56.53544829771044,51.84453138278162,0.2
54,18,1,8.179660460884516,8.585912312884673,3.795880165157937,56.53544829771044,51.84453138278162,0.2
54,18,2,11.210804324301625,11.343400977874616,5.001406653372885,56.53544829771044,51.84453138278162,0.2
54,18,3,13.746332808184087,5.169988708865333,3.06296439995413,56.53544829771044,51.84453138278162,0.2
54,18,4,8.42988308502204,8.487775179665153,3.77024758845544,56.53544829771044,51.84453138278162,0.2
54,18,5,15.144747631820227,14.548728752498485,6.551202313150179,56.53544829771044,51.84453138278162,0.2
54,18,6,10.364261941080073,10.697241611945715,4.735606177976892,56.53544829771044,51.84453138278162,0.2
54,18,7,6.5760583421594,7.8355911758769565,3.503830432297441,56.53544829771044,51.84453138278162,0.2
54,18,8,10.803799097749406,6.39194802933121,3.263050699622813,56.53544829771044,51.84453138278162,0.2
54,18,9,6.865988682014631,7.442898530941848,3.2397127177011202,56.53544829771044,51.84453138278162,0.2
54,19,0,10.825023470074948,10.474625966657655,4.867882132063898,47.951073194449314,47.978721049381654,0.2
54,19,1,7.678969185379959,5.237365660108284,2.685598011838491,47.951073194449314,47.978721049381654,0.2
54,19,2,10.117718659120717,9.84157436973527,4.528111095997694,47.951073194449314,47.978721049381654,0.2
54,19,3,6.196299203292934,7.331637457680429,3.9114692454576576,47.951073194449314,47.978721049381654,0.2
54,19,4,7.627115133598487,7.2647414799367,3.3811798992656574,47.951073194449314,47.978721049381654,0.2
54,19,5,13.252915924909606,12.552582836216319,5.908219828161679,47.951073194449314,47.978721049381654,0.2
54,19,6,9.580011046862559,9.370900207641629,4.3165048581750005,47.951073194449314,47.978721049381654,0.2
54,19,7,7.088159991818157,7.119668670319488,3.2765340887854713,47.951073194449314,47.978721049381654,0.2
54,19,8,6.601068706733935,7.202139995947106,3.5473467979214184,47.951073194449314,47.978721049381654,0.2
54,19,9,6.553856561927415,5.875292425240912,2.7454129189067507,47.951073194449314,47.978721049381654,0.2
54,20,0,9.847601943099033,10.133737962924567,4.756438177604084,48.6978127327895,47.978721049381654,0.2
54,20,1,5.432896582594672,5.628119789280482,2.8243356764136487,48.6978127327895,47.978721049381654,0.2
54,20,2,9.160253764938501,9.425800122294644,4.393338101137985,48.6978127327895,47.978721049381654,0.2
54,20,3,7.912802959674314,8.157196384949255,4.214808775283781,48.6978127327895,47.978721049381654,0.2
54,20,4,6.8400410779582135,7.115883112798543,3.3325319930558335,48.6978127327895,47.978721049381654,0.2
54,20,5,11.95217868502356,12.30300589875935,5.825743256821909,48.6978127327895,47.978721049381654,0.2
54,20,6,8.732179719137573,8.989004632674291,4.192600076272547,48.6978127327895,47.978721049381654,0.2
54,20,7,6.62834526062647,6.8492875794532235,3.1889273351712735,48.6978127327895,47.978721049381654,0.2
54,20,8,7.176192494464971,7.394297691842177,3.6133365060853193,48.6978127327895,47.978721049381654,0.2
54,20,9,5.553900620714622,5.764757382169637,2.709154392524875,48.6978127327895,47.978721049381654,0.2
55,0,0,2.0,2.0,1.5949045703664944,18.051787641162356,18.051787641162356,0.0
55,0,1,2.0,2.0,1.4666286413569396,18.051787641162356,18.051787641162356,0.0
55,0,2,2.0,2.0,1.5918830040692782,18.051787641162356,18.051787641162356,0.0
55,0,3,2.0,2.0,1.367420046568718,18.051787641162356,18.051787641162356,0.0
55,0,4,2.0,2.0,1.3281896870935357,18.051787641162356,18.051787641162356,0.0
55,0,5,2.0,2.0,1.6666924021019824,18.051787641162356,18.051787641162356,0.0
55,0,6,2.0,2.0,1.481285316244161,18.051787641162356,18.051787641162356,0.0
55,0,7,2.0,2.0,1.5452448515519288,18.051787641162356,18.051787641162356,0.0
55,0,8,2.0,2.0,1.3608506059842465,18.051787641162356,18.051787641162356,0.0
55,0,9,2.0,2.0,1.5466960160868841,18.051787641162356,18.051787641162356,0.0
55,1,0,3.2264514464608753,3.9111522708462303,2.55050989465517,18.051787641162356,27.062745800105006,0.0
55,1,1,2.9669524993835057,3.571440432277437,2.200845482959461,18.051787641162356,27.062745800105006,0.0
55,1,2,3.2203388945682,3.9031502875426565,2.5420309892776354,18.051787641162356,27.062745800105006,0.0
55,1,3,2.766256031329461,3.308707319389028,1.9450993646025871,18.051787641162356,27.062745800105006,0.0
55,1,4,2.6868940102871637,2.960855851164462,1.7479587996199784,18.051787641162356,27.062745800105006,0.0
55,1,5,3.3716764071543115,4.101267255738783,2.75535212476362,18.051787641162356,27.062745800105006,0.0
55,1,6,2.9966025805036036,3.610255555361615,2.239722857705729,18.051787641162356,27.062745800105006,0.0
55,1,7,3.1259910963075885,3.779638942417724,2.4126344720883264,18.051787641162356,27.062745800105006,0.0
55,1,8,2.752966219844792,2.6868940102871646,1.6732653920687672,18.051787641162356,27.062745800105006,0.0
55,1,9,3.1289267653124018,3.7834820467011374,2.416618769067158,18.051787641162356,27.062745800105006,0.0
55,2,0,5.159616751823576,7.085636841457292,3.8661520344658906,29.339997336107018,39.554944706785214,0.2
55,2,1,4.4522545259869135,6.289671701943305,3.27068522593,29.339997336107018,39.554944706785214,0.2
55,2,2,5.142464141549556,7.111747907383378,3.868776102604892,29.339997336107018,39.554944706785214,0.2
55,2,3,3.934886622708739,3.977456984119669,2.2126095854277246,29.339997336107018,39.554944706785214,0.2
55,2,4,3.536076265736666,4.509411121450353,2.3465131314045444,29.339997336107018,39.554944706785214,0.2
55,2,5,5.574007381776947,7.5810911932578815,4.235909406095124,29.339997336107018,39.554944706785214,0.2
55,2,6,4.530902467885953,6.406974000765363,3.346376439968075,29.339997336107018,39.554944706785214,0.2
55,2,7,4.880698273039624,6.704074114416996,3.6034082879405527,29.339997336107018,39.554944706785214,0.2
55,2,8,3.3849733989492696,5.004816259992369,2.5861943028808256,29.339997336107018,39.554944706785214,0.2
55,2,9,4.8887584046546,6.70937013080829,3.6087865509400636,29.339997336107018,39.554944706785214,0.2
55,3,0,7.8211273925773055,10.847527707944527,5.208890684567448,43.1516656507964,51.690654899805445,0.2
55,3,1,6.61651315958995,5.559731617184711,3.000107690764575,43.1516656507964,51.690654899805445,0.2
55,3,2,7.826435815789579,10.924743750664767,5.2249005710012915,43.1516656507964,51.690654899805445,0.2
55,3,3,4.476053006554512,7.401937013198735,3.417611678496822,43.1516656507964,51.690654899805445,0.2
55,3,4,4.746936479854657,7.330004710374052,3.2969479012151615,43.1516656507964,51.690654899805445,0.2
55,3,5,8.569137166139226,11.733667829990905,5.75093039619244,43.1516656507964,51.690654899805445,0.2
55,3,6,6.769634563562984,9.707632906430922,4.4760719859033244,43.1516656507964,51.690654899805445,0.2
55,3,7,7.289603465205009,10.144715957137016,4.8155315491104105,43.1516656507964,51.690654899805445,0.2
55,3,8,5.231805403530374,6.444838100225413,3.087008764026146,43.1516656507964,51.690654899805445,0.2
55,3,9,7.300483554682859,10.151158824931331,4.822196526532591,43.1516656507964,51.690654899805445,0.2
55,4,0,10.537453585588073,12.688842463682494,5.813117607767973,52.420113463413486,56.30186912578982,0.2
55,4,1,6.069141676722047,8.612151956164364,4.075466652199951,52.420113463413486,56.30186912578982,0.2
55,4,2,10.569841179304905,12.722764204125063,5.812957983020881,52.420113463413486,56.30186912578982,0.2
55,4,3,6.913741642231173,8.909021695842817,3.891006506752898,52.420113463413486,56.30186912578982,0.2
55,4,4,6.669641884804067,7.224664183163144,3.263709324963583,52.420113463413486,56.30186912578982,0.2
55,4,5,11.633986158198244,13.88221829006039,6.4692758083851585,52.420113463413486,56.30186912578982,0.2
55,4,6,9.05497996664602,6.256309860883292,3.2910955851927755,52.420113463413486,56.30186912578982,0.2
55,4,7,9.741698043121783,11.820150790957923,5.359353701789158,52.420113463413486,56.30186912578982,0.2
55,4,8,6.244940341252406,8.288754714809185,3.6815606177262894,52.420113463413486,56.30186912578982,0.2
55,4,9,9.755181123203169,11.835178722869413,5.369159978836803,52.420113463413486,56.30186912578982,0.2
55,5,0,11.75978930809651,11.485258431247248,5.421409916550153,52.04092962130001,52.01520862443397,0.2
55,5,1,8.244565549130007,8.396102814139445,4.003626808447554,52.04092962130001,52.01520862443397,0.2
55,5,2,11.759466391286493,11.388236337927411,5.3791007541456795,52.04092962130001,52.01520862443397,0.2
55,5,3,7.871407358884638,6.102389162657882,2.9855948678687105,52.04092962130001,52.01520862443397,0.2
55,5,4,6.602401089073849,6.809473232778455,3.1312559521554393,52.04092962130001,52.01520862443397,0.2
55,5,5,13.087180686128617,12.745948920397103,6.093895187275748,52.04092962130001,52.01520862443397,0.2
55,5,6,6.657802798098562,7.400396430429324,3.7016573090701876,52.04092962130001,52.01520862443397,0.2
55,5,7,10.841836448722198,10.705953005527897,5.000507018841472,52.04092962130001,52.01520862443397,0.2
55,5,8,7.447703643840482,5.442592939572016,2.7425436710540056,52.04092962130001,52.01520862443397,0.2
55,5,9,10.861674298178922,10.733826099678298,5.0143212978654725,52.04092962130001,52.01520862443397,0.2
55,6,0,10.967374595391053,10.435270326820678,5.0695136690895515,47.02734400427025,47.26626128853039,0.2
55,6,1,8.099235369447106,7.900718663715908,3.8367701541388426,47.02734400427025,47.26626128853039,0.2
55,6,2,10.881784234202803,10.26431700326023,5.0017408742388065,47.02734400427025,47.26626128853039,0.2
55,6,3,6.039782604527631,6.046579066916809,2.9664549738559733,47.02734400427025,47.26626128853039,0.2
55,6,4,6.334451279269707,5.333166803575956,2.638935186259225,47.02734400427025,47.26626128853039,0.2
55,6,5,12.327795221659397,11.670923612774615,5.729386458397342,47.02734400427025,47.26626128853039,0.2
55,6,6,7.488358740114173,7.540165455514904,3.7504582377574103,47.02734400427025,47.26626128853039,0.2
55,6,7,10.115898721308078,4.441446397044185,2.7011170598399445,47.02734400427025,47.26626128853039,0.2
55,6,8,5.54809620516729,6.11666192041786,2.9761141715711226,47.02734400427025,47.26626128853039,0.2
55,6,9,10.143844656987827,9.786363065971102,4.700227688129981,47.02734400427025,47.26626128853039,0.2
55,7,0,10.255497422474988,11.500059544977786,5.426299591582747,45.94556869393686,49.5231413319814,0.2
55,7,1,7.761688594769385,4.992263571615598,2.7823221898663144,45.94556869393686,49.5231413319814,0.2
55,7,2,10.11839477944561,11.351169930088377,5.366839242177456,45.94556869393686,49.5231413319814,0.2
55,7,3,6.001063084958937,7.350643919043345,3.401016313010111,45.94556869393686,49.5231413319814,0.2
55,7,4,5.338498871356327,6.835886309535539,3.1397530329881134,45.94556869393686,49.5231413319814,0.2
55,7,5,11.590403319103688,12.827716187716462,6.1212342346534765,45.94556869393686,49.5231413319814,0.2
55,7,6,7.587081779647091,8.986284052963933,4.240565936591015,45.94556869393686,49.5231413319814,0.2
55,7,7,5.464291222626633,7.904702431633332,4.0438606018356404,45.94556869393686,49.5231413319814,0.2
55,7,8,6.020603396660805,7.463633429809102,3.4210125305698242,45.94556869393686,49.5231413319814,0.2
55,7,9,9.508441260267784,5.830155197791492,3.27084565414327,45.94556869393686,49.5231413319814,0.2
55,8,0,10.97726628381854,13.958491469672246,6.214420627475608,52.776745350138235,58.5194003627777,0.2
55,8,1,5.628567138629194,8.678055178085675,4.097272511332732,52.776745350138235,58.5194003627777,0.2
55,8,2,10.856979506847496,13.90613089578699,6.186351154132528,52.776745350138235,58.5194003627777,0.2
55,8,3,6.880169639257453,9.700300422762282,4.12981478560393,52.776745350138235,58.5194003627777,0.2
55,8,4,6.3516406580279465,6.436677211933064,3.0102482889641577,52.776745350138235,58.5194003627777,0.2
55,8,5,12.383101420284477,15.515573426952699,6.993135452298178,52.776745350138235,58.5194003627777,0.2
55,8,6,8.578557209089194,11.456423602342237,5.026342345039391,52.776745350138235,58.5194003627777,0.2
55,8,7,8.180627311815023,11.062507848175683,5.116509944780439,52.776745350138235,58.5194003627777,0.2
55,8,8,6.920621479617066,7.207113911176759,3.3382774166739666,52.776745350138235,58.5194003627777,0.2
55,8,9,6.616837701791644,9.648720393864936,4.6538542178589495,52.776745350138235,58.5194003627777,0.2
55,9,0,12.571615126682813,7.488109331576837,4.018594905531567,64.30906549641465,67.95000274390571,0.2
55,9,1,8.288678248439732,13.27502877595286,5.517266914802038,64.30906549641465,67.95000274390571,0.2
55,9,2,12.514831294877528,17.769514448899574,7.344513638358476,64.30906549641465,67.95000274390571,0.2
55,9,3,8.354510442944827,9.115162660264648,3.953812240549497,64.30906549641465,67.95000274390571,0.2
55,9,4,6.089655849379727,10.6670493862425,4.287164233514979,64.30906549641465,67.95000274390571,0.2
55,9,5,14.146935443403686,19.531036415953483,8.215654391791835,64.30906549641465,67.95000274390571,0.2
55,9,6,10.168162930170373,15.134888782530423,6.108058453336822,64.30906549641465,67.95000274390571,0.2
55,9,7,10.350569694821854,15.234759947569481,6.401197679890995,64.30906549641465,67.95000274390571,0.2
55,9,8,6.753250445097391,11.17837966452245,4.538942209244499,64.30906549641465,67.95000274390571,0.2
55,9,9,9.414628907470398,14.379092425533676,6.153128751672325,64.30906549641465,67.95000274390571,0.2
55,10,0,8.129515449763373,12.937729725347005,5.892700353869071,70.75034796420488,70.7491369638031,0.2
55,10,1,11.161290868759137,14.61371767514886,5.901082196649353,70.75034796420488,70.7491369638031,0.2
55,10,2,14.857764591262063,18.48413773392412,7.550045800808152,70.75034796420488,70.7491369638031,0.2
55,10,3,7.998461763529995,11.649080962543241,4.694454239792628,70.75034796420488,70.7491369638031,0.2
55,10,4,8.672824380496442,10.135513442510572,4.136481959732493,70.75034796420488,70.7491369638031,0.2
55,10,5,16.620060214592183,20.36993504698667,8.461107435709142,70.75034796420488,70.7491369638031,0.2
55,10,6,12.356447149253324,8.772891900121984,4.169823431075668,70.75034796420488,70.7491369638031,0.2
55,10,7,12.949460360891935,16.43012665417147,6.748774952422847,70.75034796420488,70.7491369638031,0.2
55,10,8,9.18216483200247,12.265413090201404,4.843585603925539,70.75034796420488,70.7491369638031,0.2
55,10,9,12.44762321831656,15.994701447045754,6.629293798098303,70.75034796420488,70.7491369638031,0.2
55,11,0,11.92078318261542,13.03712604958183,5.9243541308606895,66.90023455525187,63.29432030082289,0.2
55,11,1,11.937739437719909,12.276914776590237,5.223500417400772,66.90023455525187,63.29432030082289,0.2
55,11,2,15.27355093682229,15.423348560683669,6.651432995534567,66.90023455525187,63.29432030082289,0.2
55,11,3,9.496761720886413,7.311328846718109,3.3882727889410957,66.90023455525187,63.29432030082289,0.2
55,11,4,8.367997966907447,9.109394816280242,3.8386788041640063,66.90023455525187,63.29432030082289,0.2
55,11,5,17.11660548965101,17.304490892695277,7.548238904791327,66.90023455525187,63.29432030082289,0.2
55,11,6,8.435446916795149,9.973492076230384,4.561532712202768,66.90023455525187,63.29432030082289,0.2
55,11,7,13.652600357198814,14.114500806948211,6.0679525262318315,66.90023455525187,63.29432030082289,0.2
55,11,8,9.798450683636545,8.158300199223273,3.6409040284385,66.90023455525187,63.29432030082289,0.2
55,11,9,13.410893015983623,13.947978313923862,6.023402076839758,66.90023455525187,63.29432030082289,0.2
55,12,0,11.984817969685524,11.443989748440055,5.407766457278882,56.96495025771226,53.36761261424475,0.2
55,12,1,10.567008704125138,5.029385629083857,2.796788470000495,56.96495025771226,53.36761261424475,0.2
55,12,2,13.455680050216838,12.315609091913592,5.682105275833309,56.96495025771226,53.36761261424475,0.2
55,12,3,6.854389813661972,6.824910022059269,3.2288568898830103,56.96495025771226,53.36761261424475,0.2
55,12,4,7.765549745303967,5.915980308203318,2.8376433533131484,56.96495025771226,53.36761261424475,0.2
55,12,5,15.269895632062738,14.059659492405396,6.527048211212205,56.96495025771226,53.36761261424475,0.2
55,12,6,9.227864845846707,8.950163121008964,4.228627075638496,56.96495025771226,53.36761261424475,0.2
55,12,7,12.275313877129204,11.53284528406606,5.267831009231034,56.96495025771226,53.36761261424475,0.2
55,12,8,7.365456396103515,7.517631400687838,3.4383190508429697,56.96495025771226,53.36761261424475,0.2
55,12,9,12.185189449278006,11.488583323382407,5.258604452620425,56.96495025771226,53.36761261424475,0.2
55,13,0,10.939774223733453,11.613381124953307,5.463674028995002,50.50405105153053,51.68513421102247,0.2
55,13,1,5.657832055998581,7.432105587455155,3.6760166915467787,50.50405105153053,51.68513421102247,0.2
55,13,2,11.49475468738709,11.958183698184087,5.566161504967541,50.50405105153053,51.68513421102247,0.2
55,13,3,6.531895497913269,7.348869716647899,3.400441667184476,50.50405105153053,51.68513421102247,0.2
55,13,4,5.740480447512571,6.850971344297632,3.1446014656693615,50.50405105153053,51.68513421102247,0.2
55,13,5,13.204052790033876,13.6318959888655,6.387396019240608,50.50405105153053,51.68513421102247,0.2
55,13,6,8.554405196545588,9.316053080600842,4.348906683012393,50.50405105153053,51.68513421102247,0.2
55,13,7,10.656688365711627,4.994402279707643,2.9323430235973573,50.50405105153053,51.68513421102247,0.2
55,13,8,6.955632130665399,6.033884491280656,2.9478633557023977,50.50405105153053,51.68513421102247,0.2
55,13,9,10.638023275978195,11.257455805624906,5.184324119287582,50.50405105153053,51.68513421102247,0.2
55,14,0,11.052873821654938,13.955500326816974,6.213488422716306,53.85677317996573,58.4911322734802,0.2
55,14,1,7.436488421956177,10.375380184166774,4.643035226270122,53.85677317996573,58.4911322734802,0.2
55,14,2,11.26020338308427,14.186264478004343,6.273324972700937,53.85677317996573,58.4911322734802,0.2
55,14,3,6.879007145344167,9.657004987781425,4.116903283747893,53.85677317996573,58.4911322734802,0.2
55,14,4,6.3614489142259245,6.400394443599201,2.998360338213105,53.85677317996573,58.4911322734802,0.2
55,14,5,12.921539951861588,15.914221402452517,7.11843027853603,53.85677317996573,58.4911322734802,0.2
55,14,6,8.79772778800451,11.620287887721167,5.07656021816436,53.85677317996573,58.4911322734802,0.2
55,14,7,5.932055475790057,9.461091868472323,4.586012033986577,53.85677317996573,58.4911322734802,0.2
55,14,8,5.963452713530966,8.674855877233599,3.800782710261639,53.85677317996573,58.4911322734802,0.2
55,14,9,10.48775604784537,7.2014084917593015,3.792068575320413,53.85677317996573,58.4911322734802,0.2
55,15,0,12.569729300126209,17.08465280118402,7.1587635106854846,64.28530686078331,68.02182748536414,0.2
55,15,1,9.392742362212712,13.638174054465559,5.622487843408781,64.28530686078331,68.02182748536414,0.2
55,15,2,12.690777121316401,17.33455589103184,7.218202351696549,64.28530686078331,68.02182748536414,0.2
55,15,3,8.32839080255166,7.460296230608271,3.4364513209819108,64.28530686078331,68.02182748536414,0.2
55,15,4,6.065606826880923,9.933353405353975,4.078554102601493,64.28530686078331,68.02182748536414,0.2
55,15,5,14.400403695273004,19.170881693295605,8.109310314068967,64.28530686078331,68.02182748536414,0.2
55,15,6,10.2697524123204,14.625531554449832,5.96342665549141,64.28530686078331,68.02182748536414,0.2
55,15,7,9.277385892212264,13.531120617704813,5.891283795288485,64.28530686078331,68.02182748536414,0.2
55,15,8,7.688886909634485,8.614019230575371,3.7821046363880355,64.28530686078331,68.02182748536414,0.2
55,15,9,7.6712584359262985,12.05270002479507,5.438047707812519,64.28530686078331,68.02182748536414,0.2
55,16,0,14.48199679973012,19.20523703593672,7.769757704677634,72.44520421326389,72.1759799913469,0.2
55,16,1,11.374150135456937,8.155518613499074,3.9229725860498688,72.44520421326389,72.1759799913469,0.2
55,16,2,14.602240065765807,19.404009732227976,7.81113578880552,72.44520421326389,72.1759799913469,0.2
55,16,3,6.951853760583717,11.972210845349464,4.785231965244336,72.44520421326389,72.1759799913469,0.2
55,16,4,8.25081138289274,12.355515181640909,4.751620068220895,72.44520421326389,72.1759799913469,0.2
55,16,5,16.404928845752572,21.346960949777937,8.743185598428756,72.44520421326389,72.1759799913469,0.2
55,16,6,12.063860694845374,9.57965950544488,4.434684948964261,72.44520421326389,72.1759799913469,0.2
55,16,7,11.917917520577548,16.55551601001668,6.7847869275310195,72.44520421326389,72.1759799913469,0.2
55,16,8,7.651101640480266,11.977783493668833,4.763794022301671,72.44520421326389,72.1759799913469,0.2
55,16,9,11.00103242463161,15.782780400935199,6.567686734483976,72.44520421326389,72.1759799913469,0.2
55,17,0,15.718022539208798,16.757805059349863,7.062617715152083,70.09800958904088,66.47693943108659,0.2
55,17,1,7.936073925588184,10.266082672656033,4.608743043679312,70.09800958904088,66.47693943108659,0.2
55,17,2,15.80172935268637,16.765810820480358,7.0515946889869365,70.09800958904088,66.47693943108659,0.2
55,17,3,9.680402754357642,7.436765917591788,3.4288605555662963,70.09800958904088,66.47693943108659,0.2
55,17,4,9.612406740185676,8.300265183607154,3.596693948975929,70.09800958904088,66.47693943108659,0.2
55,17,5,17.68724245002576,18.718286787183136,7.974817009368581,70.09800958904088,66.47693943108659,0.2
55,17,6,8.971255041858774,11.006255083077447,4.8872597592402744,70.09800958904088,66.47693943108659,0.2
55,17,7,13.725451668391042,14.958516577258717,6.31972640718221,70.09800958904088,66.47693943108659,0.2
55,17,8,9.63703434015803,10.877108983239072,4.4529609849878256,70.09800958904088,66.47693943108659,0.2
55,17,9,13.286263490679186,14.625300097509639,6.2266910843411445,70.09800958904088,66.47693943108659,0.2
55,18,0,14.287496296794956,13.697109870121983,6.132731671515503,60.08586314739901,55.38806814917186,0.2
55,18,1,9.323370147612438,9.695448228227141,4.427888631537763,60.08586314739901,55.38806814917186,0.2
55,18,2,14.265196994770424,5.160908375179698,3.0909960721591,60.08586314739901,55.38806814917186,0.2
55,18,3,6.936497834900135,7.5950020550136985,3.479769461818806,60.08586314739901,55.38806814917186,0.2
55,18,4,7.276020527976696,7.807547936758207,3.445873802956461,60.08586314739901,55.38806814917186,0.2
55,18,5,16.13285230553039,15.365276695139364,6.94564733753787,60.08586314739901,55.38806814917186,0.2
55,18,6,9.88680239082101,10.05946491457333,4.589021970799204,60.08586314739901,55.38806814917186,0.2
55,18,7,12.784646045001008,12.537144715775419,5.584899412051451,60.08586314739901,55.38806814917186,0.2
55,18,8,9.008226998651303,6.363280193915305,3.0596108116279925,60.08586314739901,55.38806814917186,0.2
55,18,9,12.596437949338249,12.432930524024078,5.557576182775353,60.08586314739901,55.38806814917186,0.2
55,19,0,12.406360443102093,12.228282278724265,5.66460360521483,51.228494868837004,51.350827525375294,0.2
55,19,1,8.957506264283767,9.148220626867815,4.2514277790815385,51.228494868837004,51.350827525375294,0.2
55,19,2,6.25300656435571,8.097697647332424,4.236851465764034,51.228494868837004,51.350827525375294,0.2
55,19,3,7.0394852595197825,7.273300490813479,3.3759267652209575,51.228494868837004,51.350827525375294,0.2
55,19,4,6.970915202353274,6.207274288203258,2.934740884591187,51.228494868837004,51.350827525375294,0.2
55,19,5,14.050868193108649,13.747774828325735,6.425355273639003,51.228494868837004,51.350827525375294,0.2
55,19,6,9.283474917952923,9.39556440355272,4.374855696367097,51.228494868837004,51.350827525375294,0.2
55,19,7,11.298109693303596,5.222638273252793,3.02551472717884,51.228494868837004,51.350827525375294,0.2
55,19,8,6.189514979266782,7.079542551051473,3.296803719814441,51.228494868837004,51.350827525375294,0.2
55,19,9,11.242835494296447,11.27438379364099,5.189779905855061,51.228494868837004,51.350827525375294,0.2
55,20,0,11.459349252145595,11.789166952688506,5.521434037902673,52.120459399713965,51.350827525375294,0.2
55,20,1,8.600530440632904,8.882224050381735,4.164514434289148,52.120459399713965,51.350827525375294,0.2
55,20,2,8.571042928927723,8.829560291930223,4.501398921194219,52.120459399713965,51.350827525375294,0.2
55,20,3,6.829414121178548,7.101946662325661,3.3200538654650367,52.120459399713965,51.350827525375294,0.2
55,20,4,5.9369062876917225,6.143443109473821,2.9135830065940773,52.120459399713965,51.350827525375294,0.2
55,20,5,12.998330559610698,13.359067548390971,6.297638982602943,52.120459399713965,51.350827525375294,0.2
55,20,6,8.850221983098125,9.143744312588453,4.292443349144099,52.120459399713965,51.350827525375294,0.2
55,20,7,6.120539466227567,6.292908169487531,3.4472460632328823,52.120459399713965,51.350827525375294,0.2
55,20,8,6.669350209491604,6.877272494405137,3.2305823558950943,52.120459399713965,51.350827525375294,0.2
55,20,9,10.498792965532665,10.79285222706087,5.033607308649133,52.120459399713965,51.350827525375294,0.2
56,0,0,2.0,2.0,1.6226257784357612,18.037013838700275,18.037013838700275,0.0
56,0,1,2.0,2.0,1.580992504675913,18.037013838700275,18.037013838700275,0.0
56,0,2,2.0,2.0,1.4388115719679802,18.037013838700275,18.037013838700275,0.0
56,0,3,2.0,2.0,1.6094863669154664,18.037013838700275,18.037013838700275,0.0
56,0,4,2.0,2.0,1.5831529557778565,18.037013838700275,18.037013838700275,0.0
56,0,5,2.0,2.0,1.5436113129428497,18.037013838700275,18.037013838700275,0.0
56,0,6,2.0,2.0,1.6278593236715821,18.037013838700275,18.037013838700275,0.0
56,0,7,2.0,2.0,2.1309862003040005,18.037013838700275,18.037013838700275,0.0
56,0,8,2.0,2.0,1.4559569970870494,18.037013838700275,18.037013838700275,0.0
56,0,9,2.0,2.0,1.4810948902522671,18.037013838700275,18.037013838700275,0.0
56,1,0,3.282530746460734,3.9621497009316076,2.6184783688224647,18.037013838700275,28.384808904384887,0.0
56,1,1,3.1983076908377286,3.852724002330603,2.5017640243309316,18.037013838700275,28.384808904384887,0.0
56,1,2,2.9106792743681127,3.2094257701993585,2.0034663844731724,18.037013838700275,28.384808904384887,0.0
56,1,3,3.25595005060408,3.9276150810237938,2.581407387894307,18.037013838700275,28.384808904384887,0.0
56,1,4,3.202678228556654,3.858402366047256,2.507766749677513,18.037013838700275,28.384808904384887,0.0
56,1,5,3.1226864891818455,3.7544741494959792,2.3988403136468746,18.037013838700275,28.384808904384887,0.0
56,1,6,3.2931180755774556,3.9759051492034176,2.6333045221954507,18.037013838700275,28.384808904384887,0.0
56,1,7,4.310930971110751,5.298285182971995,4.214580679085076,18.037013838700275,28.384808904384887,0.0
56,1,8,2.9453640340104386,2.9106792743681114,1.8933181507668093,18.037013838700275,28.384808904384887,0.0
56,1,9,2.996217353557487,3.590160786429388,2.2307023047306354,18.037013838700275,28.384808904384887,0.0
56,2,0,5.297115249141453,7.288177330486765,4.011720114719496,30.773308214620556,42.69819607706047,0.2
56,2,1,5.061005093960879,6.953127769034051,3.782117011773534,30.773308214620556,42.69819607706047,0.2
56,2,2,4.0529616217939735,4.51197506069012,2.54296046571563,30.773308214620556,42.69819607706047,0.2
56,2,3,5.2221215960667156,7.224845652382241,3.954998351829668,30.773308214620556,42.69819607706047,0.2
56,2,4,5.073148454909888,7.022658749603908,3.8137566233346503,30.773308214620556,42.69819607706047,0.2
56,2,5,4.852793040787448,6.7613986118672145,3.621116805003611,30.773308214620556,42.69819607706047,0.2
56,2,6,5.327108180934688,7.302176908457075,4.03006934968834,30.773308214620556,42.69819607706047,0.2
56,2,7,8.52598969299798,11.249977835557685,7.139467273022089,30.773308214620556,42.69819607706047,0.2
56,2,8,3.830134541998634,5.667007850280857,3.01838907952347,30.773308214620556,42.69819607706047,0.2
56,2,9,4.51265411827612,5.045128714811292,2.8305606324100916,30.773308214620556,42.69819607706047,0.2
56,3,0,8.115607922522024,11.302625433813825,5.454097647976705,46.58073205935742,56.661748061660965,0.2
56,3,1,7.651126675570882,10.671600897535368,5.104691683920382,46.58073205935742,56.661748061660965,0.2
56,3,2,5.1443444487814345,8.05066589122233,3.8138638701632352,46.58073205935742,56.661748061660965,0.2
56,3,3,8.000861236530872,11.206710288699826,5.377754926713589,46.58073205935742,56.661748061660965,0.2
56,3,4,7.715132806334785,10.83069245677414,5.164891895971861,46.58073205935742,56.661748061660965,0.2
56,3,5,7.325427345551438,6.967891781610547,3.6981790477936745,46.58073205935742,56.661748061660965,0.2
56,3,6,8.152727958922114,11.313292608131047,5.475303384704717,46.58073205935742,56.661748061660965,0.2
56,3,7,14.44296100092618,18.93105666068199,10.277371114247279,46.58073205935742,56.661748061660965,0.2
56,3,8,6.106124461962229,6.121615125409257,3.1859119282350417,46.58073205935742,56.661748061660965,0.2
56,3,9,5.726152282977124,8.672304069687769,4.135766722145548,46.58073205935742,56.661748061660965,0.2
56,4,0,11.03350104602784,13.362941397378915,6.132376617010578,57.46135869597575,62.62824055849631,0.2
56,4,1,10.326661653202898,12.590626590289776,5.731152368526817,57.46135869597575,62.62824055849631,0.2
56,4,2,7.715349763945694,7.8039972212746855,3.7316843343261703,57.46135869597575,62.62824055849631,0.2
56,4,3,10.879061659482261,13.19243257677787,6.028284269534923,57.46135869597575,62.62824055849631,0.2
56,4,4,10.448445153519854,6.6374354796573165,3.666081351539501,57.46135869597575,62.62824055849631,0.2
56,4,5,7.48132230587523,10.152967927505806,4.813179583373687,57.46135869597575,62.62824055849631,0.2
56,4,6,11.076399712951616,13.410938180874945,6.167615436984414,57.46135869597575,62.62824055849631,0.2
56,4,7,20.790860790974232,23.846784977478283,12.079821737142119,57.46135869597575,62.62824055849631,0.2
56,4,8,6.445018931000269,9.017044013645727,4.178038942600669,57.46135869597575,62.62824055849631,0.2
56,4,9,8.366551059431075,10.59777559012198,4.758961484718777,57.46135869597575,62.62824055849631,0.2
56,5,0,12.405642176854524,12.598282013365102,5.8845777100596806,57.888519685354794,59.56406584093703,0.2
56,5,1,11.593975710453883,6.3440934134218026,3.5470516496470275,57.888519685354794,59.56406584093703,0.2
56,5,2,7.5491026497311715,8.447853695250144,3.9446220117156376,57.888519685354794,59.56406584093703,0.2
56,5,3,12.19506600112687,12.33572720384047,5.751506766731429,57.888519685354794,59.56406584093703,0.2
56,5,4,7.416389481409412,9.124922462761605,4.581021258024851,57.888519685354794,59.56406584093703,0.2
56,5,5,9.736940076159824,10.3613675580695,4.882125193084059,57.888519685354794,59.56406584093703,0.2
56,5,6,12.476929414842708,12.71592774966201,5.94209390053141,57.888519685354794,59.56406584093703,0.2
56,5,7,24.437172631485797,23.716171401912096,12.033469088199116,57.888519685354794,59.56406584093703,0.2
56,5,8,8.452066687993854,9.05711136713329,4.191025916941522,57.888519685354794,59.56406584093703,0.2
56,5,9,9.627258239340401,7.395405564980894,3.6994340002392296,57.888519685354794,59.56406584093703,0.2
56,6,0,11.904351280447209,11.175032640667236,5.4109252522545574,53.85232297768623,55.73354786171301,0.2
56,6,1,7.175595417000574,7.905133190511065,4.137568988568718,53.85232297768623,55.73354786171301,0.2
56,6,2,7.979870163966455,5.932099415321875,3.079844711933722,53.85232297768623,55.73354786171301,0.2
56,6,3,11.635152141162848,10.87437324250693,5.265617036590531,53.85232297768623,55.73354786171301,0.2
56,6,4,9.267289679172396,9.17881397800672,4.599943283859939,53.85232297768623,55.73354786171301,0.2
56,6,5,9.876415293868957,9.436044281674459,4.572670785966626,53.85232297768623,55.73354786171301,0.2
56,6,6,12.020705073263656,11.327547791009643,5.4801318371058265,53.85232297768623,55.73354786171301,0.2
56,6,7,24.343402399706303,22.070293143492854,11.442615676287057,53.85232297768623,55.73354786171301,0.2
56,6,8,8.47833900730733,6.6254164070655515,3.36726096761417,53.85232297768623,55.73354786171301,0.2
56,6,9,7.483861042805597,7.630402574322822,3.7813345494874286,53.85232297768623,55.73354786171301,0.2
56,7,0,10.946164385758005,12.429815791907316,5.8293839254870505,54.17626615749559,58.33226006367259,0.2
56,7,1,8.370196998640221,10.348291012813302,4.995935898060396,54.17626615749559,58.33226006367259,0.2
56,7,2,6.2304476457861115,8.212606889614369,3.86740495806723,54.17626615749559,58.33226006367259,0.2
56,7,3,10.652209555279269,6.876947855621036,3.820703333769145,54.17626615749559,58.33226006367259,0.2
56,7,4,9.305568456950029,11.008347866355615,5.224050668878175,54.17626615749559,58.33226006367259,0.2
56,7,5,9.250396886242033,5.866743201378282,3.278648892397772,54.17626615749559,58.33226006367259,0.2
56,7,6,11.086167549550234,12.57546078371362,5.896069707374188,54.17626615749559,58.33226006367259,0.2
56,7,7,23.148120950941035,24.421741255638572,12.282966810119346,54.17626615749559,58.33226006367259,0.2
56,7,8,6.811883432670501,8.65829865869788,4.0609752675773025,54.17626615749559,58.33226006367259,0.2
56,7,9,7.649543774235146,9.364918805189674,4.364301024680602,54.17626615749559,58.33226006367259,0.2
56,8,0,11.792695655791816,15.686227034962968,6.8605719264829155,62.16461137715381,68.26461559106853,0.2
56,8,1,10.106651460042368,13.896858239183505,6.141160574775339,62.16461137715381,68.26461559106853,0.2
56,8,2,7.8236620252073426,11.408247099589001,4.8678385828571695,62.16461137715381,68.26461559106853,0.2
56,8,3,7.729185825146042,12.124387552682936,5.682352514329101,62.16461137715381,68.26461559106853,0.2
56,8,4,10.568121848891394,14.413273924493733,6.308639741462006,62.16461137715381,68.26461559106853,0.2
56,8,5,6.632623454632975,10.948007087222393,5.07401217249797,62.16461137715381,68.26461559106853,0.2
56,8,6,11.927599299198324,8.606330870877857,4.52135389408382,62.16461137715381,68.26461559106853,0.2
56,8,7,24.848129955658596,30.390905394149495,14.314631991193858,62.16461137715381,68.26461559106853,0.2
56,8,8,8.215249846017924,11.851585722844447,5.059074494831981,62.16461137715381,68.26461559106853,0.2
56,8,9,8.828870150290983,7.48714984095367,3.731500069286437,62.16461137715381,68.26461559106853,0.2
56,9,0,13.878762796863256,18.91745659725998,7.821702557922315,75.01843162982841,78.87958534086842,0.2
56,9,1,12.423411900361714,17.165081294568644,7.119687293617261,75.01843162982841,78.87958534086842,0.2
56,9,2,9.84751384415966,10.328824868488452,4.540655620813599,75.01843162982841,78.87958534086842,0.2
56,9,3,11.49525484458595,16.584809394963766,7.075606050763058,75.01843162982841,78.87958534086842,0.2
56,9,4,12.76221800177259,17.670352168210012,7.275678878424207,75.01843162982841,78.87958534086842,0.2
56,9,5,10.264597780639782,15.097859482884425,6.354153779589169,75.01843162982841,78.87958534086842,0.2
56,9,6,9.146584117052269,14.377520763403549,6.47552041331493,75.01843162982841,78.87958534086842,0.2
56,9,7,28.95813702692541,36.645636119609755,16.31831175098572,75.01843162982841,78.87958534086842,0.2
56,9,8,10.234379238033736,9.049878823704619,4.188682919769692,75.01843162982841,78.87958534086842,0.2
56,9,9,7.548729886234833,12.35809965260026,5.299416721094901,75.01843162982841,78.87958534086842,0.2
56,10,0,15.823105658287819,9.21238686039314,4.726698394909291,82.13035886358607,81.38219631926808,0.2
56,10,1,14.402946604862967,18.90035948199615,7.6161915671007,82.13035886358607,81.38219631926808,0.2
56,10,2,9.185631020098121,13.96366167421033,5.607669989216607,82.13035886358607,81.38219631926808,0.2
56,10,3,14.313771369923327,19.1396663963223,7.822045899319504,82.13035886358607,81.38219631926808,0.2
56,10,4,14.718513619835178,11.036125766350787,5.233274651003645,82.13035886358607,81.38219631926808,0.2
56,10,5,12.854291745166478,17.46872845441468,7.037199474300479,82.13035886358607,81.38219631926808,0.2
56,10,6,13.099813363332373,18.24195281156184,7.649724664335697,82.13035886358607,81.38219631926808,0.2
56,10,7,33.01153030157086,39.33839609239585,17.148703622377155,82.13035886358607,81.38219631926808,0.2
56,10,8,8.473599183524417,13.688306048590551,5.595930933708544,82.13035886358607,81.38219631926808,0.2
56,10,9,10.72058545875667,15.357480395609647,6.1700099641347785,82.13035886358607,81.38219631926808,0.2
56,11,0,9.561990827912021,12.177278798938584,5.746223962065696,76.95483303444556,73.66244406480541,0.2
56,11,1,15.40736214239355,15.996066086912215,6.776696671679672,76.95483303444556,73.66244406480541,0.2
56,11,2,11.344173992695742,9.717156432853917,4.350712255241437,76.95483303444556,73.66244406480541,0.2
56,11,3,15.82380022921587,16.335485205057445,7.000978314842313,76.95483303444556,73.66244406480541,0.2
56,11,4,10.586781730506766,12.540265976203193,5.7229058691310035,76.95483303444556,73.66244406480541,0.2
56,11,5,14.236075840997216,14.806654148123528,6.268112873497695,76.95483303444556,73.66244406480541,0.2
56,11,6,15.475198746594456,16.267970641251544,7.060398927912103,76.95483303444556,73.66244406480541,0.2
56,11,7,34.691391971265986,34.069956832333155,15.506712989511081,76.95483303444556,73.66244406480541,0.2
56,11,8,11.320426181492612,12.174337498750765,5.1551260275294135,76.95483303444556,73.66244406480541,0.2
56,11,9,12.481773482463701,8.592141427225767,4.1089691302754385,76.95483303444556,73.66244406480541,0.2
56,12,0,11.62446516147026,11.857045676685127,5.640023575268225,66.29627179926597,63.71668498496642,0.2
56,12,1,13.709085286239524,13.139771938068206,5.9050053199082395,66.29627179926597,63.71668498496642,0.2
56,12,2,8.801380414774993,9.094913151990655,4.153764922697328,66.29627179926597,63.71668498496642,0.2
56,12,3,14.162801355176766,13.383858012565664,6.0893821499366,66.29627179926597,63.71668498496642,0.2
56,12,4,11.577293251579402,11.60086881434638,5.419325542186575,66.29627179926597,63.71668498496642,0.2
56,12,5,12.680233176979009,6.641575182904881,3.576075844447397,66.29627179926597,63.71668498496642,0.2
56,12,6,14.283007746550112,13.699167446554686,6.260107574553046,66.29627179926597,63.71668498496642,0.2
56,12,7,31.369686616024218,28.324761237041443,13.626239586589122,66.29627179926597,63.71668498496642,0.2
56,12,8,10.428689049645351,7.722528175209199,3.7485145592036364,66.29627179926597,63.71668498496642,0.2
56,12,9,8.312340211548738,9.08778890322251,4.273489566271941,66.29627179926597,63.71668498496642,0.2
56,13,0,11.409624475723987,12.818479009926277,5.956387203173108,60.29782022619662,62.03981023128481,0.2
56,13,1,11.945675816452818,7.671812982982942,4.051701285677015,60.29782022619662,62.03981023128481,0.2
56,13,2,8.402960962119257,9.776695904616538,4.369355688948258,60.29782022619662,62.03981023128481,0.2
56,13,3,12.318665461721798,6.473091790464097,3.6622209375968153,60.29782022619662,62.03981023128481,0.2
56,13,4,10.963157958982029,12.28926297715215,5.6424791839973025,60.29782022619662,62.03981023128481,0.2
56,13,5,7.234310626070728,9.710019064358335,4.665208021045952,60.29782022619662,62.03981023128481,0.2
56,13,6,12.664038660492432,13.77385475373137,6.283978980153384,60.29782022619662,62.03981023128481,0.2
56,13,7,27.565536672749207,27.701719626681033,13.41573128891462,60.29782022619662,62.03981023128481,0.2
56,13,8,7.583149767288611,9.35141199238183,4.285895568236957,60.29782022619662,62.03981023128481,0.2
56,13,9,8.64516087590442,10.186292700298747,4.628850907191957,60.29782022619662,62.03981023128481,0.2
56,14,0,12.04962006155817,15.472519664347494,6.795010069256323,64.64651855430142,69.58005507829091,0.2
56,14,1,8.196488816127744,12.016654170782555,5.546989041932424,64.64651855430142,69.58005507829091,0.2
56,14,2,8.839095607751428,9.397580151245593,4.250051102568192,64.64651855430142,69.58005507829091,0.2
56,14,3,7.408579962030798,11.655370621658694,5.5275740200279,64.64651855430142,69.58005507829091,0.2
56,14,4,11.41459210982767,14.751582245861368,6.411931921848287,64.64651855430142,69.58005507829091,0.2
56,14,5,9.437597363010733,12.88666729659493,5.687421130366967,64.64651855430142,69.58005507829091,0.2
56,14,6,12.71232990785563,8.008423653867261,4.299112422597106,64.64651855430142,69.58005507829091,0.2
56,14,7,27.13968373198809,31.746216640386727,14.758561294177735,64.64651855430142,69.58005507829091,0.2
56,14,8,8.670257902854203,11.875168201003747,5.0661190335529405,64.64651855430142,69.58005507829091,0.2
56,14,9,9.364047844899808,12.532361410854552,5.351615761382318,64.64651855430142,69.58005507829091,0.2
56,15,0,13.746132824505228,18.961228938167604,7.834366991009697,76.47270651531183,80.72522663052388,0.2
56,15,1,11.221417977210328,16.19431195022341,6.8353784456473425,76.47270651531183,80.72522663052388,0.2
56,15,2,8.59774545900433,13.3042868392556,5.420970511752026,76.47270651531183,80.72522663052388,0.2
56,15,3,11.182141880902869,16.49358971350329,7.048341473692761,76.47270651531183,80.72522663052388,0.2
56,15,4,12.971175459797072,18.05454950138657,7.386055021993158,76.47270651531183,80.72522663052388,0.2
56,15,5,11.505508526123254,16.47624320856567,6.754880831225152,76.47270651531183,80.72522663052388,0.2
56,15,6,8.696995263609377,14.255189901323634,6.436903218310695,76.47270651531183,80.72522663052388,0.2
56,15,7,29.856194734170906,37.81658067465841,16.68158147455056,76.47270651531183,80.72522663052388,0.2
56,15,8,10.24863016098436,10.264189431869761,4.574617762897987,76.47270651531183,80.72522663052388,0.2
56,15,9,10.826182791768577,11.573409468958435,5.061564900371761,76.47270651531183,80.72522663052388,0.2
56,16,0,15.848725484835812,20.906509314546035,8.388695739584593,85.9746899576996,85.66294608644796,0.2
56,16,1,13.827797024870614,18.74252910384825,7.571615467681036,85.9746899576996,85.66294608644796,0.2
56,16,2,10.966485690642243,10.527488305439764,4.60161481367056,85.9746899576996,85.66294608644796,0.2
56,16,3,14.25861582283916,19.464060191106842,7.914613521151598,85.9746899576996,85.66294608644796,0.2
56,16,4,14.941801755495222,11.930472788443492,5.5266535058518365,85.9746899576996,85.66294608644796,0.2
56,16,5,13.664952394969376,18.50644835571936,7.327285464036828,85.9746899576996,85.66294608644796,0.2
56,16,6,13.021691758444726,18.407648880840803,7.698297663312408,85.9746899576996,85.66294608644796,0.2
56,16,7,33.74641572783926,41.06446048196271,17.672009051001982,85.9746899576996,85.66294608644796,0.2
56,16,8,9.254335571134618,14.345143736315453,5.782571133253465,85.9746899576996,85.66294608644796,0.2
56,16,9,10.239417265201876,15.207669946696404,6.127816639406358,85.9746899576996,85.66294608644796,0.2
56,17,0,16.97011846714029,8.749029600580934,4.558996874105445,83.19668145708907,78.6030924605107,0.2
56,17,1,15.317185825187869,17.728407135079863,7.28245174824105,83.19668145708907,78.6030924605107,0.2
56,17,2,9.30894991931178,12.616306302331514,5.223185887387701,83.19668145708907,78.6030924605107,0.2
56,17,3,16.01106217761381,18.375820897544962,7.602195431193453,83.19668145708907,78.6030924605107,0.2
56,17,4,11.180279704099297,14.992039283859846,6.4849163319235785,83.19668145708907,78.6030924605107,0.2
56,17,5,14.82291243208417,10.433501123094167,4.905892220997587,83.19668145708907,78.6030924605107,0.2
56,17,6,15.573460690110826,18.260542927323222,7.655180838777037,83.19668145708907,78.6030924605107,0.2
56,17,7,35.75002556508622,37.7810564516465,16.670610661696752,83.19668145708907,78.6030924605107,0.2
56,17,8,11.697994565819883,14.150404404243616,5.72750856303933,83.19668145708907,78.6030924605107,0.2
56,17,9,12.39641745795264,14.849108091044638,6.026319383099616,83.19668145708907,78.6030924605107,0.2
56,18,0,9.222734909768327,10.737995382905018,5.261912516691449,71.04621086595951,67.39825884337337,0.2
56,18,1,14.732214963491257,14.103448600305923,6.204925023171593,71.04621086595951,67.39825884337337,0.2
56,18,2,10.566372417895549,10.395099372801042,4.561030504675603,71.04621086595951,67.39825884337337,0.2
56,18,3,15.379048314856883,14.485906527490597,6.4361814656644825,71.04621086595951,67.39825884337337,0.2
56,18,4,13.118821068087234,12.877262206418377,5.830131578729112,71.04621086595951,67.39825884337337,0.2
56,18,5,9.924495387822201,10.636039820575181,4.9723641211947935,71.04621086595951,67.39825884337337,0.2
56,18,6,15.486236448940721,14.803425476160719,6.609208147138628,71.04621086595951,67.39825884337337,0.2
56,18,7,33.72422205201772,30.54273408974595,14.364654282341974,71.04621086595951,67.39825884337337,0.2
56,18,8,11.5866043844798,8.562607818877813,4.029505826832904,71.04621086595951,67.39825884337337,0.2
56,18,9,12.191091085762581,7.569620404296174,3.760224351595253,71.04621086595951,67.39825884337337,0.2
56,19,0,10.644715405592251,11.569709992071738,5.543998516748768,62.336735558774386,62.57251171780376,0.2
56,19,1,12.552405760297546,6.458597325699419,3.5917455297870466,62.336735558774386,62.57251171780376,0.2
56,19,2,9.226848892771802,7.592615097998837,3.6606389302559,62.336735558774386,62.57251171780376,0.2
56,19,3,13.020231671168894,13.09577951872502,5.9973342441087105,62.336735558774386,62.57251171780376,0.2
56,19,4,11.794208139315357,12.146054626328908,5.596371550276155,62.336735558774386,62.57251171780376,0.2
56,19,5,10.058966354001072,10.76032509921678,5.0129656735333725,62.336735558774386,62.57251171780376,0.2
56,19,6,13.370260254126867,13.535329681445178,6.207604813659123,62.336735558774386,62.57251171780376,0.2
56,19,7,29.059330851702676,27.620165637736015,13.388071882420098,62.336735558774386,62.57251171780376,0.2
56,19,8,8.151587966495098,9.052139732884712,4.189415406237187,62.336735558774386,62.57251171780376,0.2
56,19,9,7.606838379950249,8.919866640274677,4.218059869093033,62.336735558774386,62.57251171780376,0.2
56,20,0,11.21536822070216,11.528761271307301,5.53025588625894,63.51033106359044,62.57251171780376,0.2
56,20,1,7.266010001612729,7.4628139136506135,3.9741169451727605,63.51033106359044,62.57251171780376,0.2
56,20,2,7.405379601352015,7.637258799734389,3.6756925697780742,63.51033106359044,62.57251171780376,0.2
56,20,3,12.132454885603227,12.48285596035233,5.799440229620243,63.51033106359044,62.57251171780376,0.2
56,20,4,11.321317537620317,11.64548707365908,5.433907477936711,63.51033106359044,62.57251171780376,0.2
56,20,5,10.141102263387339,10.439162735848091,4.907755555363459,63.51033106359044,62.57251171780376,0.2
56,20,6,12.557826908405936,12.900201964599136,6.002241027791758,63.51033106359044,62.57251171780376,0.2
56,20,7,27.08372945500461,27.768736503454583,13.438442086338124,63.51033106359044,62.57251171780376,0.2
56,20,8,8.475080985048141,8.743806613037773,4.089007730114709,63.51033106359044,62.57251171780376,0.2
56,20,9,8.533028006037052,8.790088353184446,4.175006490144181,63.51033106359044,62.57251171780376,0.2
57,0,0,2.0,2.0,1.3363362311886422,17.940485854588083,17.940485854588083,0.0
57,0,1,2.0,2.0,2.640803719222746,17.940485854588083,17.940485854588083,0.0
57,0,2,2.0,2.0,1.3753404746856652,17.940485854588083,17.940485854588083,0.0
57,0,3,2.0,2.0,1.638442797513978,17.940485854588083,17.940485854588083,0.0
57,0,4,2.0,2.0,1.5850561763626314,17.940485854588083,17.940485854588083,0.0
57,0,5,2.0,2.0,1.661581764255883,17.940485854588083,17.940485854588083,0.0
57,0,6,2.0,2.0,1.472203499777593,17.940485854588083,17.940485854588083,0.0
57,0,7,2.0,2.0,1.5060417855394799,17.940485854588083,17.940485854588083,0.0
57,0,8,2.0,2.0,1.351488000851731,17.940485854588083,17.940485854588083,0.0
57,0,9,2.0,2.0,1.4854902103597427,17.940485854588083,17.940485854588083,0.0
57,1,0,2.7033742621264785,2.9459958991746786,1.7524968374639327,17.940485854588083,28.05125752075239,0.0
57,1,1,5.342278866093896,6.529761040598303,6.045653157864536,17.940485854588083,28.05125752075239,0.0
57,1,2,2.7822788562867196,3.267842510239618,1.9394206240537992,17.940485854588083,28.05125752075239,0.0
57,1,3,3.314528174414612,3.946027630130658,2.636467195332801,17.940485854588083,28.05125752075239,0.0
57,1,4,3.2065283954711985,3.8084157243257444,2.487967520676803,17.940485854588083,28.05125752075239,0.0
57,1,5,3.361337716566011,4.005671736519844,2.7019261186867647,17.940485854588083,28.05125752075239,0.0
57,1,6,2.9782302964061818,3.5175212723987968,2.1858107706334735,17.940485854588083,28.05125752075239,0.0
57,1,7,3.0466842892473385,3.604744454769967,2.2747211329513304,17.940485854588083,28.05125752075239,0.0
57,1,8,2.734025907406221,2.70337426212648,1.6688815733903657,17.940485854588083,28.05125752075239,0.0
57,1,9,3.0051089745246053,3.5517697325121396,2.2205479643270007,17.940485854588083,28.05125752075239,0.0
57,2,0,3.545256601060651,4.416712042196672,2.326827061416515,30.411689449861136,42.360036839772526,0.2
57,2,1,12.230202821169728,15.516137447704212,11.08060972486779,30.411689449861136,42.360036839772526,0.2
57,2,2,3.9233986747787246,3.9503738595996656,2.214807401352864,30.411689449861136,42.360036839772526,0.2
57,2,3,5.333506188381831,7.162108022890691,4.001648089476836,30.411689449861136,42.360036839772526,0.2
57,2,4,5.03309511740301,6.799301057917831,3.732919733098494,30.411689449861136,42.360036839772526,0.2
57,2,5,5.46592792812933,7.336911135614701,4.127242637745511,30.411689449861136,42.360036839772526,0.2
57,2,6,4.42183968472769,6.216482309724761,3.256327975644224,30.411689449861136,42.360036839772526,0.2
57,2,7,4.601703089997066,6.2917047737130085,3.359339216509011,30.411689449861136,42.360036839772526,0.2
57,2,8,3.3761050450811134,4.853500121444581,2.513794250533307,30.411689449861136,42.360036839772526,0.2
57,2,9,4.492112145488598,6.368722856070003,3.341838379284476,30.411689449861136,42.360036839772526,0.2
57,3,0,4.707112060156987,5.367229780158774,2.666980733578254,46.21182408963715,56.82150677021404,0.2
57,3,1,22.41579210363217,27.703724314036812,16.62615541347065,46.21182408963715,56.82150677021404,0.2
57,3,2,4.480499132361959,6.746112288879452,3.2212669962331573,46.21182408963715,56.82150677021404,0.2
57,3,3,8.095232471214926,10.765048056991493,5.322571052498797,46.21182408963715,56.82150677021404,0.2
57,3,4,7.551601830077119,10.120896494480371,4.931476298479897,46.21182408963715,56.82150677021404,0.2
57,3,5,8.349307053141763,11.08837211057429,5.5107178361146945,46.21182408963715,56.82150677021404,0.2
57,3,6,6.58746880683529,9.205616560535894,4.28631284605015,46.21182408963715,56.82150677021404,0.2
57,3,7,6.7958579313416845,9.243820557134256,4.397563092686239,46.21182408963715,56.82150677021404,0.2
57,3,8,5.085341936084911,5.964586792708307,2.904005609879347,46.21182408963715,56.82150677021404,0.2
57,3,9,6.7604541820349775,9.513396820302313,4.425717875959663,46.21182408963715,56.82150677021404,0.2
57,4,0,5.395234301422511,7.667847280276108,3.4234671464394664,57.62337191955268,62.49512717773165,0.2
57,4,1,33.63429021370784,37.39198474676357,20.509736865717215,57.62337191955268,62.49512717773165,0.2
57,4,2,6.516541335789686,8.669349127213895,3.839545089580963,57.62337191955268,62.49512717773165,0.2
57,4,3,10.767426083229122,13.131647739882105,6.116933280427725,57.62337191955268,62.49512717773165,0.2
57,4,4,9.976251326912774,12.265400659846424,5.641581667424107,57.62337191955268,62.49512717773165,0.2
57,4,5,11.148042248875308,13.546164928518849,6.339750571427921,57.62337191955268,62.49512717773165,0.2
57,4,6,8.671102045274363,6.536951851465908,3.3729472492424604,57.62337191955268,62.49512717773165,0.2
57,4,7,8.896158469243137,11.073359953385514,4.990127209317245,57.62337191955268,62.49512717773165,0.2
57,4,8,5.874729607410092,8.070623084899513,3.588609007905785,57.62337191955268,62.49512717773165,0.2
57,4,9,8.953114880871237,5.552461911890645,3.0359087144183867,57.62337191955268,62.49512717773165,0.2
57,5,0,6.925587105191324,7.087710089230503,3.24002907877361,57.76548035846229,59.29186729579827,0.2
57,5,1,41.49067687587048,38.26492826659288,20.843745338216106,57.76548035846229,59.29186729579827,0.2
57,5,2,7.767302218704896,5.629270027465613,2.8379561718578588,57.76548035846229,59.29186729579827,0.2
57,5,3,12.374400699099855,12.044594831073802,5.757909351170857,57.76548035846229,59.29186729579827,0.2
57,5,4,11.412776456590722,11.14383215735539,5.275308417283699,57.76548035846229,59.29186729579827,0.2
57,5,5,12.825154420796746,12.433727441570166,5.970650643354795,57.76548035846229,59.29186729579827,0.2
57,5,6,6.823386636012859,7.277581456723882,3.636116600558207,57.76548035846229,59.29186729579827,0.2
57,5,7,10.09490063021493,9.874498140262473,4.605497462261387,57.76548035846229,59.29186729579827,0.2
57,5,8,7.259664897492595,5.008234718052896,2.569629262935333,57.76548035846229,59.29186729579827,0.2
57,5,9,6.14156623847879,6.8258539120901345,3.507992769542331,57.76548035846229,59.29186729579827,0.2
57,6,0,6.55449655234371,4.951282073906168,2.5205604324382502,53.60622621179362,55.05749877346129,0.2
57,6,1,42.16636753426303,37.345917579023094,20.492045905074164,53.60622621179362,55.05749877346129,0.2
57,6,2,5.741113271485123,6.053956125092363,2.986185039882865,53.60622621179362,55.05749877346129,0.2
57,6,3,11.648104406903071,10.998871907914687,5.403236631711256,53.60622621179362,55.05749877346129,0.2
57,6,4,10.671814972328447,10.124503150900525,4.932706390404367,53.60622621179362,55.05749877346129,0.2
57,6,5,12.078474638854376,11.351012290568764,5.601765647822797,53.60622621179362,55.05749877346129,0.2
57,6,6,7.355771551068776,7.203316388676475,3.610102994064793,53.60622621179362,55.05749877346129,0.2
57,6,7,9.31680441881898,4.190654863000745,2.5276291238093296,53.60622621179362,55.05749877346129,0.2
57,6,8,5.198294748356481,5.765495575941484,2.8358081575181924,53.60622621179362,55.05749877346129,0.2
57,6,9,7.096580294370396,6.983445362427181,3.564491757981753,53.60622621179362,55.05749877346129,0.2
57,7,0,5.099029750265044,6.517908712752225,3.055417332103452,53.519106928523954,58.361633348467564,0.2
57,7,1,41.45488851171592,41.55501068916056,22.08266605352484,53.519106928523954,58.361633348467564,0.2
57,7,2,6.040976507526036,7.277654327741134,3.3969036102748555,53.519106928523954,58.361633348467564,0.2
57,7,3,10.930610501635947,11.97888879491329,5.735903812221763,53.519106928523954,58.361633348467564,0.2
57,7,4,9.978739771640269,5.44006595530808,3.193350414349589,53.519106928523954,58.361633348467564,0.2
57,7,5,11.332229659984927,12.37048617350909,5.9493765591906556,53.519106928523954,58.361633348467564,0.2
57,7,6,7.303146685695763,8.482162684805145,4.047636162347526,53.519106928523954,58.361633348467564,0.2
57,7,7,5.11332953341355,7.1740136503018155,3.682557729482365,53.519106928523954,58.361633348467564,0.2
57,7,8,5.736767893020476,4.804812624250708,2.4961157256554922,53.519106928523954,58.361633348467564,0.2
57,7,9,7.210876313305286,8.424627372918122,4.064754192590441,53.519106928523954,58.361633348467564,0.2
57,8,0,6.181031676673608,5.720191461873237,2.788573796659443,62.19591444739585,68.40229873347603,0.2
57,8,1,44.67267268143536,51.35367882448831,25.610332586276485,62.19591444739585,68.40229873347603,0.2
57,8,2,6.871849746057837,6.468757568812199,3.1279790791003177,62.19591444739585,68.40229873347603,0.2
57,8,3,11.603587760395412,14.54227990513931,6.569813425342496,62.19591444739585,68.40229873347603,0.2
57,8,4,6.460066799524618,9.524388802898326,4.726173305314105,62.19591444739585,68.40229873347603,0.2
57,8,5,12.035437706802858,15.051143328260526,6.824948274352859,62.19591444739585,68.40229873347603,0.2
57,8,6,8.18826517485781,11.02129080549994,4.8619397431401845,62.19591444739585,68.40229873347603,0.2
57,8,7,7.449720775603378,10.202206758875478,4.7119634084151425,62.19591444739585,68.40229873347603,0.2
57,8,8,5.049578729167638,7.563304929843628,3.429172437488397,62.19591444739585,68.40229873347603,0.2
57,8,9,8.222894515361313,11.182177106431391,4.955839737020135,62.19591444739585,68.40229873347603,0.2
57,9,0,5.641213980424723,10.339655805085126,4.220355193923515,75.16973656747207,78.8877240480211,0.2
57,9,1,51.80905249920259,63.749887534115885,29.79550304041325,75.16973656747207,78.8877240480211,0.2
57,9,2,6.327822248288791,11.221214338271334,4.599568886831116,75.16973656747207,78.8877240480211,0.2
57,9,3,13.290565732282941,8.167175428120057,4.386928998995289,75.16973656747207,78.8877240480211,0.2
57,9,4,9.560928584994551,14.917494969514996,6.470097002409519,75.16973656747207,78.8877240480211,0.2
57,9,5,13.806697053195077,19.295289653391315,8.121133166951712,75.16973656747207,78.8877240480211,0.2
57,9,6,9.835580641201362,6.7937541303186295,3.4651634643338043,75.16973656747207,78.8877240480211,0.2
57,9,7,9.532182324399672,14.5187339243449,6.032066865987146,75.16973656747207,78.8877240480211,0.2
57,9,8,6.937128764108931,11.363186039175858,4.559752594791436,75.16973656747207,78.8877240480211,0.2
57,9,9,10.025537944419206,15.473996744952423,6.221148210138152,75.16973656747207,78.8877240480211,0.2
57,10,0,8.537671389883965,11.50782198045473,4.548727714023959,82.13883298190513,81.73283602298557,0.2
57,10,1,60.27554605394359,67.35982349748417,30.96676115021834,82.13883298190513,81.73283602298557,0.2
57,10,2,9.30481106126778,12.41924507407201,4.9380543440009,82.13883298190513,81.73283602298557,0.2
57,10,3,8.874645967737745,13.550786168781633,6.252956841377236,82.13883298190513,81.73283602298557,0.2
57,10,4,13.088841940787328,16.671346283041295,6.993637735572867,82.13883298190513,81.73283602298557,0.2
57,10,5,16.42884617691682,20.06925678017265,8.34781129243285,82.13883298190513,81.73283602298557,0.2
57,10,6,7.0099376974975245,11.387507394926134,4.9744711819427,82.13883298190513,81.73283602298557,0.2
57,10,7,12.202718097698297,15.522071949810464,6.320927502265653,82.13883298190513,81.73283602298557,0.2
57,10,8,9.224263713526081,8.954948974013021,3.859538505337517,82.13883298190513,81.73283602298557,0.2
57,10,9,12.585224855575724,7.677105262739052,3.8087901371737662,82.13883298190513,81.73283602298557,0.2
57,11,0,9.201960659688126,7.51188947331367,3.374575730778949,77.28639719804923,73.99947393871689,0.2
57,11,1,62.64497146833768,59.3113887800104,28.327731099342223,77.28639719804923,73.99947393871689,0.2
57,11,2,9.989558545965542,6.682997234626487,3.2001410736294504,77.28639719804923,73.99947393871689,0.2
57,11,3,12.649572908856241,13.641871710395673,6.282349007226516,77.28639719804923,73.99947393871689,0.2
57,11,4,14.147951549713907,14.518377012357934,6.348429641743061,77.28639719804923,73.99947393871689,0.2
57,11,5,16.887410268730534,16.968139067822513,7.422405392256008,77.28639719804923,73.99947393871689,0.2
57,11,6,10.063228884389522,10.749665755700066,4.7777489021788755,77.28639719804923,73.99947393871689,0.2
57,11,7,12.78707582985542,13.093658778967097,5.611238624687164,77.28639719804923,73.99947393871689,0.2
57,11,8,7.807748391087864,8.861645789982823,3.8313450656719468,77.28639719804923,73.99947393871689,0.2
57,11,9,7.705085730945234,9.224678751167692,4.331264169007318,77.28639719804923,73.99947393871689,0.2
57,12,0,6.826681012809166,7.174817989882149,3.2678519170547857,66.59959901585479,63.917445356261474,0.2
57,12,1,57.30628068827028,49.957117869593745,25.120789742950624,66.59959901585479,63.917445356261474,0.2
57,12,2,6.473804130812659,7.055722442168215,3.32405551819978,66.59959901585479,63.917445356261474,0.2
57,12,3,12.70903251401446,12.260432563727916,5.829943443344516,66.59959901585479,63.917445356261474,0.2
57,12,4,12.842711959656755,12.121829971600102,5.595274446768268,66.59959901585479,63.917445356261474,0.2
57,12,5,15.015337631492498,13.931081033683009,6.465321012939812,66.59959901585479,63.917445356261474,0.2
57,12,6,9.665264707793538,9.140771468689305,4.26515525699539,66.59959901585479,63.917445356261474,0.2
57,12,7,11.351393251634367,5.762311257499064,3.1588843345994997,66.59959901585479,63.917445356261474,0.2
57,12,8,7.750713778560053,5.064792228961078,2.5899080238567156,66.59959901585479,63.917445356261474,0.2
57,12,9,8.76203743016837,8.525872889236641,4.098887461828574,66.59959901585479,63.917445356261474,0.2
57,13,0,6.610781447681566,5.71206426870797,2.785799820002295,60.48780833966721,61.919908880484485,0.2
57,13,1,50.81871975810928,48.36348278766683,24.5571195024957,60.48780833966721,61.919908880484485,0.2
57,13,2,6.724479905620592,7.6583091282665805,3.5203208826287695,60.48780833966721,61.919908880484485,0.2
57,13,3,11.793827546209638,12.419036443300644,5.882633850450249,60.48780833966721,61.919908880484485,0.2
57,13,4,11.319098125082597,4.671036483759486,2.8702051766520342,60.48780833966721,61.919908880484485,0.2
57,13,5,13.07918023536675,13.479596294147967,6.317926076730589,60.48780833966721,61.919908880484485,0.2
57,13,6,8.628300779870962,9.234462833457766,4.295710400026632,60.48780833966721,61.919908880484485,0.2
57,13,7,6.390342795386893,8.051680793429137,3.9924235532661667,60.48780833966721,61.919908880484485,0.2
57,13,8,5.239318166762132,6.712582383317334,3.1543794691633154,60.48780833966721,61.919908880484485,0.2
57,13,9,8.291945252284405,8.98023623073065,4.250599922353594,60.48780833966721,61.919908880484485,0.2
57,14,0,5.635602296086866,8.540969349686918,3.691898568542332,64.52157934397337,69.4021900996936,0.2
57,14,1,49.678429174939886,55.667021926687724,27.097780319050624,64.52157934397337,69.4021900996936,0.2
57,14,2,7.12151975409665,7.523317231982164,3.476768621628372,64.52157934397337,69.4021900996936,0.2
57,14,3,11.90041890181773,15.063395410143313,6.7337393250434445,64.52157934397337,69.4021900996936,0.2
57,14,4,5.806352189285188,9.923050093061251,4.863795318980853,64.52157934397337,69.4021900996936,0.2
57,14,5,12.781004022213144,6.1245835693442086,3.6370922432056587,64.52157934397337,69.4021900996936,0.2
57,14,6,8.690113058336822,11.747505185735294,5.084038148258741,64.52157934397337,69.4021900996936,0.2
57,14,7,8.076571468699267,11.228005014626605,5.038808383205783,64.52157934397337,69.4021900996936,0.2
57,14,8,6.381229567001481,9.155887447554793,3.9199588582120497,64.52157934397337,69.4021900996936,0.2
57,14,9,8.598855707494026,11.790490937857921,5.143054414741606,64.52157934397337,69.4021900996936,0.2
57,15,0,7.468617055829891,8.549861260634874,3.694588665580724,76.27722210110262,81.2981436337392,0.2
57,15,1,54.818121491864176,65.94498585574338,30.510011519343994,76.27722210110262,81.2981436337392,0.2
57,15,2,7.033414636014831,10.675832294185396,4.441917079632307,76.27722210110262,81.2981436337392,0.2
57,15,3,13.622183664809768,17.989640236945803,7.624757247023668,76.27722210110262,81.2981436337392,0.2
57,15,4,9.83933442400842,13.9723837300896,6.180349210094176,76.27722210110262,81.2981436337392,0.2
57,15,5,7.3577452513700905,11.978596258830065,5.816809879465524,76.27722210110262,81.2981436337392,0.2
57,15,6,10.284880075014355,14.509194845708524,5.893824067878626,76.27722210110262,81.2981436337392,0.2
57,15,7,10.193381408831042,14.121203352487715,5.915973496278118,76.27722210110262,81.2981436337392,0.2
57,15,8,7.929977230699826,9.451200362163165,4.0080402695819375,76.27722210110262,81.2981436337392,0.2
57,15,9,10.404268483509918,14.85007190984691,6.044477799022271,76.27722210110262,81.2981436337392,0.2
57,16,0,7.474059053828959,11.706036209572474,4.603431133277288,86.58486305697596,85.93375767758226,0.2
57,16,1,61.72097856331618,71.94018399296799,32.426136530061775,86.58486305697596,85.93375767758226,0.2
57,16,2,8.985885458554833,13.232978992106464,5.162375168729945,86.58486305697596,85.93375767758226,0.2
57,16,3,15.424690295369517,20.285261696595395,8.293478382950662,86.58486305697596,85.93375767758226,0.2
57,16,4,12.502689514495225,17.372582969408562,7.19828003372096,86.58486305697596,85.93375767758226,0.2
57,16,5,11.76725867998285,17.262621586521206,7.512343635902678,86.58486305697596,85.93375767758226,0.2
57,16,6,11.923056427522294,9.98221648127189,4.536341463195506,86.58486305697596,85.93375767758226,0.2
57,16,7,11.967864158734326,16.46845424257722,6.588294603107512,86.58486305697596,85.93375767758226,0.2
57,16,8,8.108163689251002,12.252717729581809,4.806776145628007,86.58486305697596,85.93375767758226,0.2
57,16,9,12.227825100077698,8.477731657715372,4.082672685612504,86.58486305697596,85.93375767758226,0.2
57,17,0,9.312624287754415,10.556465970412416,4.2821091461637435,83.45969629269545,79.79677894867228,0.2
57,17,1,65.59725080386134,65.04794663630176,30.21889921607658,83.45969629269545,79.79677894867228,0.2
57,17,2,10.44335387821668,8.567936658355409,3.8080496311683683,83.45969629269545,79.79677894867228,0.2
57,17,3,16.777496172522916,17.900382211193918,7.598255612671952,83.45969629269545,79.79677894867228,0.2
57,17,4,14.561937722388343,15.852561480595948,6.7513912126246804,83.45969629269545,79.79677894867228,0.2
57,17,5,15.197280414589088,16.72836968009804,7.348830870034173,83.45969629269545,79.79677894867228,0.2
57,17,6,9.17690358878607,11.112106227031862,4.8899488682577115,83.45969629269545,79.79677894867228,0.2
57,17,7,13.327952685609265,14.463723007821963,6.016059072017283,83.45969629269545,79.79677894867228,0.2
57,17,8,9.723986084202723,7.67934487562808,3.4659166756734914,83.45969629269545,79.79677894867228,0.2
57,17,9,8.259143171740892,10.551228725728732,4.758399743596211,83.45969629269545,79.79677894867228,0.2
57,18,0,8.662598067148659,6.628091137897408,3.091481673730855,72.1251366345402,67.88720410934793,0.2
57,18,1,61.13206576601705,53.73713802076194,26.436703416871026,72.1251366345402,67.88720410934793,0.2
57,18,2,7.703587706099973,8.074726871321326,3.653244304007133,72.1251366345402,67.88720410934793,0.2
57,18,3,15.371078162031646,14.488206466872395,6.5527036181805896,72.1251366345402,67.88720410934793,0.2
57,18,4,13.657892985152461,13.036941169256123,5.88771332398761,72.1251366345402,67.88720410934793,0.2
57,18,5,14.866498241314591,14.199169248950291,6.552164242860429,72.1251366345402,67.88720410934793,0.2
57,18,6,9.892242390078778,9.630981232724844,4.42401126808527,72.1251366345402,67.88720410934793,0.2
57,18,7,12.170334736982962,5.648851116483758,3.11521564019231,72.1251366345402,67.88720410934793,0.2
57,18,8,7.011461424911426,7.708914649112884,3.475253291455774,72.1251366345402,67.88720410934793,0.2
57,18,9,9.626121851313734,9.40003055372944,4.388734238456313,72.1251366345402,67.88720410934793,0.2
57,19,0,6.253988924004497,6.65645666922763,3.100736937575482,62.78896165883732,63.00526315264478,0.2
57,19,1,53.48077970547184,48.46793149279975,24.594232016577134,62.78896165883732,63.00526315264478,0.2
57,19,2,7.390420460222408,5.284105400772791,2.714996394953935,62.78896165883732,63.00526315264478,0.2
57,19,3,13.255953026863509,12.739707004524746,5.98855295963714,62.78896165883732,63.00526315264478,0.2
57,19,4,11.910694547800805,11.538263601786772,5.405327115640036,62.78896165883732,63.00526315264478,0.2
57,19,5,13.254861884287175,12.782917065127467,6.087538208872504,62.78896165883732,63.00526315264478,0.2
57,19,6,8.949662456477212,8.711884943824918,4.124063471217752,62.78896165883732,63.00526315264478,0.2
57,19,7,6.302002135479725,7.281314422816119,3.7210274544779613,62.78896165883732,63.00526315264478,0.2
57,19,8,7.0303491615544225,5.964776098542783,2.904070127309485,62.78896165883732,63.00526315264478,0.2
57,19,9,8.878297921326975,8.604756396819486,4.125397518293958,62.78896165883732,63.00526315264478,0.2
57,20,0,6.272712087743385,6.46685469826593,3.038644673532855,63.94956845618461,63.00526315264478,0.2
57,20,1,49.75350684852906,50.975120433485365,25.478033737626653,63.94956845618461,63.00526315264478,0.2
57,20,2,5.492368765124464,5.6715343729000205,2.8528545159466043,63.94956845618461,63.00526315264478,0.2
57,20,3,12.11469057010028,12.446119676559118,5.891611042411418,63.94956845618461,63.00526315264478,0.2
57,20,4,10.934839497540237,11.240205871891026,5.307202366004885,63.94956845618461,63.00526315264478,0.2
57,20,5,12.314935215772303,12.654142161524023,6.044545021294892,63.94956845618461,63.00526315264478,0.2
57,20,6,8.34287567998464,8.631644330139318,4.097437375430689,63.94956845618461,63.00526315264478,0.2
57,20,7,7.527544052408254,7.7485772294533755,3.8866139118970784,63.94956845618461,63.00526315264478,0.2
57,20,8,5.874860124532971,6.05284916682247,2.934020158660014,63.94956845618461,63.00526315264478,0.2
57,20,9,8.345574423344365,8.650565480646055,4.14075891558169,63.94956845618461,63.00526315264478,0.2
58,0,0,2.0,2.0,1.502748716522089,18.160605332240404,18.160605332240404,0.0
58,0,1,2.0,2.0,1.4757022590196651,18.160605332240404,18.160605332240404,0.0
58,0,2,2.0,2.0,1.5005919829190866,18.160605332240404,18.160605332240404,0.0
58,0,3,2.0,2.0,1.9239796304476893,18.160605332240404,18.160605332240404,0.0
58,0,4,2.0,2.0,1.3211471775506085,18.160605332240404,18.160605332240404,0.0
58,0,5,2.0,2.0,2.085160472432353,18.160605332240404,18.160605332240404,0.0
58,0,6,2.0,2.0,1.4620740125317775,18.160605332240404,18.160605332240404,0.0
58,0,7,2.0,2.0,1.510583298683678,18.160605332240404,18.160605332240404,0.0
58,0,8,2.0,2.0,1.5164689688108255,18.160605332240404,18.160605332240404,0.0
58,0,9,2.0,2.0,1.4517960686006945,18.160605332240404,18.160605332240404,0.0
58,1,0,3.0400224942460143,3.636717013777563,2.283820803094822,18.160605332240404,28.054191979961445,0.0
58,1,1,2.9853081975089464,3.5659095175529627,2.2120603354951136,18.160605332240404,28.054191979961445,0.0
58,1,2,3.035659476933048,3.6310706955328023,2.278063984627665,18.160605332240404,28.054191979961445,0.0
58,1,3,3.8921619368065086,4.739497529296064,3.5195900692797126,18.160605332240404,28.054191979961445,0.0
58,1,4,2.6726471923121733,2.940249958543341,1.7302114475127295,18.160605332240404,28.054191979961445,0.0
58,1,5,4.218226687278506,5.161468201768948,4.0491117783006905,18.160605332240404,28.054191979961445,0.0
58,1,6,2.9577386009258317,3.5302308335089396,2.1762587664663235,18.160605332240404,28.054191979961445,0.0
58,1,7,3.0558716550154683,3.657227912359321,2.3047833068240458,18.160605332240404,28.054191979961445,0.0
58,1,8,3.0677782162279446,3.6726365685676208,2.3205829595978065,18.160605332240404,28.054191979961445,0.0
58,1,9,2.936946581340944,2.6726471923121733,1.778458608463126,18.160605332240404,28.054191979961445,0.0
58,2,0,4.620111491629547,6.4337454567396755,3.4047880417178162,30.41487083529824,42.06289452691172,0.2
58,2,1,4.474941887887937,6.368668021879179,3.3197988710617987,30.41487083529824,42.06289452691172,0.2
58,2,2,4.608465594053303,6.352735444851142,3.36987788682295,30.41487083529824,42.06289452691172,0.2
58,2,3,7.120041337249041,9.452252050890756,5.706294458212453,30.41487083529824,42.06289452691172,0.2
58,2,4,3.500173823081977,4.748748896295828,2.420113020713053,30.41487083529824,42.06289452691172,0.2
58,2,5,8.191250308460765,10.765954174376631,6.774156963719257,30.41487083529824,42.06289452691172,0.2
58,2,6,4.40251622285146,4.213819394359454,2.4633238020168045,30.41487083529824,42.06289452691172,0.2
58,2,7,4.662518104373188,6.440721268986676,3.425136116119619,30.41487083529824,42.06289452691172,0.2
58,2,8,4.694480400734133,6.463782948681984,3.447095108030598,30.41487083529824,42.06289452691172,0.2
58,2,9,3.5977766045451127,5.323273258214063,2.8807777313507597,30.41487083529824,42.06289452691172,0.2
58,3,0,6.887799750657684,9.67729753704139,4.530991365510933,45.8876627027278,56.01224695443112,0.2
58,3,1,6.715868816549441,9.636138925168277,4.4361873796531,45.8876627027278,56.01224695443112,0.2
58,3,2,6.817177393778468,5.890190572641643,3.1961869009441997,45.8876627027278,56.01224695443112,0.2
58,3,3,11.54368878910451,15.219996895486396,7.9647044981546005,45.8876627027278,56.01224695443112,0.2
58,3,4,4.895827187004759,6.746623081960949,3.0945016443174547,45.8876627027278,56.01224695443112,0.2
58,3,5,13.703947521526374,17.813381439002054,9.63697969479442,45.8876627027278,56.01224695443112,0.2
58,3,6,4.983241500331454,7.670485375344177,3.7464880636027362,45.8876627027278,56.01224695443112,0.2
58,3,7,6.9289633884741475,9.661031107251665,4.549253292921911,45.8876627027278,56.01224695443112,0.2
58,3,8,6.973385871505668,9.691216713066606,4.576962399015838,45.8876627027278,56.01224695443112,0.2
58,3,9,5.827740198971968,8.464766696640694,3.9857964310888017,45.8876627027278,56.01224695443112,0.2
58,4,0,9.166080477025137,11.068751229433083,4.977765203473919,56.802691828597176,61.77765364728161,0.2
58,4,1,8.974294420991093,6.475991640614667,3.3588618430352004,56.802691828597176,61.77765364728161,0.2
58,4,2,6.46580493987865,8.82992940324419,4.243377671626273,56.802691828597176,61.77765364728161,0.2
58,4,3,16.112394952131368,18.55024461091608,9.14795924965451,56.802691828597176,61.77765364728161,0.2
58,4,4,6.260098247815114,7.427592867938749,3.3099685530522756,56.802691828597176,61.77765364728161,0.2
58,4,5,19.495365210871892,22.139770956095802,11.221209563013012,56.802691828597176,61.77765364728161,0.2
58,4,6,7.579050218146765,9.579240276905436,4.377035890115968,56.802691828597176,61.77765364728161,0.2
58,4,7,9.203023892452665,11.111099247187228,5.017109740496922,56.802691828597176,61.77765364728161,0.2
58,4,8,9.259078710463717,11.173125792973517,5.056323042398488,56.802691828597176,61.77765364728161,0.2
58,4,9,8.063164968816883,9.950301401942811,4.463442910157624,56.802691828597176,61.77765364728161,0.2
58,5,0,10.069892606302133,9.856889984170781,4.589689494200475,57.10230540382844,57.81659537827146,0.2
58,5,1,6.794892216926105,7.3774087420531,3.679683262490818,57.10230540382844,57.81659537827146,0.2
58,5,2,8.584245277667174,8.906918054247274,4.269242701011885,57.10230540382844,57.81659537827146,0.2
58,5,3,18.506089268043517,17.722276391885394,8.860191866517855,57.10230540382844,57.81659537827146,0.2
58,5,4,6.69598233283731,6.243786692437709,2.931189152321483,57.10230540382844,57.81659537827146,0.2
58,5,5,22.70022200595013,21.505760448407592,10.995294076664205,57.10230540382844,57.81659537827146,0.2
58,5,6,8.85463245969046,8.92103200329949,4.164270468095877,57.10230540382844,57.81659537827146,0.2
58,5,7,10.149485605624362,10.020882182198951,4.667215467002151,57.10230540382844,57.81659537827146,0.2
58,5,8,10.228813119628377,10.1275566989809,4.720258784830317,57.10230540382844,57.81659537827146,0.2
58,5,9,9.02943166710242,5.45756659033085,2.9314598439797828,57.10230540382844,57.81659537827146,0.2
58,6,0,9.284825300843279,5.073107085660891,2.8830832937105835,52.272421699611336,53.076046564839245,0.2
58,6,1,7.443905801870781,7.2291049901686435,3.627746381994535,52.272421699611336,53.076046564839245,0.2
58,6,2,8.63656957532392,8.415998443343899,4.10313283842329,52.272421699611336,53.076046564839245,0.2
58,6,3,17.9239431592314,16.415850849580806,8.397767586378285,52.272421699611336,53.076046564839245,0.2
58,6,4,5.9297212234992,4.540126365273276,2.345188537564896,52.272421699611336,53.076046564839245,0.2
58,6,5,22.243200713735437,20.14062166434124,10.501939126904391,52.272421699611336,53.076046564839245,0.2
58,6,6,8.424213413693348,8.100550955557352,3.892320124311556,52.272421699611336,53.076046564839245,0.2
58,6,7,9.441658375205073,8.959300690467945,4.315345382231826,52.272421699611336,53.076046564839245,0.2
58,6,8,9.548963660243189,9.086130744942615,4.374997590363227,52.272421699611336,53.076046564839245,0.2
58,6,9,5.930268825850271,6.459493309708138,3.298553527258497,52.272421699611336,53.076046564839245,0.2
58,7,0,5.832404293080779,7.737028225149512,3.8740685007442752,51.59301956550485,55.21043390348919,0.2
58,7,1,7.338838811459317,8.621235463106112,4.103707517325934,51.59301956550485,55.21043390348919,0.2
58,7,2,8.300533541332724,9.534218430766472,4.47755772095419,51.59301956550485,55.21043390348919,0.2
58,7,3,16.98847058284264,18.01380950208695,8.961967585987148,51.59301956550485,55.21043390348919,0.2
58,7,4,4.744256860152442,6.277861520737341,2.9423776732532176,51.59301956550485,55.21043390348919,0.2
58,7,5,21.24515617812701,22.150915015718535,11.225163003741713,51.59301956550485,55.21043390348919,0.2
58,7,6,7.87406477384913,5.310641475255685,2.896351382746094,51.59301956550485,55.21043390348919,0.2
58,7,7,8.729834128747088,4.420299169002329,2.6317210024307762,51.59301956550485,55.21043390348919,0.2
58,7,8,8.850509031049185,10.012437009999804,4.682635882047142,51.59301956550485,55.21043390348919,0.2
58,7,9,6.672890025518092,8.129918810036164,3.8747614028665986,51.59301956550485,55.21043390348919,0.2
58,8,0,7.837142202835756,11.306072046778523,5.0522355774215555,58.83768542189338,64.74987430628039,0.2
58,8,1,8.301696102159958,11.791386068607094,5.109438151580713,58.83768542189338,64.74987430628039,0.2
58,8,2,9.05798557092667,6.008644014570582,3.241045718091503,58.83768542189338,64.74987430628039,0.2
58,8,3,18.129832855328285,22.543538184731126,10.485639638842025,58.83768542189338,64.74987430628039,0.2
58,8,4,5.952355317234137,9.073500458138776,3.8077866786186063,58.83768542189338,64.74987430628039,0.2
58,8,5,22.708219716154627,27.686290289648895,13.122114540682789,58.83768542189338,64.74987430628039,0.2
58,8,6,5.859245300283209,9.449136502896582,4.3353368467982465,58.83768542189338,64.74987430628039,0.2
58,8,7,5.323904760661049,9.289107934478682,4.425939654077311,58.83768542189338,64.74987430628039,0.2
58,8,8,9.472853483270697,7.072901594963282,3.671392885152874,58.83768542189338,64.74987430628039,0.2
58,8,9,7.838543926234361,11.063325125043267,4.807337267114217,58.83768542189338,64.74987430628039,0.2
58,9,0,10.220544281772986,14.52295976963953,6.020103567728898,71.15595651755498,75.5217045690101,0.2
58,9,1,10.336263636752758,14.858838792966003,6.007131718176651,71.15595651755498,75.5217045690101,0.2
58,9,2,6.556553187868298,10.979339883012738,4.942480739648752,71.15595651755498,75.5217045690101,0.2
58,9,3,21.21218272766953,27.2267544839911,11.966760118361131,71.15595651755498,75.5217045690101,0.2
58,9,4,7.703055759768954,8.947174963564407,3.7705990643009923,71.15595651755498,75.5217045690101,0.2
58,9,5,26.545704506121275,33.49365076811284,14.993127286167805,71.15595651755498,75.5217045690101,0.2
58,9,6,8.770276353921963,12.841545321248734,5.373787182137891,71.15595651755498,75.5217045690101,0.2
58,9,7,8.953563532371628,13.20077060329022,5.660348627091643,71.15595651755498,75.5217045690101,0.2
58,9,8,7.427134579033562,11.796436983994909,5.252162171069749,71.15595651755498,75.5217045690101,0.2
58,9,9,9.725121218720776,7.802203630339514,3.764754972837822,71.15595651755498,75.5217045690101,0.2
58,10,0,12.178516649105736,8.254688808039873,4.053739741223887,78.63409361799567,78.16956526815717,0.2
58,10,1,12.152274926855542,9.604882374413668,4.426109771377441,78.63409361799567,78.16956526815717,0.2
58,10,2,9.99851303196174,14.068040484095542,5.879022895018358,78.63409361799567,78.16956526815717,0.2
58,10,3,24.208451847664044,29.03796168924155,12.518599984814943,78.63409361799567,78.16956526815717,0.2
58,10,4,7.627826160309017,11.277845948783918,4.433926757935457,78.63409361799567,78.16956526815717,0.2
58,10,5,30.3307157796357,35.692490836897385,15.675531904785615,78.63409361799567,78.16956526815717,0.2
58,10,6,10.87103501295851,14.542008829579157,5.8625349349316895,78.63409361799567,78.16956526815717,0.2
58,10,7,11.450741539448991,15.310920291750234,6.279493116043795,78.63409361799567,78.16956526815717,0.2
58,10,8,10.624990703989948,14.66340092164993,6.116131680864906,78.63409361799567,78.16956526815717,0.2
58,10,9,7.616003711677959,12.07780651805156,5.111828402859163,78.63409361799567,78.16956526815717,0.2
58,11,0,8.20061255993659,10.069688842600499,4.658827221349129,73.91697589466499,70.61842213171299,0.2
58,11,1,8.953907675350008,10.232951351094236,4.626775015573717,73.91697589466499,70.61842213171299,0.2
58,11,2,11.893114030671958,12.614115633823948,5.446799518406878,73.91697589466499,70.61842213171299,0.2
58,11,3,25.324809884637713,25.041924875870674,11.28617730315516,73.91697589466499,70.61842213171299,0.2
58,11,4,8.969721240660238,8.261838119149225,3.566020875403224,73.91697589466499,70.61842213171299,0.2
58,11,5,31.711202994808126,30.96670912544028,14.192046483266056,73.91697589466499,70.61842213171299,0.2
58,11,6,11.859759306095178,7.281843700921121,3.6125786248175933,73.91697589466499,70.61842213171299,0.2
58,11,7,12.70325511867142,13.221660630603454,5.666617333250283,73.91697589466499,70.61842213171299,0.2
58,11,8,12.37277908353928,13.035359091389129,5.632466669915739,73.91697589466499,70.61842213171299,0.2
58,11,9,10.34109905439344,11.211931971752932,4.852448522758319,73.91697589466499,70.61842213171299,0.2
58,12,0,9.42468916725162,9.31509015995142,4.411601875453287,63.55664907833534,60.71820696866652,0.2
58,12,1,9.359848368869198,8.910314202268065,4.199550985295612,63.55664907833534,60.71820696866652,0.2
58,12,2,11.018737115229387,10.49313525169451,4.788233429804838,63.55664907833534,60.71820696866652,0.2
58,12,3,22.831650094532737,20.591029133901362,9.841337140725154,63.55664907833534,60.71820696866652,0.2
58,12,4,7.213969679020062,5.451021003472347,2.6654141756206684,63.55664907833534,60.71820696866652,0.2
58,12,5,28.710149657199636,25.589994328094985,12.418456470701486,63.55664907833534,60.71820696866652,0.2
58,12,6,7.308154823845019,7.952313471058116,3.8423224178855553,63.55664907833534,60.71820696866652,0.2
58,12,7,11.463422972826747,6.0901066093772585,3.293526092243514,63.55664907833534,60.71820696866652,0.2
58,12,8,11.394337048088303,10.800357063235994,4.937637587530293,63.55664907833534,60.71820696866652,0.2
58,12,9,9.816380143379279,9.411135276384083,4.292734515017804,63.55664907833534,60.71820696866652,0.2
58,13,0,8.92455857029425,9.779801525127944,4.564533486921238,57.46023241977334,58.365405766100814,0.2
58,13,1,8.495585004110708,9.23465607411334,4.30598242697671,57.46023241977334,58.365405766100814,0.2
58,13,2,9.686474640947388,4.6850097134296975,2.7229456433158976,57.46023241977334,58.365405766100814,0.2
58,13,3,19.908775134743863,19.94035601067872,9.622601666711711,57.46023241977334,58.365405766100814,0.2
58,13,4,5.392065194453901,6.61880126255139,3.0533440488294157,57.46023241977334,58.365405766100814,0.2
58,13,5,25.12222209852911,24.766496662975896,12.137344843056308,57.46023241977334,58.365405766100814,0.2
58,13,6,7.772920683340424,8.862292772547313,4.145058136476139,57.46023241977334,58.365405766100814,0.2
58,13,7,6.662719652144373,8.361795920752487,4.1118132008834,57.46023241977334,58.365405766100814,0.2
58,13,8,9.988715458208194,10.678518674297042,4.898580382457357,57.46023241977334,58.365405766100814,0.2
58,13,9,8.68409291853057,5.621137975551854,2.992689024800396,57.46023241977334,58.365405766100814,0.2
58,14,0,9.23393533690354,11.879428772296965,5.230247725490338,60.81772772549352,65.2875799058495,0.2
58,14,1,8.710893108019388,11.430187337256545,4.999367804049678,60.81772772549352,65.2875799058495,0.2
58,14,2,5.508449892705555,8.748665721491733,4.216002899509835,60.81772772549352,65.2875799058495,0.2
58,14,3,19.466278825161652,22.851936830503817,10.585846280476193,60.81772772549352,65.2875799058495,0.2
58,14,4,6.176837477257086,5.952895277777193,2.834914557963455,60.81772772549352,65.2875799058495,0.2
58,14,5,24.553540414066738,28.343487631215858,13.339384426906644,60.81772772549352,65.2875799058495,0.2
58,14,6,8.3853473546851,10.940443488667777,4.803666074576523,60.81772772549352,65.2875799058495,0.2
58,14,7,8.318093694169196,11.050426461270957,4.997916647297662,60.81772772549352,65.2875799058495,0.2
58,14,8,9.909703724124734,6.702928365851743,3.535881774771275,60.81772772549352,65.2875799058495,0.2
58,14,9,6.054133903858597,8.969917715906213,4.150845230341567,60.81772772549352,65.2875799058495,0.2
58,15,0,10.580658337056025,7.123318472356697,3.6563100966511075,71.7550155948746,75.24054821322605,0.2
58,15,1,10.113594118712342,14.992084754978704,6.044789269040777,71.7550155948746,75.24054821322605,0.2
58,15,2,8.528866808802844,13.133727897378174,5.60290469181389,71.7550155948746,75.24054821322605,0.2
58,15,3,21.41489821914953,27.830539401024502,12.151911820069852,71.7550155948746,75.24054821322605,0.2
58,15,4,5.734960163812404,10.203957412113585,4.133978850757603,71.7550155948746,75.24054821322605,0.2
58,15,5,26.985235968820803,34.37169431576594,15.267191220674988,71.7550155948746,75.24054821322605,0.2
58,15,6,9.717694489439564,8.467647323512015,4.014969901283172,71.7550155948746,75.24054821322605,0.2
58,15,7,10.110658465452218,14.695220619209405,6.101645320271764,71.7550155948746,75.24054821322605,0.2
58,15,8,7.15299904376341,12.063890575775229,5.33523684222125,71.7550155948746,75.24054821322605,0.2
58,15,9,8.39705449862326,12.867975235985924,5.343696334371191,71.7550155948746,75.24054821322605,0.2
58,16,0,7.396622480891537,12.227316252623032,5.336999601106065,80.13334957220768,80.33601587908313,0.2
58,16,1,12.22845519601598,9.400937403577394,4.3601111212809425,80.13334957220768,80.33601587908313,0.2
58,16,2,11.33453391705518,15.318224217491165,6.240042108827095,80.13334957220768,80.33601587908313,0.2
58,16,3,24.583009038666084,30.06137153581754,12.825834352091649,80.13334957220768,80.33601587908313,0.2
58,16,4,8.362934241012656,8.387188227112686,3.603808266055029,80.13334957220768,80.33601587908313,0.2
58,16,5,30.88514015984189,37.12330268716432,16.11280351203324,80.13334957220768,80.33601587908313,0.2
58,16,6,8.122182158218555,12.443952632087107,5.256772780354428,80.13334957220768,80.33601587908313,0.2
58,16,7,12.343473543911314,16.327711933730182,6.56857877289304,80.13334957220768,80.33601587908313,0.2
58,16,8,10.793048654215415,14.930958402485071,6.1940386470326025,80.13334957220768,80.33601587908313,0.2
58,16,9,10.810161992022971,14.668541217203737,5.856733556839304,80.13334957220768,80.33601587908313,0.2
58,17,0,10.796614670677684,13.06530138030855,5.590478366938309,78.0231153371586,73.81003263129706,0.2
58,17,1,8.820394082107637,11.537729260923207,5.032247418982917,78.0231153371586,73.81003263129706,0.2
58,17,2,12.623446732850939,14.390476563958329,5.973023844487949,78.0231153371586,73.81003263129706,0.2
58,17,3,25.946337208040287,27.416136935285447,12.024965947836456,78.0231153371586,73.81003263129706,0.2
58,17,4,7.290412610773956,9.553096784091348,3.9475817152571664,78.0231153371586,73.81003263129706,0.2
58,17,5,32.595792352637964,33.87564987442143,15.1126224057313,78.0231153371586,73.81003263129706,0.2
58,17,6,10.634317849495712,12.716055397218058,5.336973529317205,78.0231153371586,73.81003263129706,0.2
58,17,7,13.288068061729204,6.77747046280576,3.5495314233113717,78.0231153371586,73.81003263129706,0.2
58,17,8,12.530382897805975,14.419890028529947,6.04485509682177,78.0231153371586,73.81003263129706,0.2
58,17,9,11.848023265528598,8.060306937026503,3.8515072979488574,78.0231153371586,73.81003263129706,0.2
58,18,0,11.309395777373382,10.752488241263396,4.877773749609317,66.71395460656935,63.12414058229763,0.2
58,18,1,10.18010874481066,9.640667421828008,4.437646624982013,66.71395460656935,63.12414058229763,0.2
58,18,2,12.083275564484081,5.829152925834141,3.172966151836848,66.71395460656935,63.12414058229763,0.2
58,18,3,24.32620076267277,22.028870183791614,10.3174893520519,66.71395460656935,63.12414058229763,0.2
58,18,4,7.985857569075256,6.805666975584854,3.1134341877379015,66.71395460656935,63.12414058229763,0.2
58,18,5,30.57245137217467,27.380174678500133,13.02038532022233,66.71395460656935,63.12414058229763,0.2
58,18,6,10.796561928110858,10.331928737310989,4.615038648099033,66.71395460656935,63.12414058229763,0.2
58,18,7,7.1806119361546825,8.369547315868319,4.114480989154888,66.71395460656935,63.12414058229763,0.2
58,18,8,12.228588363945367,11.585018557086228,5.18609233157556,66.71395460656935,63.12414058229763,0.2
58,18,9,7.791501462476947,8.391006537450764,3.9614525712044584,66.71395460656935,63.12414058229763,0.2
58,19,0,9.867612434215701,10.1245334534008,4.676574772428418,58.38359812822483,58.418611766012425,0.2
58,19,1,8.977246437236886,9.222300420483984,4.301948737194513,58.38359812822483,58.418611766012425,0.2
58,19,2,6.418829954078651,8.064762364367759,3.982499476709164,58.38359812822483,58.418611766012425,0.2
58,19,3,20.872018967331105,20.06482323515736,9.664607240727035,58.38359812822483,58.418611766012425,0.2
58,19,4,6.298398302400855,6.928068757145267,3.1525264333317047,58.38359812822483,58.418611766012425,0.2
58,19,5,26.33990887633851,24.936754127956178,12.1956915810769,58.38359812822483,58.418611766012425,0.2
58,19,6,9.336105995489334,6.096526745632459,3.1901132379603916,58.38359812822483,58.418611766012425,0.2
58,19,7,8.323490562099304,9.215546933626552,4.401375913658337,58.38359812822483,58.418611766012425,0.2
58,19,8,10.491333096403759,5.14246628571171,2.9371934298875386,58.38359812822483,58.418611766012425,0.2
58,19,9,8.013917958434167,8.73088607347209,4.073103481675161,58.38359812822483,58.418611766012425,0.2
58,20,0,9.460592012421694,9.752602287026232,4.555643471941262,59.29417361839976,58.418611766012425,0.2
58,20,1,8.702733056017433,9.006845306502315,4.231346959020222,59.29417361839976,58.418611766012425,0.2
58,20,2,8.056495313826394,8.288367564605519,4.059475518450556,59.29417361839976,58.418611766012425,0.2
58,20,3,19.55125503474767,20.06461391626856,9.664536664894237,59.29417361839976,58.418611766012425,0.2
58,20,4,6.377480922568246,6.611070992540236,3.050847355383836,59.29417361839976,58.418611766012425,0.2
58,20,5,24.671574383484455,25.30858832959923,12.322704431400625,59.29417361839976,58.418611766012425,0.2
58,20,6,6.45351807389085,6.647114410000854,3.3891560712034505,59.29417361839976,58.418611766012425,0.2
58,20,7,8.90387170925078,9.165119682291973,4.384503086720347,59.29417361839976,58.418611766012425,0.2
58,20,8,5.94186772454879,6.112776898636959,3.3149693146782244,59.29417361839976,58.418611766012425,0.2
58,20,9,8.239784915166313,8.491082904948405,3.99446643262599,59.29417361839976,58.418611766012425,0.2
59,0,0,2.0,2.0,1.4002411535217234,17.71982104701374,17.71982104701374,0.0
59,0,1,2.0,2.0,1.4345021048496285,17.71982104701374,17.71982104701374,0.0
59,0,2,2.0,2.0,1.4909625929962835,17.71982104701374,17.71982104701374,0.0
59,0,3,2.0,2.0,1.5065646281205676,17.71982104701374,17.71982104701374,0.0
59,0,4,2.0,2.0,1.3209590032814993,17.71982104701374,17.71982104701374,0.0
59,0,5,2.0,2.0,1.4036033700069857,17.71982104701374,17.71982104701374,0.0
59,0,6,2.0,2.0,1.4542074405512309,17.71982104701374,17.71982104701374,0.0
59,0,7,2.0,2.0,1.412336923099413,17.71982104701374,17.71982104701374,0.0
59,0,8,2.0,2.0,1.775801345757048,17.71982104701374,17.71982104701374,0.0
59,0,9,2.0,2.0,1.4130002564019732,17.71982104701374,17.71982104701374,0.0
59,1,0,2.8326522972694588,2.6722665205440723,1.7151325142204281,17.71982104701374,26.154281974104663,0.0
59,1,1,2.9019613318179296,3.519226543255741,2.1305574535396667,17.71982104701374,26.154281974104663,0.0
59,1,2,3.0161794656381877,3.670735861444074,2.2807251142337632,17.71982104701374,26.154281974104663,0.0
59,1,3,3.047741986512344,3.712603259010504,2.322960091982098,17.71982104701374,26.154281974104663,0.0
59,1,4,2.672266520544072,2.9649884775704827,1.7401410383479854,17.71982104701374,26.154281974104663,0.0
59,1,5,2.839453975842426,3.436311102696126,2.0501618039681824,17.71982104701374,26.154281974104663,0.0
59,1,6,2.9418247255649437,3.5721049733725194,2.182490261681829,17.71982104701374,26.154281974104663,0.0
59,1,7,2.8571217319774087,3.459747220906056,2.0727569240237993,17.71982104701374,26.154281974104663,0.0
59,1,8,3.592401029566554,4.435088537820202,3.101023016429439,17.71982104701374,26.154281974104663,0.0
59,1,9,2.858463638404474,3.461527247606168,2.074477228100085,17.71982104701374,26.154281974104663,0.0
59,2,0,3.4696695239308046,5.184730986392942,2.72765977968446,28.355088915073992,38.146822394359475,0.2
59,2,1,4.310063627293665,6.1270165509983805,3.1409030430300504,28.355088915073992,38.146822394359475,0.2
59,2,2,4.613848991672412,6.835410844186259,3.5243658684854284,28.355088915073992,38.146822394359475,0.2
59,2,3,4.699289279185065,6.525324879105034,3.4473729289257036,28.355088915073992,38.146822394359475,0.2
59,2,4,3.5202611331997318,4.619437972521858,2.373453569466562,28.355088915073992,38.146822394359475,0.2
59,2,5,4.147425269696213,4.081137220461857,2.3124387772801107,28.355088915073992,38.146822394359475,0.2
59,2,6,4.415122379436154,6.110741531423358,3.1781259589740736,28.355088915073992,38.146822394359475,0.2
59,2,7,4.193134623811142,6.0621118837519194,3.0694041746232648,28.355088915073992,38.146822394359475,0.2
59,2,8,6.273290818000543,8.433591297628329,4.862752539450225,28.355088915073992,38.146822394359475,0.2
59,2,9,4.19661475527381,5.917656651410702,3.0194377332352103,28.355088915073992,38.146822394359475,0.2
59,3,0,5.517986470873156,8.267397182964757,3.7812901410853548,41.6155031388362,49.771556030277964,0.2
59,3,1,6.353967099140596,9.271563913507286,4.197466999372342,41.6155031388362,49.771556030277964,0.2
59,3,2,7.129702657770398,10.735592997076928,4.834192913526466,41.6155031388362,49.771556030277964,0.2
59,3,3,6.973947896121764,9.913528176910802,4.619835815078471,41.6155031388362,49.771556030277964,0.2
59,3,4,4.801436301955933,7.436402114524662,3.3122441998472,41.6155031388362,49.771556030277964,0.2
59,3,5,4.67800492671055,7.4702852329207206,3.530688755731615,41.6155031388362,49.771556030277964,0.2
59,3,6,6.429268112894345,5.540673909419255,2.967557748953738,41.6155031388362,49.771556030277964,0.2
59,3,7,6.209326703923482,9.210063908643251,4.113402112970898,41.6155031388362,49.771556030277964,0.2
59,3,8,9.837224907497248,13.356800835629452,6.709112881152468,41.6155031388362,49.771556030277964,0.2
59,3,9,6.1082458617926285,6.394824838881452,3.187875124896988,41.6155031388362,49.771556030277964,0.2
59,4,0,7.649453937165413,9.528324581292228,4.176316659686852,50.47393226909246,53.793203406655316,0.2
59,4,1,8.491369153506561,10.375745690104706,4.541441412697368,50.47393226909246,53.793203406655316,0.2
59,4,2,9.779449509467682,11.787663416108915,5.1611342875410475,50.47393226909246,53.793203406655316,0.2
59,4,3,9.345810542474338,11.323692997910712,5.07058923660196,50.47393226909246,53.793203406655316,0.2
59,4,4,6.700585908517972,7.057107538364548,3.193059836210697,50.47393226909246,53.793203406655316,0.2
59,4,5,7.142493698112443,9.119322209269164,4.059730437974003,50.47393226909246,53.793203406655316,0.2
59,4,6,6.003293970978962,8.429816558857258,3.9808705212273416,50.47393226909246,53.793203406655316,0.2
59,4,7,8.321308022974982,6.162082320619466,3.1047494818223194,50.47393226909246,53.793203406655316,0.2
59,4,8,13.572364994157283,15.91080954173861,7.5832954688304,50.47393226909246,53.793203406655316,0.2
59,4,9,6.448990427995959,8.618437104648464,3.9284497769857905,50.47393226909246,53.793203406655316,0.2
59,5,0,8.448582553393107,8.783609510168526,3.945054023155248,49.72212034977895,48.71860545537925,0.2
59,5,1,9.187220657125385,5.127946158120014,2.772940893307734,49.72212034977895,48.71860545537925,0.2
59,5,2,10.44084360708122,5.9575209957304205,3.2010441021453095,49.72212034977895,48.71860545537925,0.2
59,5,3,10.25767326824072,10.495112143646727,4.8079254843413235,49.72212034977895,48.71860545537925,0.2
59,5,4,6.4594789673282875,7.139221607190734,3.2190220116179247,49.72212034977895,48.71860545537925,0.2
59,5,5,8.212731587340393,8.690271506065036,3.925064039559022,49.72212034977895,48.71860545537925,0.2
59,5,6,8.053199978250714,8.897526372589626,4.134222670980767,49.72212034977895,48.71860545537925,0.2
59,5,7,6.280829362864254,7.324344280450126,3.503930159817405,49.72212034977895,48.71860545537925,0.2
59,5,8,15.340814170922918,15.329214542769092,7.388177411585575,49.72212034977895,48.71860545537925,0.2
59,5,9,7.947154143769316,8.517973646039522,3.896338215908281,49.72212034977895,48.71860545537925,0.2
59,6,0,7.980744112138727,4.9750577009883585,2.649967368167733,44.04686011548932,44.13191562851092,0.2
59,6,1,5.609589013910324,6.090350539301199,3.127733889175482,44.04686011548932,44.13191562851092,0.2
59,6,2,6.47563093456965,6.313408120368568,3.3337302491333896,44.04686011548932,44.13191562851092,0.2
59,6,3,9.72631116723462,9.125757578476462,4.359684073881844,44.04686011548932,44.13191562851092,0.2
59,6,4,6.511999788919934,4.417292936553787,2.3002640013067217,44.04686011548932,44.13191562851092,0.2
59,6,5,7.940304882928951,7.592088614622805,3.570888529528784,44.04686011548932,44.13191562851092,0.2
59,6,6,8.363427483132796,8.138276737439117,3.88398982083887,44.04686011548932,44.13191562851092,0.2
59,6,7,7.088361738058665,6.762811553705253,3.3136483337775187,44.04686011548932,44.13191562851092,0.2
59,6,8,14.94609529574687,13.80214450292569,6.86492793869468,44.04686011548932,44.13191562851092,0.2
59,6,9,7.882193271117957,7.531714774169382,3.5747604891060694,44.04686011548932,44.13191562851092,0.2
59,7,0,5.360816695217189,6.839782241624477,3.311398389981623,42.89880150932958,45.94880484506505,0.2
59,7,1,6.327326235296952,7.6018594038577705,3.652784707941757,42.89880150932958,45.94880484506505,0.2
59,7,2,6.74405164062897,7.93542644342111,3.9124152205938594,42.89880150932958,45.94880484506505,0.2
59,7,3,8.819530176063267,9.784428684592202,4.5776396288111485,42.89880150932958,45.94880484506505,0.2
59,7,4,4.653375664070308,6.070026637699348,2.8734375323063905,42.89880150932958,45.94880484506505,0.2
59,7,5,7.223816819711794,5.094151364071796,2.7006835361798545,42.89880150932958,45.94880484506505,0.2
59,7,6,7.857212781455171,8.896206585620947,4.133793395464044,42.89880150932958,45.94880484506505,0.2
59,7,7,6.703426435803853,7.75862808271701,3.648100298275884,42.89880150932958,45.94880484506505,0.2
59,7,8,13.887574898955494,14.78615934958092,7.203974243123834,42.89880150932958,45.94880484506505,0.2
59,7,9,7.231649695616023,4.360102015042773,2.438197598724685,42.89880150932958,45.94880484506505,0.2
59,8,0,6.698874856637549,9.825019324520818,4.266927166956064,48.96757974610032,54.24299462147856,0.2
59,8,1,7.389490709052669,10.655561137960833,4.626830827670831,48.96757974610032,54.24299462147856,0.2
59,8,2,7.914716643353717,11.80969680257649,5.1678853952873025,48.96757974610032,54.24299462147856,0.2
59,8,3,9.260448729142743,5.60793340292682,3.100478777114725,48.96757974610032,54.24299462147856,0.2
59,8,4,5.812891162694788,8.80389461790994,3.727698055007677,48.96757974610032,54.24299462147856,0.2
59,8,5,5.463414215270732,8.80916569716366,3.9625773299647027,48.96757974610032,54.24299462147856,0.2
59,8,6,8.362559069663051,6.700294128812141,3.389776564699912,48.96757974610032,54.24299462147856,0.2
59,8,7,7.380014267249759,10.681900103242516,4.563218606521842,48.96757974610032,54.24299462147856,0.2
59,8,8,14.573456963417373,18.444055242949077,8.409552261237064,48.96757974610032,54.24299462147856,0.2
59,8,9,4.932411829100841,8.50448795911574,3.892019101936565,48.96757974610032,54.24299462147856,0.2
59,9,0,8.63188530872732,7.493612876463285,3.529926950347653,59.60957002650932,63.82267990327253,0.2
59,9,1,9.359961275324423,13.433250696168114,5.4413539479025115,59.60957002650932,63.82267990327253,0.2
59,9,2,10.454500926621105,15.610477583843243,6.282566345208888,59.60957002650932,63.82267990327253,0.2
59,9,3,6.272189835686738,10.674489894739745,4.86530152846924,59.60957002650932,63.82267990327253,0.2
59,9,4,7.541038507893399,8.551070332420974,3.6524365257607982,59.60957002650932,63.82267990327253,0.2
59,9,5,8.016193316845158,11.76334888525863,4.851712857357474,59.60957002650932,63.82267990327253,0.2
59,9,6,6.857431913836699,10.801964972300723,4.7354068790187,59.60957002650932,63.82267990327253,0.2
59,9,7,9.2312753672443,13.440736393475103,5.359366542080708,59.60957002650932,63.82267990327253,0.2
59,9,8,17.01231068083386,22.121214374188764,9.550797980995371,59.60957002650932,63.82267990327253,0.2
59,9,9,7.87345581322838,11.730441059054677,4.8746258013210655,59.60957002650932,63.82267990327253,0.2
59,10,0,7.140952585165201,11.198400679764886,4.676178086324956,66.45293051985315,66.0031187073811,0.2
59,10,1,11.007720864378355,7.757298477414425,3.704908991733237,66.45293051985315,66.0031187073811,0.2
59,10,2,12.709472183233936,16.67453665066732,6.5793561011884005,66.45293051985315,66.0031187073811,0.2
59,10,3,9.842381447556269,13.828051852435985,5.831757670227229,66.45293051985315,66.0031187073811,0.2
59,10,4,7.388786345341975,10.860020856917144,4.317673556368092,66.45293051985315,66.0031187073811,0.2
59,10,5,9.814891910954113,13.164206727173443,5.249279419534497,66.45293051985315,66.0031187073811,0.2
59,10,6,9.579607870130932,13.227096775371551,5.456705773489278,66.45293051985315,66.0031187073811,0.2
59,10,7,10.84186242430595,8.999220908292605,4.047256741346472,66.45293051985315,66.0031187073811,0.2
59,10,8,19.32102179226753,23.518091501449884,9.96907439173976,66.45293051985315,66.0031187073811,0.2
59,10,9,9.861244214764376,13.292156845597036,5.32032378884022,66.45293051985315,66.0031187073811,0.2
59,11,0,9.459789526507436,10.546011800252757,4.483773002028902,62.41240971124587,58.451922712635465,0.2
59,11,1,7.494936811571589,9.499623947063009,4.269477039965052,62.41240971124587,58.451922712635465,0.2
59,11,2,13.309870323202164,7.393721788731303,3.723487703535492,62.41240971124587,58.451922712635465,0.2
59,11,3,11.797497681124728,12.761961092554806,5.513266184578857,62.41240971124587,58.451922712635465,0.2
59,11,4,8.73454396590546,6.591178119478225,3.043984775496611,62.41240971124587,58.451922712635465,0.2
59,11,5,10.619158970835805,11.37786499847969,4.739864743111289,62.41240971124587,58.451922712635465,0.2
59,11,6,11.03877721771168,12.03151316492437,5.106572955426426,62.41240971124587,58.451922712635465,0.2
59,11,7,8.18749761580731,9.644379207950507,4.248242612233793,62.41240971124587,58.451922712635465,0.2
59,11,8,20.167184349916095,20.505458456700794,9.056951087623291,62.41240971124587,58.451922712635465,0.2
59,11,9,10.762879925912555,11.487785525119262,4.803819346164102,62.41240971124587,58.451922712635465,0.2
59,12,0,9.070558926716265,8.802025787642354,3.95084222065537,52.60678768596605,49.348922838143096,0.2
59,12,1,8.63704363707561,8.554323563249914,3.9674381410742563,52.60678768596605,49.348922838143096,0.2
59,12,2,7.532521073778567,7.6285051759168585,3.8058648517811773,52.60678768596605,49.348922838143096,0.2
59,12,3,11.15319749310813,10.653978122009535,4.85875533054924,52.60678768596605,49.348922838143096,0.2
59,12,4,6.1579039049647255,6.702506875192413,3.07988449876888,52.60678768596605,49.348922838143096,0.2
59,12,5,9.588626015991759,5.587746342447273,2.8813040081379264,52.60678768596605,49.348922838143096,0.2
59,12,6,10.33046741768852,10.02961012656485,4.495771205157121,52.60678768596605,49.348922838143096,0.2
59,12,7,8.594086928980813,8.260187679787476,3.8116257892795034,52.60678768596605,49.348922838143096,0.2
59,12,8,18.321982067223413,16.88466341550881,7.905294784421151,52.60678768596605,49.348922838143096,0.2
59,12,9,9.71800455396921,4.768965164442008,2.596080462247492,52.60678768596605,49.348922838143096,0.2
59,13,0,7.992453488701853,5.523006256237091,2.851049221673524,46.70099328539902,47.81887117434015,0.2
59,13,1,8.026026614289274,8.722020144092248,4.021722979387257,46.70099328539902,47.81887117434015,0.2
59,13,2,7.699167952877759,8.388204281371467,4.067373450463454,46.70099328539902,47.81887117434015,0.2
59,13,3,9.829138655391626,10.399575774920303,4.777247108628507,46.70099328539902,47.81887117434015,0.2
59,13,4,6.23052813354333,7.09192381439031,3.2040787771694332,46.70099328539902,47.81887117434015,0.2
59,13,5,5.82880484354867,7.256329699003515,3.4595953945372715,46.70099328539902,47.81887117434015,0.2
59,13,6,9.094830986974438,4.66436864563053,2.6306336586857255,46.70099328539902,47.81887117434015,0.2
59,13,7,7.710822183149463,8.32628581503869,3.8329507280512933,46.70099328539902,47.81887117434015,0.2
59,13,8,15.99221060983867,16.195623735142675,7.678064546401494,46.70099328539902,47.81887117434015,0.2
59,13,9,5.251804852890027,6.940472168668666,3.375930953609313,46.70099328539902,47.81887117434015,0.2
59,14,0,5.767600178790573,8.549168330420072,3.871047927769474,49.82806251491189,54.05694069945821,0.2
59,14,1,8.135843463742296,10.710666794480241,4.643567350840823,49.82806251491189,54.05694069945821,0.2
59,14,2,8.228193207527637,11.292672101747108,5.008451275669666,49.82806251491189,54.05694069945821,0.2
59,14,3,9.664249592183179,5.740800800323399,3.1517191024716857,49.82806251491189,54.05694069945821,0.2
59,14,4,6.48177000508399,6.805854841463587,3.113050885752749,49.82806251491189,54.05694069945821,0.2
59,14,5,6.9986736336890605,9.528906071836667,4.186523540363597,49.82806251491189,54.05694069945821,0.2
59,14,6,5.321705091875716,8.394115013620787,3.9690612989540917,49.82806251491189,54.05694069945821,0.2
59,14,7,7.753961992780908,10.372446046919878,4.470274018708533,49.82806251491189,54.05694069945821,0.2
59,14,8,15.532529608379313,18.572591552934984,8.450533725198284,49.82806251491189,54.05694069945821,0.2
59,14,9,6.829422594181835,9.448156779837657,4.1895194167366245,49.82806251491189,54.05694069945821,0.2
59,15,0,7.831031660409102,11.884551925642027,4.874945999688171,59.41186100778268,63.74727638024256,0.2
59,15,1,9.393818836707007,8.731164152787558,4.024673926780029,59.41186100778268,63.74727638024256,0.2
59,15,2,10.131969751143105,15.519128399403497,6.256808731864991,59.41186100778268,63.74727638024256,0.2
59,15,3,6.375847712738969,11.11006780135333,5.003437350062819,59.41186100778268,63.74727638024256,0.2
59,15,4,6.297622892218073,10.231107734339869,4.141085551516384,59.41186100778268,63.74727638024256,0.2
59,15,5,8.469230813818978,7.619024291875482,3.579752129250524,59.41186100778268,63.74727638024256,0.2
59,15,6,8.029310221463353,12.11685141012295,5.131900328511596,59.41186100778268,63.74727638024256,0.2
59,15,7,9.04325082623866,13.477397270848392,5.369595085145587,59.41186100778268,63.74727638024256,0.2
59,15,8,17.095215141785637,22.449900324119128,9.649914730036697,59.41186100778268,63.74727638024256,0.2
59,15,9,8.475291395647362,12.543841888091478,5.108844022985788,59.41186100778268,63.74727638024256,0.2
59,16,0,9.861891967930237,13.538924583704862,5.340608700582808,67.89268424756322,68.33345420838886,0.2
59,16,1,8.141813155384506,12.39699463233075,5.1440085535973035,67.89268424756322,68.33345420838886,0.2
59,16,2,12.657365185501964,17.374169548758367,6.771401872307838,67.89268424756322,68.33345420838886,0.2
59,16,3,10.121826706958998,14.294823082532782,5.968867234615476,67.89268424756322,68.33345420838886,0.2
59,16,4,8.377310916187312,8.196798664043188,3.5458415904491005,67.89268424756322,68.33345420838886,0.2
59,16,5,7.241747656875605,11.362463390890413,4.735372559579774,67.89268424756322,68.33345420838886,0.2
59,16,6,10.381704050302172,14.128947679561147,5.714552635781514,67.89268424756322,68.33345420838886,0.2
59,16,7,10.862554507192941,9.227390117035457,4.118817351964083,67.89268424756322,68.33345420838886,0.2
59,16,8,19.521532458707842,24.311213011503025,10.203238157784623,67.89268424756322,68.33345420838886,0.2
59,16,9,10.33506172969192,14.026922999171962,5.52452486679018,67.89268424756322,68.33345420838886,0.2
59,17,0,10.80391578727332,12.51287163746634,5.053959218389312,66.3661113978113,61.969030508874404,0.2
59,17,1,10.406198682186561,12.427190070690015,5.152775858572569,66.3661113978113,61.969030508874404,0.2
59,17,2,13.698374041561074,7.792083029320281,3.8628091425999944,66.3661113978113,61.969030508874404,0.2
59,17,3,12.074866848260806,14.135436407654561,5.922202106872363,66.3661113978113,61.969030508874404,0.2
59,17,4,7.173147497970185,9.675341516955529,3.982307161256846,66.3661113978113,61.969030508874404,0.2
59,17,5,9.579538442777462,11.747784103911417,4.847218253573292,66.3661113978113,61.969030508874404,0.2
59,17,6,11.560394872626928,13.47370285131475,5.527722607073508,66.3661113978113,61.969030508874404,0.2
59,17,7,8.332262913949101,10.92743394450178,4.636390946377121,66.3661113978113,61.969030508874404,0.2
59,17,8,20.640891702507457,22.386818015447332,9.630925912909683,66.3661113978113,61.969030508874404,0.2
59,17,9,11.175973521330068,6.707335289796018,3.29614459719772,66.3661113978113,61.969030508874404,0.2
59,18,0,10.224031163682366,6.004756150216988,3.0229335701701125,56.01134345833045,51.96319124945579,0.2
59,18,1,10.423934717523464,9.734289035036921,4.343033297131152,56.01134345833045,51.96319124945579,0.2
59,18,2,7.814364807218607,7.845840113338188,3.8814443874560296,56.01134345833045,51.96319124945579,0.2
59,18,3,11.980464479803457,11.290804256182332,5.0602757610064275,56.01134345833045,51.96319124945579,0.2
59,18,4,8.05610626454982,5.331658096157185,2.6240490352963675,56.01134345833045,51.96319124945579,0.2
59,18,5,9.805799441630127,9.413602227582375,4.1509977268985665,56.01134345833045,51.96319124945579,0.2
59,18,6,11.182442468723066,10.67316146507399,4.695810051708002,56.01134345833045,51.96319124945579,0.2
59,18,7,9.37930115270728,8.801352094381372,3.9847574635657956,56.01134345833045,51.96319124945579,0.2
59,18,8,19.483118563842673,17.867183093717152,8.224559471312988,56.01134345833045,51.96319124945579,0.2
59,18,9,6.66801682117507,7.52687110097934,3.5731510747857627,56.01134345833045,51.96319124945579,0.2
59,19,0,6.115317851142196,7.21577831655261,3.4377957331151996,48.0608218564659,47.60045949385529,0.2
59,19,1,8.785846077509571,8.92459547902046,4.086882681409652,48.0608218564659,47.60045949385529,0.2
59,19,2,7.8520634343578415,8.097546289395769,3.9681963935035074,48.0608218564659,47.60045949385529,0.2
59,19,3,10.236809369000905,10.358834511752862,4.764138693706698,48.0608218564659,47.60045949385529,0.2
59,19,4,5.308384565962299,6.366247372330314,2.9708915548455637,48.0608218564659,47.60045949385529,0.2
59,19,5,8.39736299528573,5.281804427698249,2.769944240491268,48.0608218564659,47.60045949385529,0.2
59,19,6,9.499504493963101,4.409198895992623,2.5290484445690544,48.0608218564659,47.60045949385529,0.2
59,19,7,8.06106316390033,8.231598052393196,3.802386200773865,48.0608218564659,47.60045949385529,0.2
59,19,8,16.63807496433691,16.18389590817982,7.674172151855739,48.0608218564659,47.60045949385529,0.2
59,19,9,7.228393891313878,7.933094701761287,3.7070725947583645,48.0608218564659,47.60045949385529,0.2
59,20,0,6.954573472190722,7.1728727807949815,3.4234739716821503,48.313881898616636,47.60045949385529,0.2
59,20,1,8.267659886334156,8.542314538731251,3.9635385258125218,48.313881898616636,47.60045949385529,0.2
59,20,2,8.027560539699353,8.370535205280172,4.061374237809021,48.313881898616636,47.60045949385529,0.2
59,20,3,9.637731601658166,9.922049213378433,4.622615098158673,48.313881898616636,47.60045949385529,0.2
59,20,4,6.010038175642837,6.213211771515518,2.92071816531838,48.313881898616636,47.60045949385529,0.2
59,20,5,5.603526861356578,5.7738503733369395,2.948147939971077,48.313881898616636,47.60045949385529,0.2
59,20,6,5.116200783269681,5.259922901929789,2.8614814203579613,48.313881898616636,47.60045949385529,0.2
59,20,7,7.692130730223305,7.971750592850461,3.717961669614516,48.313881898616636,47.60045949385529,0.2
59,20,8,15.524655393052777,15.935270467995448,7.59145446150042,48.313881898616636,47.60045949385529,0.2
59,20,9,7.499313725551077,7.733618157332006,3.641574098376962,48.313881898616636,47.60045949385529,0.2
60,0,0,2.0,2.0,1.6304839810533975,17.703602450684983,17.703602450684983,0.0
60,0,1,2.0,2.0,1.424061031734775,17.703602450684983,17.703602450684983,0.0
60,0,2,2.0,2.0,1.6811471183577604,17.703602450684983,17.703602450684983,0.0
60,0,3,2.0,2.0,1.5084816722751004,17.703602450684983,17.703602450684983,0.0
60,0,4,2.0,2.0,2.2750774280289288,17.703602450684983,17.703602450684983,0.0
60,0,5,2.0,2.0,1.5102957980685996,17.703602450684983,17.703602450684983,0.0
60,0,6,2.0,2.0,1.3930849848135602,17.703602450684983,17.703602450684983,0.0
60,0,7,2.0,2.0,1.6759827051085265,17.703602450684983,17.703602450684983,0.0
60,0,8,2.0,2.0,1.716672511506099,17.703602450684983,17.703602450684983,0.0
60,0,9,2.0,2.0,1.5532158675759378,17.703602450684983,17.703602450684983,0.0
60,1,0,3.298427690812978,3.9412839110138522,2.621452203654675,17.703602450684983,28.061574755872975,0.0
60,1,1,2.8808393060366115,2.818175549689342,1.8104445814187438,17.703602450684983,28.061574755872975,0.0
60,1,2,3.400917931091333,4.072582392438053,2.7656272076356134,17.703602450684983,28.061574755872975,0.0
60,1,3,3.0516201181574876,3.6251029809501922,2.2874061523358087,17.703602450684983,28.061574755872975,0.0
60,1,4,4.602423865891652,5.61181094954741,4.684328108779137,17.703602450684983,28.061574755872975,0.0
60,1,5,3.055290048571664,3.62980446558917,2.2922357341832136,17.703602450684983,28.061574755872975,0.0
60,1,6,2.818175549689341,3.0857727073587222,1.8871714936653115,17.703602450684983,28.061574755872975,0.0
60,1,7,3.390470454228009,4.059198309786442,2.7507854852602036,17.703602450684983,28.061574755872975,0.0
60,1,8,3.472784899334586,4.164649927544542,2.868609332277406,17.703602450684983,28.061574755872975,0.0
60,1,9,3.142116259316255,3.7410360285908806,2.4077153702243734,17.703602450684983,28.061574755872975,0.0
60,2,0,5.3031312414924665,7.2032879933566365,3.9982236561188427,30.42287485038146,42.37139336677878,0.2
60,2,1,3.662483415614942,5.359005263000181,2.839007461957326,30.42287485038146,42.37139336677878,0.2
60,2,2,5.594793613511946,7.586597151473735,4.274818105137715,30.42287485038146,42.37139336677878,0.2
60,2,3,4.627364562101338,6.553414371692247,3.4621539970858324,30.42287485038146,42.37139336677878,0.2
60,2,4,9.47627681497883,12.340543994794032,8.132221477367949,30.42287485038146,42.37139336677878,0.2
60,2,5,4.63713468354113,4.28910714982046,2.5763083686307136,30.42287485038146,42.37139336677878,0.2
60,2,6,3.8177000107642862,4.848194212518551,2.5891822462997487,30.42287485038146,42.37139336677878,0.2
60,2,7,5.564769186022151,7.53217965266956,4.240265054607316,30.42287485038146,42.37139336677878,0.2
60,2,8,5.803123836638571,7.852356160966697,4.471636051139369,30.42287485038146,42.37139336677878,0.2
60,2,9,4.870747054879534,6.7370249401412545,3.6344485914485953,30.42287485038146,42.37139336677878,0.2
60,3,0,8.088304929488297,10.842051361731466,5.323209537309186,46.22421326272186,56.838903031355315,0.2
60,3,1,5.743240004660948,6.819205988872612,3.3606344274835127,46.22421326272186,56.838903031355315,0.2
60,3,2,8.64784847629431,11.549592156648858,5.73695413059796,46.22421326272186,56.838903031355315,0.2
60,3,3,7.003849621674239,9.806240869046471,4.590614568228005,46.22421326272186,56.838903031355315,0.2
60,3,4,16.451277547323546,20.846945284386397,11.738291310872187,46.22421326272186,56.838903031355315,0.2
60,3,5,5.211806409575795,7.819887762571959,3.9226664496231023,46.22421326272186,56.838903031355315,0.2
60,3,6,5.237849937194048,6.134785812161367,3.0529254370332355,46.22421326272186,56.838903031355315,0.2
60,3,7,8.577948532476464,11.439568996799034,5.681137481794799,46.22421326272186,56.838903031355315,0.2
60,3,8,9.04600618326017,12.04124030367712,6.031652497721653,46.22421326272186,56.838903031355315,0.2
60,3,9,7.352397210995765,10.055050319820383,4.810384544745005,46.22421326272186,56.838903031355315,0.2
60,4,0,10.768717721787501,13.223489151366012,6.11699018549277,57.64101367674521,62.68258586509144,0.2
60,4,1,6.798478110253826,9.203204608305233,4.14538584173415,57.64101367674521,62.68258586509144,0.2
60,4,2,11.605712527799737,14.137401591491583,6.609116996833382,57.64101367674521,62.68258586509144,0.2
60,4,3,9.286696702110579,7.414352732335585,3.774594575063034,57.64101367674521,62.68258586509144,0.2
60,4,4,23.7462652516193,27.135609921900677,14.117340704234184,57.64101367674521,62.68258586509144,0.2
60,4,5,7.935454619370552,10.440351245235997,4.802214934933779,57.64101367674521,62.68258586509144,0.2
60,4,6,6.175990636223217,8.601562277349368,3.867770983571843,57.64101367674521,62.68258586509144,0.2
60,4,7,11.492796864622363,14.015119309124564,6.548868880567939,57.64101367674521,62.68258586509144,0.2
60,4,8,12.20187984121925,14.786758484136568,6.964301135128922,57.64101367674521,62.68258586509144,0.2
60,4,9,9.731285783988378,6.3494993044257315,3.4868114032488364,57.64101367674521,62.68258586509144,0.2
60,5,0,12.37451581660145,12.171857943024788,5.772252918137918,57.93875212558597,59.846203924839344,0.2
60,5,1,8.38601029410064,6.011217714890586,3.076672897436208,57.93875212558597,59.846203924839344,0.2
60,5,2,13.370075859373936,13.044732085057246,6.247256510148073,57.93875212558597,59.846203924839344,0.2
60,5,3,7.635908977122678,8.074732692591649,4.006902261226676,57.93875212558597,59.846203924839344,0.2
60,5,4,28.559021763221015,26.83086824825728,14.006173227352003,57.93875212558597,59.846203924839344,0.2
60,5,5,9.71475887079106,9.714293773876342,4.565926122500245,57.93875212558597,59.846203924839344,0.2
60,5,6,7.824402485508693,6.742585770466908,3.261633432475471,57.93875212558597,59.846203924839344,0.2
60,5,7,13.248195450048557,12.96899398139023,6.202730868026767,57.93875212558597,59.846203924839344,0.2
60,5,8,14.088604351959711,13.6883837746591,6.598010114853689,57.93875212558597,59.846203924839344,0.2
60,5,9,7.053730928216809,8.032083832909384,4.110461497361619,57.93875212558597,59.846203924839344,0.2
60,6,0,11.67712107865143,5.010507905104786,3.10107853966096,54.107406155842455,55.83288926062078,0.2
60,6,1,6.224031145599485,7.138172349993838,3.469912523169762,54.107406155842455,55.83288926062078,0.2
60,6,2,12.63804128352808,12.357238717517014,6.014918249323365,54.107406155842455,55.83288926062078,0.2
60,6,3,8.10586152724574,8.357208219891225,4.104515470482868,54.107406155842455,55.83288926062078,0.2
60,6,4,28.334132780362623,26.08190686627321,13.731333731715488,54.107406155842455,55.83288926062078,0.2
60,6,5,9.236752603316694,6.066360423698643,3.2839063534518305,54.107406155842455,55.83288926062078,0.2
60,6,6,6.598201611283507,7.2530754881121124,3.4325917357738196,54.107406155842455,55.83288926062078,0.2
60,6,7,12.547967040155713,12.315272555890198,5.982178329704449,54.107406155842455,55.83288926062078,0.2
60,6,8,13.34760691916592,12.96856217898141,6.3531737976200215,54.107406155842455,55.83288926062078,0.2
60,6,9,8.315359232268424,8.895551120121224,4.415011341093676,54.107406155842455,55.83288926062078,0.2
60,7,0,6.273403140088011,8.122786884794243,4.348996725302141,54.272831803756596,59.15853126696335,0.2
60,7,1,7.019544922929879,5.96184347363828,3.0589614522885893,54.272831803756596,59.15853126696335,0.2
60,7,2,12.168026881642064,12.943878202685582,6.213407194600867,54.272831803756596,59.15853126696335,0.2
60,7,3,8.30333057088009,9.181654635730453,4.383930979829495,54.272831803756596,59.15853126696335,0.2
60,7,4,27.77813945968561,28.11379629537467,14.471675985533986,54.272831803756596,59.15853126696335,0.2
60,7,5,6.6432591648426955,7.980841503099263,3.979010611048476,54.272831803756596,59.15853126696335,0.2
60,7,6,6.944045917714145,6.647766073435096,3.229457878332611,54.272831803756596,59.15853126696335,0.2
60,7,7,12.101794855617337,12.88585486529662,6.174869741769315,54.272831803756596,59.15853126696335,0.2
60,7,8,12.85230926652756,13.611956200500314,6.572200984299651,54.272831803756596,59.15853126696335,0.2
60,7,9,8.931455832708243,9.880925465578962,4.751920409466647,54.272831803756596,59.15853126696335,0.2
60,8,0,8.797909941270229,13.571023599764626,6.229086524101449,63.0451674911915,69.0734032391226,0.2
60,8,1,6.188201341812343,10.533534291637512,4.556270345126926,63.0451674911915,69.0734032391226,0.2
60,8,2,12.569564977711302,7.014834790717568,4.0466620505984725,63.0451674911915,69.0734032391226,0.2
60,8,3,8.868581051094006,13.262986838671024,5.671108783913314,63.0451674911915,69.0734032391226,0.2
60,8,4,29.275833039659428,35.920967712850526,17.17982771759959,63.0451674911915,69.0734032391226,0.2
60,8,5,8.049437427187542,12.386770118041607,5.4126715174577384,63.0451674911915,69.0734032391226,0.2
60,8,6,6.533111282285919,10.53726630477271,4.458268121014202,63.0451674911915,69.0734032391226,0.2
60,8,7,12.491604689214098,8.601738544053486,4.653276959382146,63.0451674911915,69.0734032391226,0.2
60,8,8,13.295395703426012,17.93368165054678,7.971408681793884,63.0451674911915,69.0734032391226,0.2
60,8,9,9.613014322899271,13.923619188367628,6.041396190970891,63.0451674911915,69.0734032391226,0.2
60,9,0,12.601283863145975,17.525423460849904,7.450124043275429,75.90723735081941,80.1016668831288,0.2
60,9,1,9.217219210879495,13.517196894771274,5.425356156498538,75.90723735081941,80.1016668831288,0.2
60,9,2,8.186294571525082,13.840997504434695,6.511812645878548,75.90723735081941,80.1016668831288,0.2
60,9,3,11.472509063466713,9.641925931865918,4.536633492015994,75.90723735081941,80.1016668831288,0.2
60,9,4,34.75435522556723,43.38066426863939,19.60570768726043,75.90723735081941,80.1016668831288,0.2
60,9,5,10.949697035921151,15.538054289523524,6.343349805249487,75.90723735081941,80.1016668831288,0.2
60,9,6,9.01896320006863,10.990490712049596,4.591647847264497,75.90723735081941,80.1016668831288,0.2
60,9,7,9.413461128230141,14.796415794467531,6.802336385282815,75.90723735081941,80.1016668831288,0.2
60,9,8,16.12595734539439,21.525675908070752,9.058081294659468,75.90723735081941,80.1016668831288,0.2
60,9,9,12.221591085240988,17.0236727502747,6.954214867943701,75.90723735081941,80.1016668831288,0.2
60,10,0,15.071411758645453,18.966022637721025,7.873701108345966,83.40280464525028,83.35890064568031,0.2
60,10,1,10.975357738599818,11.387404237688896,4.811770685370794,83.40280464525028,83.35890064568031,0.2
60,10,2,13.173231628240396,17.65937349868047,7.722669124027623,83.40280464525028,83.35890064568031,0.2
60,10,3,9.177494355674433,13.6021645481068,5.772243694499297,83.40280464525028,83.35890064568031,0.2
60,10,4,39.6618488038533,45.57527020255297,20.294841373760708,83.40280464525028,83.35890064568031,0.2
60,10,5,12.832435579422475,10.021905152372529,4.666660627300993,83.40280464525028,83.35890064568031,0.2
60,10,6,9.288786999363362,12.752709874533368,5.095400788926116,83.40280464525028,83.35890064568031,0.2
60,10,7,13.760953775789776,18.10025872319853,7.832995618771047,83.40280464525028,83.35890064568031,0.2
60,10,8,18.324268447358264,22.407147259517597,9.316162470461423,83.40280464525028,83.35890064568031,0.2
60,10,9,14.06820008956446,17.74987931088594,7.160570166851519,83.40280464525028,83.35890064568031,0.2
60,11,0,15.928297405396368,16.761409394391826,7.221258854099056,78.82400047250236,75.35670936539017,0.2
60,11,1,9.7340899112761,11.109784540468894,4.729351039597369,78.82400047250236,75.35670936539017,0.2
60,11,2,15.622763536273528,16.7805010418617,7.451576603285463,78.82400047250236,75.35670936539017,0.2
60,11,3,11.677102419464717,12.717518208751175,5.506817687648392,78.82400047250236,75.35670936539017,0.2
60,11,4,41.05594875248083,40.16074491990146,18.575324804101825,78.82400047250236,75.35670936539017,0.2
60,11,5,9.440535948578667,11.50590365963238,5.140265252894155,78.82400047250236,75.35670936539017,0.2
60,11,6,10.30786640855307,9.723600637525376,4.214398451396678,78.82400047250236,75.35670936539017,0.2
60,11,7,15.84595123362026,16.945237957135095,7.479660849461413,78.82400047250236,75.35670936539017,0.2
60,11,8,18.846360112553754,19.38324499467387,8.417148621319402,78.82400047250236,75.35670936539017,0.2
60,11,9,14.485651619277613,8.440282229453528,4.255599017449974,78.82400047250236,75.35670936539017,0.2
60,12,0,14.608423292512354,13.762327234964877,6.290423070760588,67.82111222906238,65.43001164102579,0.2
60,12,1,9.567357060757432,7.76348373976381,3.6799952570573558,67.82111222906238,65.43001164102579,0.2
60,12,2,15.074350250660913,14.234964374203873,6.641010895425017,67.82111222906238,65.43001164102579,0.2
60,12,3,11.140152347564397,6.8283635892048595,3.563204002441506,67.82111222906238,65.43001164102579,0.2
60,12,4,37.577410395722296,33.38894485179985,16.32289064394408,67.82111222906238,65.43001164102579,0.2
60,12,5,10.398626079917674,10.25496302734841,4.742364013209443,67.82111222906238,65.43001164102579,0.2
60,12,6,8.525621051011655,8.587682817654363,3.8634012074191317,67.82111222906238,65.43001164102579,0.2
60,12,7,15.13116396753197,14.303067475333348,6.642766196439658,67.82111222906238,65.43001164102579,0.2
60,12,8,17.027677924386158,15.74669730022336,7.277782819144604,67.82111222906238,65.43001164102579,0.2
60,12,9,8.608968749932048,9.323965957911323,4.562798573753857,67.82111222906238,65.43001164102579,0.2
60,13,0,12.725366139519299,6.344761110534451,3.658358247580828,61.91921441392301,63.77418568977939,0.2
60,13,1,7.444536958956413,8.737946523337301,3.9975524741951642,61.91921441392301,63.77418568977939,0.2
60,13,2,13.43459640634347,14.196679098081267,6.628503035534001,61.91921441392301,63.77418568977939,0.2
60,13,3,7.208271216547325,8.870391837892399,4.279361786637061,61.91921441392301,63.77418568977939,0.2
60,13,4,33.02079328575385,32.35955453852,15.968971978808671,61.91921441392301,63.77418568977939,0.2
60,13,5,9.59368197593639,10.596904234645036,4.852508712859656,61.91921441392301,63.77418568977939,0.2
60,13,6,7.815562539313428,7.5466687434546795,3.5292735018656316,61.91921441392301,63.77418568977939,0.2
60,13,7,13.438147335723752,14.203414842384118,6.610335101725537,61.91921441392301,63.77418568977939,0.2
60,13,8,14.722769838487203,15.319288501001509,7.138935737643366,61.91921441392301,63.77418568977939,0.2
60,13,9,9.230425651620555,10.519368366949926,4.964820895961754,61.91921441392301,63.77418568977939,0.2
60,14,0,7.400765838213692,11.116495817135714,5.417177620555183,66.45376675251006,70.97404805852926,0.2
60,14,1,8.086947145500009,7.736836011598924,3.671148731837316,66.45376675251006,70.97404805852926,0.2
60,14,2,13.409293323395865,16.529692162153648,7.373438453130007,66.45376675251006,70.97404805852926,0.2
60,14,3,8.657040228589844,11.771739081954028,5.216839556549036,66.45376675251006,70.97404805852926,0.2
60,14,4,32.30482481323688,36.909661749479106,17.50947926724789,66.45376675251006,70.97404805852926,0.2
60,14,5,9.816501906425879,8.715537114970044,4.232012353948528,66.45376675251006,70.97404805852926,0.2
60,14,6,7.139630675479079,9.870726459387395,4.2589348443679205,66.45376675251006,70.97404805852926,0.2
60,14,7,13.372540054639442,16.45688482837063,7.328108259333535,66.45376675251006,70.97404805852926,0.2
60,14,8,14.441885718352292,17.63195879177586,7.877290278611136,66.45376675251006,70.97404805852926,0.2
60,14,9,10.04370660089965,13.039846197257091,5.770341947162705,66.45376675251006,70.97404805852926,0.2
60,15,0,10.958812768063867,16.448719595611625,7.126692286734186,78.0047894655513,81.5915986044492,0.2
60,15,1,7.42664066307597,12.390674763440336,5.104745274849838,78.0047894655513,81.5915986044492,0.2
60,15,2,14.916278757057432,20.536333844647903,8.583230283443541,78.0047894655513,81.5915986044492,0.2
60,15,3,10.553533951761228,15.955864876818026,6.454510116890061,78.0047894655513,81.5915986044492,0.2
60,15,4,35.421231939668324,44.58005443080774,19.983594140978735,78.0047894655513,81.5915986044492,0.2
60,15,5,8.561253528604455,13.813164160502806,5.841794000362313,78.0047894655513,81.5915986044492,0.2
60,15,6,8.615717043080444,10.730015702487892,4.515198674299435,78.0047894655513,81.5915986044492,0.2
60,15,7,14.824576926076178,8.922483574519019,4.774067616468085,78.0047894655513,81.5915986044492,0.2
60,15,8,15.935558205703053,21.748092524172566,9.123495798918455,78.0047894655513,81.5915986044492,0.2
60,15,9,11.673255232893835,16.895333122429808,6.917474279683392,78.0047894655513,81.5915986044492,0.2
60,16,0,14.417117528060809,19.598630131566313,8.056632264627957,86.89740104759458,86.22132924200038,0.2
60,16,1,10.326770066292353,14.867583703907608,5.799304066658962,86.89740104759458,86.22132924200038,0.2
60,16,2,17.363656909553857,22.624358615981453,9.185189418680476,86.89740104759458,86.22132924200038,0.2
60,16,3,13.057310067179044,11.965570000076378,5.276821643145634,86.89740104759458,86.22132924200038,0.2
60,16,4,40.426303504059746,48.5596958754136,21.21623686598384,86.89740104759458,86.22132924200038,0.2
60,16,5,11.817800922135605,16.677268157283297,6.6654343533067415,86.89740104759458,86.22132924200038,0.2
60,16,6,9.134132263727873,13.64999013552093,5.343788371433032,86.89740104759458,86.22132924200038,0.2
60,16,7,9.657817560279447,16.199032697048832,7.247544542773188,86.89740104759458,86.22132924200038,0.2
60,16,8,18.456600328404555,23.875061274185217,9.739296833335922,86.89740104759458,86.22132924200038,0.2
60,16,9,13.993874812467123,10.316626095312413,4.897643901171462,86.89740104759458,86.22132924200038,0.2
60,17,0,16.29836248938642,17.75873663777609,7.5194138172331515,83.73898857639614,80.27373828076539,0.2
60,17,1,11.731844865200049,10.349042617286289,4.500261271053875,83.73898857639614,80.27373828076539,0.2
60,17,2,18.58140495459786,19.84081354253669,8.37869451778297,83.73898857639614,80.27373828076539,0.2
60,17,3,10.674876189821816,12.67559993996679,5.494105664217223,83.73898857639614,80.27373828076539,0.2
60,17,4,42.91990843626475,43.536595942806585,19.655011992969662,83.73898857639614,80.27373828076539,0.2
60,17,5,13.484004441453655,14.850953933356086,6.145667541663961,83.73898857639614,80.27373828076539,0.2
60,17,6,10.810348180661979,9.350746099169774,4.100615034190104,83.73898857639614,80.27373828076539,0.2
60,17,7,14.661598573227979,16.72607494215409,7.411811447887642,83.73898857639614,80.27373828076539,0.2
60,17,8,19.702350184003617,20.93101119264916,8.882180673765603,83.73898857639614,80.27373828076539,0.2
60,17,9,9.907809246263426,12.534040678739501,5.612735693498386,83.73898857639614,80.27373828076539,0.2
60,18,0,15.211583211887616,15.25622157835159,6.760961000513913,72.55624121607299,68.39769753123846,0.2
60,18,1,9.103914276267387,10.104275776387224,4.425488730647952,72.55624121607299,68.39769753123846,0.2
60,18,2,16.949886249396496,6.707740358265366,3.9218239478778756,72.55624121607299,68.39769753123846,0.2
60,18,3,11.114436246959384,11.47339193039319,5.123931574666053,72.55624121607299,68.39769753123846,0.2
60,18,4,39.7615901623195,36.48011376962448,17.366588488349514,72.55624121607299,68.39769753123846,0.2
60,18,5,12.432529379932046,8.201837185349577,4.055821357579114,72.55624121607299,68.39769753123846,0.2
60,18,6,8.295440087303557,9.54394775279109,4.15974062398594,72.55624121607299,68.39769753123846,0.2
60,18,7,14.993906351047182,15.374906757985201,6.987426927852085,72.55624121607299,68.39769753123846,0.2
60,18,8,17.9684259579321,17.51806653057721,7.84163775190331,72.55624121607299,68.39769753123846,0.2
60,18,9,11.35442178382442,12.19443279820956,5.50584454285799,72.55624121607299,68.39769753123846,0.2
60,19,0,13.677252423046884,13.363424494117643,6.162230998254471,63.261117675787794,63.8789201844959,0.2
60,19,1,8.952651325724329,6.862917756827856,3.3756993620738993,63.261117675787794,63.8789201844959,0.2
60,19,2,7.933750259733595,9.451162231978376,4.985679722004362,63.261117675787794,63.8789201844959,0.2
60,19,3,10.3655834636231,10.133213355008976,4.69723265881751,63.261117675787794,63.8789201844959,0.2
60,19,4,35.132167522380556,32.52345878626824,16.02554811820445,63.261117675787794,63.8789201844959,0.2
60,19,5,8.204823616964758,8.889882411410408,4.291095980721523,63.261117675787794,63.8789201844959,0.2
60,19,6,8.415049654085216,7.635475925210269,3.5582945283464267,63.261117675787794,63.8789201844959,0.2
60,19,7,14.135387243405724,13.856737013583212,6.496975334227681,63.261117675787794,63.8789201844959,0.2
60,19,8,15.863434049497258,15.266054714508885,7.121561453044725,63.261117675787794,63.8789201844959,0.2
60,19,9,11.138183700364467,11.06610283440538,5.144072878810818,63.261117675787794,63.8789201844959,0.2
60,20,0,12.466036832019016,12.798123581113341,5.978578679588455,64.83631961584936,63.8789201844959,0.2
60,20,1,6.828954090386495,7.03705875751861,3.4354325771773437,64.83631961584936,63.8789201844959,0.2
60,20,2,10.085903476315956,10.35758547527298,5.31576400097125,64.83631961584936,63.8789201844959,0.2
60,20,3,9.502382392021394,9.820344713263799,4.595235293743453,64.83631961584936,63.8789201844959,0.2
60,20,4,32.41927690659738,33.22652696467938,16.267269013500997,64.83631961584936,63.8789201844959,0.2
60,20,5,8.680778205256475,8.93416969841737,4.306048878825973,64.83631961584936,63.8789201844959,0.2
60,20,6,7.198339475119188,7.4131194949157715,3.4854376230487136,64.83631961584936,63.8789201844959,0.2
60,20,7,13.143216123534348,13.49161856463322,6.376661651964623,64.83631961584936,63.8789201844959,0.2
60,20,8,14.40673798179422,14.794912671894645,6.966989247333649,64.83631961584936,63.8789201844959,0.2
60,20,9,10.40632881046009,10.710917145567368,5.027933019782131,64.83631961584936,63.8789201844959,0.2
61,0,0,2.0,2.0,1.6022318105281415,17.990781221920557,17.990781221920557,0.0
61,0,1,2.0,2.0,1.394317470845185,17.990781221920557,17.990781221920557,0.0
61,0,2,2.0,2.0,1.474204559146871,17.990781221920557,17.990781221920557,0.0
61,0,3,2.0,2.0,1.4721583927005193,17.990781221920557,17.990781221920557,0.0
61,0,4,2.0,2.0,1.7325356263177845,17.990781221920557,17.990781221920557,0.0
61,0,5,2.0,2.0,1.5010290148174403,17.990781221920557,17.990781221920557,0.0
61,0,6,2.0,2.0,1.460545315618037,17.990781221920557,17.990781221920557,0.0
61,0,7,2.0,2.0,1.7302615800080292,17.990781221920557,17.990781221920557,0.0
61,0,8,2.0,2.0,1.4204318220786907,17.990781221920557,17.990781221920557,0.0
61,0,9,2.0,2.0,1.3104001024539056,17.990781221920557,17.990781221920557,0.0
61,1,0,3.2412742672473756,3.924239195783527,2.5682256717500027,17.990781221920557,27.12631805449366,0.0
61,1,1,2.820668837634817,2.650906132291877,1.698309023085425,17.990781221920557,27.12631805449366,0.0
61,1,2,2.9822783886973574,3.5859197064843227,2.2184883152702244,17.990781221920557,27.12631805449366,0.0
61,1,3,2.9781390459346646,3.5805125921420062,2.2130701784887785,17.990781221920557,27.12631805449366,0.0
61,1,4,3.5048755777867617,4.268574639496246,2.945501123513218,17.990781221920557,27.12631805449366,0.0
61,1,5,3.0365435813658728,3.6568048972955327,2.2900203579984533,17.990781221920557,27.12631805449366,0.0
61,1,6,2.9546460858875143,3.549824357681383,2.182422571941706,17.990781221920557,27.12631805449366,0.0
61,1,7,3.500275239846955,4.262565339305398,2.938735518126832,17.990781221920557,27.12631805449366,0.0
61,1,8,2.873497507058825,3.443822108146062,2.0779155500332265,17.990781221920557,27.12631805449366,0.0
61,1,9,2.6509061322918783,2.921747959709423,1.7085702734178958,17.990781221920557,27.12631805449366,0.0
61,2,0,5.19545531902993,7.184244580486255,3.921670752617448,29.408919011246358,39.80313127184904,0.2
61,2,1,3.4356360285633794,5.075321011183053,2.675870758013112,29.408919011246358,39.80313127184904,0.2
61,2,2,4.487945527747382,6.2382213079860795,3.2687318703699115,29.408919011246358,39.80313127184904,0.2
61,2,3,4.476984774621191,6.205220545212794,3.252097798852852,29.408919011246358,39.80313127184904,0.2
61,2,4,5.958673977796386,8.082617071224828,4.60519028176306,29.408919011246358,39.80313127184904,0.2
61,2,5,4.632653033774378,6.368965133981961,3.376885227593703,29.408919011246358,39.80313127184904,0.2
61,2,6,4.414985444810728,6.3899889410201105,3.293397213923136,29.408919011246358,39.80313127184904,0.2
61,2,7,5.944987329898654,8.054011904069824,4.587745887166861,29.408919011246358,39.80313127184904,0.2
61,2,8,4.203570393235292,4.0062556443044075,2.31002381600628,29.408919011246358,39.80313127184904,0.2
61,2,9,3.456394277422175,4.547068486303793,2.328600402628506,29.408919011246358,39.80313127184904,0.2
61,3,0,7.9334403496118355,10.958348536808991,5.270185836070712,43.42241975635875,52.37588877443132,0.2
61,3,1,5.4132185951099565,7.856921200611914,3.633434624215667,43.42241975635875,52.37588877443132,0.2
61,3,2,6.612561570893422,9.246838941617115,4.305583918462052,43.42241975635875,52.37588877443132,0.2
61,3,3,6.578911266603167,5.6719924959840355,3.053855584126095,43.42241975635875,52.37588877443132,0.2
61,3,4,9.316183000471096,12.567338059034928,6.272367346283989,43.42241975635875,52.37588877443132,0.2
61,3,5,6.831353066220391,9.443728156997604,4.449062679856584,43.42241975635875,52.37588877443132,0.2
61,3,6,6.662458934574853,9.663427135259152,4.3993231356776885,43.42241975635875,52.37588877443132,0.2
61,3,7,9.280893433168265,12.506753225909634,6.2429804374085,43.42241975635875,52.37588877443132,0.2
61,3,8,4.673119521376669,7.461473006325637,3.570068892078216,43.42241975635875,52.37588877443132,0.2
61,3,9,4.710699484398415,6.5284807978453445,2.9995175903348916,43.42241975635875,52.37588877443132,0.2
61,4,0,10.661452120612209,12.765505574190106,5.864499676541588,53.115017359030375,57.15093328764513,0.2
61,4,1,7.350345981031207,9.211764506676245,4.0614456978770095,53.115017359030375,57.15093328764513,0.2
61,4,2,8.710086935413555,10.632550335433306,4.747696692373138,53.115017359030375,57.15093328764513,0.2
61,4,3,6.17787230017286,8.591831031044016,4.084073519884758,53.115017359030375,57.15093328764513,0.2
61,4,4,12.68883986739191,14.960758639688136,7.086449693920522,53.115017359030375,57.15093328764513,0.2
61,4,5,9.000340826360414,10.95487604822738,4.93620648036513,53.115017359030375,57.15093328764513,0.2
61,4,6,8.899718991522091,6.976987284794736,3.502366508149293,53.115017359030375,57.15093328764513,0.2
61,4,7,12.629390896958181,14.89643357890973,7.055834421095567,53.115017359030375,57.15093328764513,0.2
61,4,8,7.2221587139623376,9.253112318147723,4.1505044135021505,53.115017359030375,57.15093328764513,0.2
61,4,9,6.067947918537209,6.269054823445002,2.9155760151416197,53.115017359030375,57.15093328764513,0.2
61,5,0,11.863733928481347,11.637965252506149,5.496905771166274,52.82573639551845,52.397305416692426,0.2
61,5,1,8.216201514568601,5.604847485138856,2.8683710576161467,52.82573639551845,52.397305416692426,0.2
61,5,2,9.604469850471895,9.666413629660386,4.441426867248125,52.82573639551845,52.397305416692426,0.2
61,5,3,8.261977023902297,8.763691708470041,4.14108844506527,52.82573639551845,52.397305416692426,0.2
61,5,4,14.33570778467839,14.014482847890486,6.769633082105056,52.82573639551845,52.397305416692426,0.2
61,5,5,9.985820364753156,10.122728154340388,4.670639975416613,52.82573639551845,52.397305416692426,0.2
61,5,6,7.08519851043986,7.586335945470884,3.713782698587208,52.82573639551845,52.397305416692426,0.2
61,5,7,14.27377386516672,13.983014799034065,6.750117607706663,52.82573639551845,52.397305416692426,0.2
61,5,8,8.396365034811481,4.849816172972546,2.6406271883132586,52.82573639551845,52.397305416692426,0.2
61,5,9,5.898136243448523,6.445649599917324,2.9728267912908777,52.82573639551845,52.397305416692426,0.2
61,6,0,11.120100792214235,10.280130617282841,5.0396850428150035,47.37280060759194,47.61901099745169,0.2
61,6,1,5.802641813049348,6.230890153648903,3.089055695424377,47.37280060759194,47.61901099745169,0.2
61,6,2,8.98489377134959,4.137775472865508,2.452299997375975,47.37280060759194,47.61901099745169,0.2
61,6,3,8.377316769763233,8.143922826497256,3.9338436677073054,47.37280060759194,47.61901099745169,0.2
61,6,4,13.69479582389571,12.62652060869556,6.293029407120034,47.37280060759194,47.61901099745169,0.2
61,6,5,9.448586068769034,9.034731973629674,4.313291221498247,47.37280060759194,47.61901099745169,0.2
61,6,6,7.51288809520725,7.079322326367072,3.538247591747642,47.37280060759194,47.61901099745169,0.2
61,6,7,13.655316514743944,12.61817463189994,6.281861269325243,47.37280060759194,47.61901099745169,0.2
61,6,8,5.341921748546651,5.808066328059879,2.995859855482256,47.37280060759194,47.61901099745169,0.2
61,6,9,6.013953109830274,4.904418731266453,2.4552414147591564,47.37280060759194,47.61901099745169,0.2
61,7,0,10.19515486895949,11.347957366719514,5.400658791307121,46.288462029292376,50.07590552690828,0.2
61,7,1,6.249081231493326,7.671422110103677,3.5731708972416696,46.288462029292376,50.07590552690828,0.2
61,7,2,4.960940623470381,7.151647273269203,3.59683912387203,46.288462029292376,50.07590552690828,0.2
61,7,3,7.958065847731946,4.640955533477748,2.653742179703216,46.288462029292376,50.07590552690828,0.2
61,7,4,12.730638691791793,13.86009903964926,6.7173443245478826,46.288462029292376,50.07590552690828,0.2
61,7,5,8.725678613744334,5.46671636604572,3.0344268279593707,46.288462029292376,50.07590552690828,0.2
61,7,6,7.157785031431441,8.428069940047083,3.9976404499300977,46.288462029292376,50.07590552690828,0.2
61,7,7,12.708045832625304,13.842175690507009,6.702453622282901,46.288462029292376,50.07590552690828,0.2
61,7,8,6.06054841381114,7.554154727620861,3.6010529683920285,46.288462029292376,50.07590552690828,0.2
61,7,9,4.966891036145183,6.424960573242457,2.9661441161191715,46.288462029292376,50.07590552690828,0.2
61,8,0,10.925395595957447,13.970440457180297,6.246711114610431,53.36582541189697,58.994653996117904,0.2
61,8,1,7.228433991638828,6.788885875634686,3.280194739500471,53.36582541189697,58.994653996117904,0.2
61,8,2,7.276314213105084,9.998792744240184,4.547786304522127,53.36582541189697,58.994653996117904,0.2
61,8,3,5.368453043099733,8.302835267308415,3.987420498859059,53.36582541189697,58.994653996117904,0.2
61,8,4,13.589016995125275,16.89493997758989,7.715975395313277,53.36582541189697,58.994653996117904,0.2
61,8,5,6.138568419801723,9.009246489465568,4.3047706566948785,53.36582541189697,58.994653996117904,0.2
61,8,6,8.087125118177811,11.065552511724103,4.83699024607586,53.36582541189697,58.994653996117904,0.2
61,8,7,13.55889348256262,16.839299346085507,7.688074438126689,53.36582541189697,58.994653996117904,0.2
61,8,8,7.284838713566942,10.056887651609596,4.399708619159779,53.36582541189697,58.994653996117904,0.2
61,8,9,6.000434227650994,6.046621411154511,2.8427709298788972,53.36582541189697,58.994653996117904,0.2
61,9,0,12.636937962204652,7.087087103746493,3.8844701840708664,64.83133873989313,68.0664927771478,0.2
61,9,1,6.63575066406806,11.224848830578047,4.664091080978838,64.83133873989313,68.0664927771478,0.2
61,9,2,9.200056212171118,13.889069830387228,5.724109934338581,64.83133873989313,68.0664927771478,0.2
61,9,3,8.066450416676183,12.8364077128265,5.409336445692008,64.83133873989313,68.0664927771478,0.2
61,9,4,15.609222293058169,21.377145903235597,9.097582064804323,64.83133873989313,68.0664927771478,0.2
61,9,5,8.70844172750971,13.468625493732656,5.704195271276698,64.83133873989313,68.0664927771478,0.2
61,9,6,9.785108442182478,15.035949356873365,5.994950992643002,64.83133873989313,68.0664927771478,0.2
61,9,7,15.552779365158337,21.2737641149393,9.054861359425782,64.83133873989313,68.0664927771478,0.2
61,9,8,8.900498814817784,8.751062933201537,3.9915535610770227,64.83133873989313,68.0664927771478,0.2
61,9,9,5.750853404700597,10.331212783394632,4.136079101247722,64.83133873989313,68.0664927771478,0.2
61,10,0,7.858184544075643,12.716316855677137,5.848672339175391,70.87163876705152,71.10064433361059,0.2
61,10,1,9.435337821617402,12.546345344370957,5.0419988053370615,70.87163876705152,71.10064433361059,0.2
61,10,2,11.579729044919521,14.811583253694424,5.987669102066755,70.87163876705152,71.10064433361059,0.2
61,10,3,10.942950270426515,14.230316321475797,5.814116504786789,70.87163876705152,71.10064433361059,0.2
61,10,4,18.404177502318774,22.286713628970446,9.366846424074991,70.87163876705152,71.10064433361059,0.2
61,10,5,11.539442187238105,14.855328228007988,6.10921861825574,70.87163876705152,71.10064433361059,0.2
61,10,6,12.12763362840597,9.455432650367479,4.332823748650471,70.87163876705152,71.10064433361059,0.2
61,10,7,18.317754600144287,22.17833591562101,9.322685583606328,70.87163876705152,71.10064433361059,0.2
61,10,8,8.074811496592329,11.819530577868997,4.926285259248353,70.87163876705152,71.10064433361059,0.2
61,10,9,8.367182994422535,8.509383835323849,3.6108679056933566,70.87163876705152,71.10064433361059,0.2
61,11,0,11.831715626892896,13.316789410227894,6.040654898926652,67.2326191820785,63.35721160783392,0.2
61,11,1,10.19983555178827,7.511376122372251,3.520824102714531,67.2326191820785,63.35721160783392,0.2
61,11,2,12.112902548679175,6.37140898638978,3.317428654722142,67.2326191820785,63.35721160783392,0.2
61,11,3,11.761810051400598,12.647695866411333,5.353545916048681,67.2326191820785,63.35721160783392,0.2
61,11,4,18.94889246369704,19.306634363421374,8.471411479755757,67.2326191820785,63.35721160783392,0.2
61,11,5,12.358794133424244,13.279442487180717,5.647990790674511,67.2326191820785,63.35721160783392,0.2
61,11,6,8.76519242018408,10.273316645657095,4.591890372919166,67.2326191820785,63.35721160783392,0.2
61,11,7,18.85955620480457,19.247991358400856,8.442295667943982,67.2326191820785,63.35721160783392,0.2
61,11,8,9.965749986363349,10.879927583607984,4.6487650742076925,67.2326191820785,63.35721160783392,0.2
61,11,9,7.304694082496956,8.656673357268694,3.6545056933317652,67.2326191820785,63.35721160783392,0.2
61,12,0,12.220091470259112,11.458646798753527,5.437480168517011,57.021552495614465,54.36540115566975,0.2
61,12,1,7.122537755551884,7.533401142412571,3.528047613987452,57.021552495614465,54.36540115566975,0.2
61,12,2,6.711073929081187,7.618164401323804,3.7595164669844134,57.021552495614465,54.36540115566975,0.2
61,12,3,10.830087445646239,5.39356177063054,2.948129130613943,57.021552495614465,54.36540115566975,0.2
61,12,4,17.137450309106864,15.538415096404615,7.276891176245835,57.021552495614465,54.36540115566975,0.2
61,12,5,11.425741950179509,10.806130395544045,4.889193580929483,57.021552495614465,54.36540115566975,0.2
61,12,6,9.289277622604304,8.588925316474663,4.05089715802568,57.021552495614465,54.36540115566975,0.2
61,12,7,17.078549761149063,15.52210778851134,7.26200015734389,57.021552495614465,54.36540115566975,0.2
61,12,8,9.404333699092462,8.675230165876036,3.9673096674366097,57.021552495614465,54.36540115566975,0.2
61,12,9,7.3929722187956965,6.291530012049472,2.9228889286516035,57.021552495614465,54.36540115566975,0.2
61,13,0,10.999884307048314,11.648659327998073,5.500441041921724,51.44830096203356,52.79172994692119,0.2
61,13,1,7.1371507354304775,8.16966278548203,3.734079531779921,51.44830096203356,52.79172994692119,0.2
61,13,2,7.6054063473578255,8.79720804111584,4.157939413088959,51.44830096203356,52.79172994692119,0.2
61,13,3,5.963990369428204,7.776193133796381,3.8086447784702786,51.44830096203356,52.79172994692119,0.2
61,13,4,14.720966067544468,15.048736204533183,7.115594608686272,51.44830096203356,52.79172994692119,0.2
61,13,5,9.890714462992772,5.952382344669372,3.220710314633535,51.44830096203356,52.79172994692119,0.2
61,13,6,8.194862086308294,8.86913657788061,4.142962278845813,51.44830096203356,52.79172994692119,0.2
61,13,7,14.69084191443328,15.033971986934612,7.101373958534422,51.44830096203356,52.79172994692119,0.2
61,13,8,8.025766715382643,5.1678069640680375,2.760665540680353,51.44830096203356,52.79172994692119,0.2
61,13,9,5.912930081782504,6.898282777725085,3.117465217694446,51.44830096203356,52.79172994692119,0.2
61,14,0,11.127252555181427,13.714178515235249,6.166279579409691,55.00986442099621,59.440907342647705,0.2
61,14,1,7.553948073358894,6.1363554721562075,3.056173664780979,55.00986442099621,59.440907342647705,0.2
61,14,2,8.411405850178749,10.751764237374978,4.784896695093592,55.00986442099621,59.440907342647705,0.2
61,14,3,7.70479167397917,10.096238217840058,4.572410933746623,55.00986442099621,59.440907342647705,0.2
61,14,4,14.394667207173068,17.160213094233953,7.800582789077893,55.00986442099621,59.440907342647705,0.2
61,14,5,6.515415183049459,9.156223585923033,4.353810903635973,55.00986442099621,59.440907342647705,0.2
61,14,6,8.381107487919035,10.909215412182972,4.78905143400199,55.00986442099621,59.440907342647705,0.2
61,14,7,14.365899193020656,17.113070868879486,7.775356879224205,55.00986442099621,59.440907342647705,0.2
61,14,8,5.584756287252997,8.270596344782115,3.836853118121678,55.00986442099621,59.440907342647705,0.2
61,14,9,6.306552973643055,6.990178732496959,3.146478131547572,55.00986442099621,59.440907342647705,0.2
61,15,0,12.474227008890457,7.391406143872748,4.00049101722756,65.32916734692812,68.73484946704095,0.2
61,15,1,6.182561718474699,10.984010236695745,4.593813105975898,65.32916734692812,68.73484946704095,0.2
61,15,2,9.6797245113562,9.051877966488755,4.241835635287843,65.32916734692812,68.73484946704095,0.2
61,15,3,9.249871211799391,13.952680788805964,5.734478161757968,65.32916734692812,68.73484946704095,0.2
61,15,4,15.780380902209563,21.633098846019937,9.173694876972382,65.32916734692812,68.73484946704095,0.2
61,15,5,8.807648901793206,13.642658334999842,5.755689964790044,65.32916734692812,68.73484946704095,0.2
61,15,6,9.688129442666657,15.023129673468857,5.991372619036234,65.32916734692812,68.73484946704095,0.2
61,15,7,15.729349527136746,21.5345438788179,9.132417166712994,65.32916734692812,68.73484946704095,0.2
61,15,8,7.761856428799957,12.812976876290348,5.212600315506325,65.32916734692812,68.73484946704095,0.2
61,15,9,6.365245361643392,10.889165643008834,4.291203835686262,65.32916734692812,68.73484946704095,0.2
61,16,0,8.09289174343616,13.503868873230056,6.099933514166612,73.20459314738562,73.89972923469493,0.2
61,16,1,9.29316726275414,13.01774546298738,5.173872414658644,73.20459314738562,73.89972923469493,0.2
61,16,2,8.581125777311438,12.947340063224658,5.449581368295265,73.20459314738562,73.89972923469493,0.2
61,16,3,11.600703705708678,15.467116207890612,6.163396198708721,73.20459314738562,73.89972923469493,0.2
61,16,4,18.55815178860313,23.398917018868833,9.691660825564021,73.20459314738562,73.89972923469493,0.2
61,16,5,11.643614644611535,15.597393155449872,6.321272373443932,73.20459314738562,73.89972923469493,0.2
61,16,6,12.120394669465071,9.151119052022034,4.2347325095040445,73.20459314738562,73.89972923469493,0.2
61,16,7,18.474648028912735,23.279708525081396,9.644396225657589,73.20459314738562,73.89972923469493,0.2
61,16,8,10.544958074778814,14.590834897470408,5.708940235421347,73.20459314738562,73.89972923469493,0.2
61,16,9,8.680996393111382,10.499070914014156,4.183006406930683,73.20459314738562,73.89972923469493,0.2
61,17,0,12.340010603628459,14.258234110410463,6.336513607335634,71.77213151996304,68.31006748427556,0.2
61,17,1,10.466612514781025,11.800108505050222,4.830152833353359,71.77213151996304,68.31006748427556,0.2
61,17,2,11.024364726914117,12.635682734820358,5.357421940963804,71.77213151996304,68.31006748427556,0.2
61,17,3,12.468394002950044,13.722460326906196,5.6680794731264035,71.77213151996304,68.31006748427556,0.2
61,17,4,19.605983749901572,20.708483751098452,8.897438359733062,71.77213151996304,68.31006748427556,0.2
61,17,5,12.78777349549177,14.147245961343446,5.903892255972393,71.77213151996304,68.31006748427556,0.2
61,17,6,8.56675633422039,10.68958799606823,4.721355646990212,71.77213151996304,68.31006748427556,0.2
61,17,7,19.510368664480215,20.630665167162,8.86237308671433,71.77213151996304,68.31006748427556,0.2
61,17,8,11.549041129213919,8.722505365419535,3.9824310742238915,71.77213151996304,68.31006748427556,0.2
61,17,9,8.462115742194714,7.889949574667685,3.424797365360939,71.77213151996304,68.31006748427556,0.2
61,18,0,12.818606124634233,12.478487521574728,5.771885634548602,61.742754729324986,57.36633349704606,0.2
61,18,1,9.771276529867189,6.363240964582787,3.1348410911375093,61.742754729324986,57.36633349704606,0.2
61,18,2,10.837928545625685,10.722500345902708,4.775776577633533,61.742754729324986,57.36633349704606,0.2
61,18,3,11.46638084466804,5.363960827085709,2.936793839734726,61.742754729324986,57.36633349704606,0.2
61,18,4,17.99929186920605,16.776516257287284,7.6780763128909095,61.742754729324986,57.36633349704606,0.2
61,18,5,11.94342411637462,11.698232803743906,5.168354234629327,61.742754729324986,57.36633349704606,0.2
61,18,6,9.551182584540049,9.336062633040685,4.294461056905205,61.742754729324986,57.36633349704606,0.2
61,18,7,17.92835571230117,16.75103586036529,7.659844184853964,61.742754729324986,57.36633349704606,0.2
61,18,8,8.056356937335632,8.471837684377112,3.9019682814734784,61.742754729324986,57.36633349704606,0.2
61,18,9,6.928278104291232,7.377395842638859,3.267496131400125,61.742754729324986,57.36633349704606,0.2
61,19,0,11.676378073276672,11.52939515925254,5.460959052228324,53.05819501201282,52.959315059477014,0.2
61,19,1,6.341703924393048,7.243505560284396,3.432454828993959,53.05819501201282,52.959315059477014,0.2
61,19,2,9.66127474532152,9.730081663087763,4.461884178453425,53.05819501201282,52.959315059477014,0.2
61,19,3,5.941059363816438,7.3376525965539505,3.6569880778892885,53.05819501201282,52.959315059477014,0.2
61,19,4,15.532553411688616,14.954601055275148,7.084407907447548,53.05819501201282,52.959315059477014,0.2
61,19,5,10.455449376704792,5.083175867245208,2.8837837163404396,53.05819501201282,52.959315059477014,0.2
61,19,6,8.68758566892673,8.617633907415172,4.060370535088877,53.05819501201282,52.959315059477014,0.2
61,19,7,15.495670279638059,14.943123218171161,7.07130764048558,53.05819501201282,52.959315059477014,0.2
61,19,8,7.893582750792173,8.077248187905246,3.773842713171881,53.05819501201282,52.959315059477014,0.2
61,19,9,6.6100617023366475,6.007672437446345,2.829940425144391,53.05819501201282,52.959315059477014,0.2
61,20,0,11.047381492597317,11.380320400879672,5.411435613613158,53.75305449615456,52.959315059477014,0.2
61,20,1,6.943768958774959,7.149183537975813,3.4011061356399748,53.75305449615456,52.959315059477014,0.2
61,20,2,9.026278392445679,9.29186806596499,4.320249984211139,53.75305449615456,52.959315059477014,0.2
61,20,3,7.397994019720408,7.611191189134821,3.751892480748273,53.75305449615456,52.959315059477014,0.2
61,20,4,14.331577302490619,14.731223053536178,7.010166622044569,53.75305449615456,52.959315059477014,0.2
61,20,5,5.833821230275156,5.994781349744676,3.236752063230885,53.75305449615456,52.959315059477014,0.2
61,20,6,8.214026487549804,8.522246715727912,4.028857540331401,53.75305449615456,52.959315059477014,0.2
61,20,7,14.305075795081464,14.699996680340657,6.9905739328213965,53.75305449615456,52.959315059477014,0.2
61,20,8,7.634387979608892,7.903360082353878,3.7167866684671393,53.75305449615456,52.959315059477014,0.2
61,20,9,5.7248976194275265,5.926409134567971,2.8030901315825663,53.75305449615456,52.959315059477014,0.2
62,0,0,2.0,2.0,1.524216964111757,17.785083614650613,17.785083614650613,0.0
62,0,1,2.0,2.0,1.6041037163054186,17.785083614650613,17.785083614650613,0.0
62,0,2,2.0,2.0,1.6618686684439472,17.785083614650613,17.785083614650613,0.0
62,0,3,2.0,2.0,1.3732455663660943,17.785083614650613,17.785083614650613,0.0
62,0,4,2.0,2.0,1.4691784315415453,17.785083614650613,17.785083614650613,0.0
62,0,5,2.0,2.0,1.3922254400553875,17.785083614650613,17.785083614650613,0.0
62,0,6,2.0,2.0,1.5248743799637252,17.785083614650613,17.785083614650613,0.0
62,0,7,2.0,2.0,1.4252990442668725,17.785083614650613,17.785083614650613,0.0
62,0,8,2.0,2.0,1.5156467384460415,17.785083614650613,17.785083614650613,0.0
62,0,9,2.0,2.0,1.54468600297543,17.785083614650613,17.785083614650613,0.0
62,1,0,3.0834522139769867,3.739808896757648,2.362220212356623,17.785083614650613,26.84064006287041,0.0
62,1,1,3.2450610851015287,3.9526089746653232,2.584223935617813,17.785083614650613,26.84064006287041,0.0
62,1,2,3.3619181164531104,4.106481625359806,2.749822250733259,17.785083614650613,26.84064006287041,0.0
62,1,3,2.7780409099522068,3.0728759038304894,1.854849699013609,17.785083614650613,26.84064006287041,0.0
62,1,4,2.9721106601801743,3.5931988056317468,2.2140652704578376,17.785083614650613,26.84064006287041,0.0
62,1,5,2.816436712469966,2.778040909952206,1.7522885140222575,17.785083614650613,26.84064006287041,0.0
62,1,6,3.0847821495517667,3.741560102566809,2.3640136447081312,17.785083614650613,26.84064006287041,0.0
62,1,7,2.8833437739522094,3.476314131087021,2.0987867155440636,17.785083614650613,26.84064006287041,0.0
62,1,8,3.066114865078871,3.7169797712860166,2.338891796383382,17.785083614650613,26.84064006287041,0.0
62,1,9,3.124860559828166,3.7943337453123323,2.4183217623406814,17.785083614650613,26.84064006287041,0.0
62,2,0,4.778711505771014,6.610738242503822,3.51966043974098,29.099202045528195,39.18436814653391,0.2
62,2,1,5.22781940059081,7.245127260521859,3.9495140287016013,29.099202045528195,39.18436814653391,0.2
62,2,2,5.562820587033544,7.6389831342691075,4.2462013974212285,29.099202045528195,39.18436814653391,0.2
62,2,3,3.7523138409307943,4.141948964783187,2.2859700123404316,29.099202045528195,39.18436814653391,0.2
62,2,4,4.47899782040624,6.266700951466959,3.2679908089196616,29.099202045528195,39.18436814653391,0.2
62,2,5,3.544835168028096,5.248343060306317,2.7352946685151216,29.099202045528195,39.18436814653391,0.2
62,2,6,4.782339573877512,6.623043770118154,3.5257653747380413,29.099202045528195,39.18436814653391,0.2
62,2,7,4.245792231082488,4.661757607646014,2.577328515000039,29.099202045528195,39.18436814653391,0.2
62,2,8,4.731518712635304,6.622215409931804,3.504122698527794,29.099202045528195,39.18436814653391,0.2
62,2,9,4.892203516802852,6.863768302291581,3.661955349564883,29.099202045528195,39.18436814653391,0.2
62,3,0,7.120183694905268,9.926729549470476,4.678322179304151,42.74739265927727,51.08925944730507,0.2
62,3,1,7.989766590106138,11.100755714171566,5.324247429696364,42.74739265927727,51.08925944730507,0.2
62,3,2,8.589957603247537,11.799401514754333,5.756754232024517,42.74739265927727,51.08925944730507,0.2
62,3,3,4.624459287358573,7.338391717718959,3.4115192941793575,42.74739265927727,51.08925944730507,0.2
62,3,4,6.611062422397329,6.3147060644036275,3.285494503581786,42.74739265927727,51.08925944730507,0.2
62,3,5,5.533431657104952,5.550928447526018,2.844752638056788,42.74739265927727,51.08925944730507,0.2
62,3,6,7.13253382338179,9.953090778324789,4.689036856239315,42.74739265927727,51.08925944730507,0.2
62,3,7,5.213870139776377,8.037686271484437,3.7737813377900276,42.74739265927727,51.08925944730507,0.2
62,3,8,7.088751238980649,9.99011680892054,4.672791343276316,42.74739265927727,51.08925944730507,0.2
62,3,9,7.408042684186271,10.44250559234525,4.912273238513752,42.74739265927727,51.08925944730507,0.2
62,4,0,9.46412697215942,11.55861678181365,5.204270955211934,51.8102311178027,55.393289418644656,0.2
62,4,1,10.770817351731576,12.986676873705019,5.942375238499516,51.8102311178027,55.393289418644656,0.2
62,4,2,11.64576763020195,13.94061671805134,6.4695354052630245,51.8102311178027,55.393289418644656,0.2
62,4,3,6.9014169034607775,6.992311466737595,3.2980842405684965,51.8102311178027,55.393289418644656,0.2
62,4,4,6.646471952227721,9.089303050503204,4.239600704109802,51.8102311178027,55.393289418644656,0.2
62,4,5,5.75486235002298,8.115737867209054,3.7112326150304837,51.8102311178027,55.393289418644656,0.2
62,4,6,9.485802491521609,11.581897546300624,5.213854098391065,51.8102311178027,55.393289418644656,0.2
62,4,7,7.634263818769909,9.71318536607572,4.308619778983205,51.8102311178027,55.393289418644656,0.2
62,4,8,9.452938231319557,5.91743423741604,3.2386976072347977,51.8102311178027,55.393289418644656,0.2
62,4,9,9.937404024224309,12.071957086587386,5.43705332357446,51.8102311178027,55.393289418644656,0.2
62,5,0,10.528107990410595,10.849186123429984,4.97856069152871,51.2011114531102,51.424240801550255,0.2
62,5,1,12.021274212829125,12.09874074620842,5.654960392915215,51.2011114531102,51.424240801550255,0.2
62,5,2,13.0877058440206,13.143043946901978,6.208159626610035,51.2011114531102,51.424240801550255,0.2
62,5,3,6.671940670460813,7.492899336269114,3.4616418862726803,51.2011114531102,51.424240801550255,0.2
62,5,4,8.576604568289836,9.23569129216665,4.287282809881081,51.2011114531102,51.424240801550255,0.2
62,5,5,7.507729340926234,8.200205362284072,3.7382287955263442,51.2011114531102,51.424240801550255,0.2
62,5,6,10.547494445717348,10.851544574679219,4.981465901026974,51.2011114531102,51.424240801550255,0.2
62,5,7,8.716228404158283,6.546120922875142,3.2686905949140668,51.2011114531102,51.424240801550255,0.2
62,5,8,6.55180301923073,8.16965536418622,4.059005200035276,51.2011114531102,51.424240801550255,0.2
62,5,9,10.999020810568402,5.559443856446052,3.1596658653383742,51.2011114531102,51.424240801550255,0.2
62,6,0,10.071501858437154,9.534737209169691,4.54822460564901,46.49304552047733,47.62082360287132,0.2
62,6,1,11.439841278533434,10.594771834770064,5.153183100010357,46.49304552047733,47.62082360287132,0.2
62,6,2,12.558949280917274,11.62523858947554,5.697141622302145,46.49304552047733,47.62082360287132,0.2
62,6,3,7.002813634503255,5.138000780318882,2.6581722795313185,46.49304552047733,47.62082360287132,0.2
62,6,4,8.673064257474056,8.32468347452382,3.9866761471508743,46.49304552047733,47.62082360287132,0.2
62,6,5,7.562341928555708,5.74500993071044,2.914017241065891,46.49304552047733,47.62082360287132,0.2
62,6,6,10.077379023480198,9.524699281481478,4.546832564122093,46.49304552047733,47.62082360287132,0.2
62,6,7,6.6124780716943565,6.666172360507748,3.3105379746465564,46.49304552047733,47.62082360287132,0.2
62,6,8,8.211264449406304,8.087029622716125,4.030225217041547,46.49304552047733,47.62082360287132,0.2
62,6,9,6.391923812226237,6.965911193302158,3.7000174108399486,46.49304552047733,47.62082360287132,0.2
62,7,0,9.200942884221028,6.028346752564411,3.2996247423743235,46.290223987707364,49.99077983431671,0.2
62,7,1,10.424758556611032,11.806387869538504,5.5589578459310935,46.290223987707364,49.99077983431671,0.2
62,7,2,11.525172834475798,12.904365289618173,6.129024493332914,46.290223987707364,49.99077983431671,0.2
62,7,3,5.377415022558518,7.230372871491706,3.3762896290058038,46.290223987707364,49.99077983431671,0.2
62,7,4,8.064944612071837,9.51298723917369,4.37698831261477,46.290223987707364,49.99077983431671,0.2
62,7,5,5.894982883075252,7.678040788585591,3.5699641821966432,46.290223987707364,49.99077983431671,0.2
62,7,6,9.198126819560168,5.046369215038494,2.9147303716149606,46.290223987707364,49.99077983431671,0.2
62,7,7,6.697134258263226,8.305039677184187,3.8612168709217314,46.290223987707364,49.99077983431671,0.2
62,7,8,8.153043274619716,9.741913839012652,4.591218812360913,46.290223987707364,49.99077983431671,0.2
62,7,9,7.485041267636314,9.363401006198059,4.551166778304255,46.290223987707364,49.99077983431671,0.2
62,8,0,6.675057066496058,10.067358973895471,4.724617803636365,53.27510707538148,58.564344852904895,0.2
62,8,1,11.245630563775954,14.618523375248513,6.455708358463438,53.27510707538148,58.564344852904895,0.2
62,8,2,12.398860915775044,15.885385479192916,7.088823017259063,53.27510707538148,58.564344852904895,0.2
62,8,3,6.8301481854010975,9.765537261535526,4.166913715554884,53.27510707538148,58.564344852904895,0.2
62,8,4,8.854536211613672,7.500413537739765,3.7060663763948076,53.27510707538148,58.564344852904895,0.2
62,8,5,7.221946888530812,6.6137957329604555,3.2159116775778966,53.27510707538148,58.564344852904895,0.2
62,8,6,5.896425528067505,9.463731293931476,4.526439826144486,53.27510707538148,58.564344852904895,0.2
62,8,7,7.811143682046016,10.856666694699431,4.6577111324544065,53.27510707538148,58.564344852904895,0.2
62,8,8,9.28791907264789,12.452650055313981,5.452055158069701,53.27510707538148,58.564344852904895,0.2
62,8,9,9.206894824792037,12.535187560208417,5.582269505252456,53.27510707538148,58.564344852904895,0.2
62,9,0,9.557781844599317,13.911660752084337,5.925037165617466,64.35845660673661,67.66357247337791,0.2
62,9,1,13.059734079455051,17.882989315526142,7.433948189165671,64.35845660673661,67.66357247337791,0.2
62,9,2,14.340508957526492,19.342442494987502,8.13642495516873,64.35845660673661,67.66357247337791,0.2
62,9,3,8.429560636182973,9.00946615444115,3.9383703143400393,64.35845660673661,67.66357247337791,0.2
62,9,4,7.49727817135249,11.8673349271657,5.109763346161979,64.35845660673661,67.66357247337791,0.2
62,9,5,6.5057076621376275,10.657991007159556,4.491188807590264,64.35845660673661,67.66357247337791,0.2
62,9,6,9.156872828463992,13.560494066498922,5.822452173631622,64.35845660673661,67.66357247337791,0.2
62,9,7,9.422431347758428,7.794164981980147,3.693377618308378,64.35845660673661,67.66357247337791,0.2
62,9,8,11.02936914081089,15.485988803118772,6.35088503252373,64.35845660673661,67.66357247337791,0.2
62,9,9,11.292789458630418,15.973563744537193,6.614552803142592,64.35845660673661,67.66357247337791,0.2
62,10,0,11.98619973165419,16.11651905133497,6.567735678154351,70.45211337275536,69.58261056934244,0.2
62,10,1,15.038688416534658,19.290339173257845,7.83879582434721,70.45211337275536,69.58261056934244,0.2
62,10,2,16.45978107617567,20.85588776070956,8.577007300837977,70.45211337275536,69.58261056934244,0.2
62,10,3,7.967223138924889,12.176113777161163,4.862765164932846,70.45211337275536,69.58261056934244,0.2
62,10,4,10.336921497132995,14.483939275070075,5.874544984553139,70.45211337275536,69.58261056934244,0.2
62,10,5,9.085560913057448,13.000659505919906,5.1613622038593645,70.45211337275536,69.58261056934244,0.2
62,10,6,11.778672897806166,15.965962525141924,6.527541545889184,70.45211337275536,69.58261056934244,0.2
62,10,7,7.4716091359491115,12.301044132697813,5.083284075469728,70.45211337275536,69.58261056934244,0.2
62,10,8,12.847679152856342,9.724316793363464,4.585411980441857,70.45211337275536,69.58261056934244,0.2
62,10,9,13.381072357506108,8.14343848750277,4.127477252476001,70.45211337275536,69.58261056934244,0.2
62,11,0,13.286362502481529,13.851478783996496,5.907083266581329,65.79716965929082,62.72009105503327,0.2
62,11,1,15.857684902216297,16.059426212350274,6.894812574706604,65.79716965929082,62.72009105503327,0.2
62,11,2,17.351067973762913,17.526299017819664,7.59379475692497,65.79716965929082,62.72009105503327,0.2
62,11,3,9.837250448527989,7.420503257377325,3.4381954449884664,65.79716965929082,62.72009105503327,0.2
62,11,4,11.884055331508339,12.495973129444899,5.297763964192409,65.79716965929082,62.72009105503327,0.2
62,11,5,10.441304676005698,8.310162074413252,3.773246815243136,65.79716965929082,62.72009105503327,0.2
62,11,6,13.205050793558161,13.78177028582888,5.8887968924145975,65.79716965929082,62.72009105503327,0.2
62,11,7,10.283354604910343,10.99702905412501,4.6997824770622625,65.79716965929082,62.72009105503327,0.2
62,11,8,9.276171999128444,10.906965657092725,4.9690086673734415,65.79716965929082,62.72009105503327,0.2
62,11,9,8.349781672783974,10.458275805006474,4.9174650039401495,65.79716965929082,62.72009105503327,0.2
62,12,0,11.949879449807204,11.499710490306033,5.1856909274129706,56.44814337413311,53.63529161038411,0.2
62,12,1,13.948030758747453,13.012833174875086,5.950750633442403,56.44814337413311,53.63529161038411,0.2
62,12,2,15.36205396412995,14.304572004718286,6.587310135205457,56.44814337413311,53.63529161038411,0.2
62,12,3,6.9553820791604615,7.477049151823877,3.456514423598893,56.44814337413311,53.63529161038411,0.2
62,12,4,10.717241973511362,6.264528781820442,3.2671978399011126,56.44814337413311,53.63529161038411,0.2
62,12,5,7.633182493230669,8.091094928221906,3.7033407667274387,56.44814337413311,53.63529161038411,0.2
62,12,6,11.912886579213565,11.457893903561075,5.174714910752225,56.44814337413311,53.63529161038411,0.2
62,12,7,9.507540609583026,5.422951591704236,2.865167434659375,56.44814337413311,53.63529161038411,0.2
62,12,8,10.05217835612547,10.058347589252895,4.695108577017908,56.44814337413311,53.63529161038411,0.2
62,12,9,9.947906833847481,10.041520807186798,4.77946030541052,56.44814337413311,53.63529161038411,0.2
62,13,0,10.49052106597569,6.152904658291584,3.3472020114333576,50.757367117665304,52.05578455132515,0.2
62,13,1,12.038217424122292,12.819769895122706,5.8888109057202405,50.757367117665304,52.05578455132515,0.2
62,13,2,13.32596113204199,14.062610490700795,6.509113830867777,50.757367117665304,52.05578455132515,0.2
62,13,3,6.992440907715775,8.22209555870241,3.6941537992156714,50.757367117665304,52.05578455132515,0.2
62,13,4,6.609458266208656,8.577016168798743,4.070885686017632,50.757367117665304,52.05578455132515,0.2
62,13,5,7.491764332206774,8.716967750577627,3.901614672974767,50.757367117665304,52.05578455132515,0.2
62,13,6,10.468316862984846,5.117595236905916,2.9434673593907976,50.757367117665304,52.05578455132515,0.2
62,13,7,5.796160965157355,7.805556528029892,3.6971554244407914,50.757367117665304,52.05578455132515,0.2
62,13,8,9.498085428477578,10.605579608773755,4.872491364537404,50.757367117665304,52.05578455132515,0.2
62,13,9,9.668726833073514,10.80904504306386,5.0323442554711795,50.757367117665304,52.05578455132515,0.2
62,14,0,6.771304673673525,9.716738980713295,4.6088244850755675,54.24299702578678,58.28933395611504,0.2
62,14,1,11.91291492777504,14.618962869194812,6.455844217764171,54.24299702578678,58.28933395611504,0.2
62,14,2,13.16777199400458,15.959287055545854,7.1118918467920285,54.24299702578678,58.28933395611504,0.2
62,14,3,7.473179330215013,6.41786755437496,3.1059948678584592,54.24299702578678,58.28933395611504,0.2
62,14,4,8.235298370867588,10.7674193913685,4.773442411588272,54.24299702578678,58.28933395611504,0.2
62,14,5,7.892867409778454,7.261246743326645,3.4331786623330207,54.24299702578678,58.28933395611504,0.2
62,14,6,5.954559724620076,9.097953615912777,4.403253344063887,54.24299702578678,58.28933395611504,0.2
62,14,7,7.479251541825203,10.040764244780512,4.4098288663663885,54.24299702578678,58.28933395611504,0.2
62,14,8,9.856926303350752,12.42070059212253,5.442259641230573,54.24299702578678,58.28933395611504,0.2
62,14,9,10.180304642567448,12.852766613134083,5.680896138453331,54.24299702578678,58.28933395611504,0.2
62,15,0,9.323534901489023,14.55143660718296,6.114485283869138,64.06351825366326,67.16958419535882,0.2
62,15,1,13.06000891937056,7.654725422264707,4.104518145094934,64.06351825366326,67.16958419535882,0.2
62,15,2,14.387176613885199,20.146166193026446,8.37163705644238,64.06351825366326,67.16958419535882,0.2
62,15,3,6.283348747191294,11.481598321709264,4.666903845793807,64.06351825366326,67.16958419535882,0.2
62,15,4,9.656552786683404,14.598778990872221,5.907110850897785,64.06351825366326,67.16958419535882,0.2
62,15,5,6.9452332552395895,11.894764805515901,4.849954561663846,64.06351825366326,67.16958419535882,0.2
62,15,6,8.907669703287642,14.227310251891069,6.021421546663719,64.06351825366326,67.16958419535882,0.2
62,15,7,8.920971817933454,13.96296295024074,5.554811256633666,64.06351825366326,67.16958419535882,0.2
62,15,8,11.009553058982762,9.358228439298083,4.4638803161895595,64.06351825366326,67.16958419535882,0.2
62,15,9,11.492308633171001,16.93133150334676,6.889742541993723,64.06351825366326,67.16958419535882,0.2
62,16,0,12.369448464223776,16.66736662125608,6.7240771200383715,71.53754057842397,72.1820390691468,0.2
62,16,1,8.303335981552385,14.086044408369343,6.290190310431062,71.53754057842397,72.1820390691468,0.2
62,16,2,16.935609184314504,21.739103397060504,8.829677527603648,71.53754057842397,72.1820390691468,0.2
62,16,3,9.441027973413588,13.465950181261205,5.217868272856333,71.53754057842397,72.1820390691468,0.2
62,16,4,11.949935252178948,9.348455288858238,4.323858227918359,71.53754057842397,72.1820390691468,0.2
62,16,5,9.811334923414282,13.740300435309397,5.365200155766986,71.53754057842397,72.1820390691468,0.2
62,16,6,12.181182887023455,16.521346254505186,6.685669041199305,71.53754057842397,72.1820390691468,0.2
62,16,7,11.237242118921548,10.696100439175062,4.609383338510251,71.53754057842397,72.1820390691468,0.2
62,16,8,9.03031652839798,13.979165135751527,5.911720011236251,71.53754057842397,72.1820390691468,0.2
62,16,9,13.937774211312567,18.439319858780756,7.313758953983462,71.53754057842397,72.1820390691468,0.2
62,17,0,13.602637269436748,15.024561011641593,6.252980121848285,70.10389422398131,67.00081664404514,0.2
62,17,1,12.724895271283147,14.749630438340217,6.4961829192283425,70.10389422398131,67.00081664404514,0.2
62,17,2,17.862213426458162,19.08138157443044,8.059397467258396,70.10389422398131,67.00081664404514,0.2
62,17,3,10.555615018728709,9.268955036546057,4.017434005857968,70.10389422398131,67.00081664404514,0.2
62,17,4,8.747055399404367,11.215275971059544,4.911572083722892,70.10389422398131,67.00081664404514,0.2
62,17,5,10.853663676660414,8.259899934965697,3.757257141681769,70.10389422398131,67.00081664404514,0.2
62,17,6,13.524938701241153,14.961397148414438,6.237256104322268,70.10389422398131,67.00081664404514,0.2
62,17,7,9.32466544779643,11.240074663716882,4.772252720780217,70.10389422398131,67.00081664404514,0.2
62,17,8,11.959259466503317,13.678469282005254,5.82241613741998,70.10389422398131,67.00081664404514,0.2
62,17,9,14.7955486457247,15.95996609704874,6.610610809149177,70.10389422398131,67.00081664404514,0.2
62,18,0,12.649620004658011,6.138031417472862,3.341536188527658,60.55937493649845,56.79885338364683,0.2
62,18,1,13.14161308811247,13.307809879034735,6.0448573893723925,60.55937493649845,56.79885338364683,0.2
62,18,2,16.30395642409104,15.76673508585269,7.0517180991545505,60.55937493649845,56.79885338364683,0.2
62,18,3,8.127166979202393,8.905301926035182,3.9064409372661437,60.55937493649845,56.79885338364683,0.2
62,18,4,9.935985605886813,10.667619035243199,4.742428538255856,60.55937493649845,56.79885338364683,0.2
62,18,5,7.600835789641592,8.928127142704206,3.96753553131866,60.55937493649845,56.79885338364683,0.2
62,18,6,12.617810716482646,12.685253783916625,5.556770788530032,60.55937493649845,56.79885338364683,0.2
62,18,7,9.654146072388514,10.018882707217259,4.403099519429723,60.55937493649845,56.79885338364683,0.2
62,18,8,11.778599997465081,11.947620688662148,5.296317239942989,60.55937493649845,56.79885338364683,0.2
62,18,9,13.373097803756432,7.31177607615586,3.8276765555487677,60.55937493649845,56.79885338364683,0.2
62,19,0,6.75984285780746,8.067963905873624,4.046323083315538,52.53333193140952,52.58414221457702,0.2
62,19,1,12.228593001717059,12.00973419456801,5.625806944978371,52.53333193140952,52.58414221457702,0.2
62,19,2,14.265446650405753,13.780978559811304,6.417586676911068,52.53333193140952,52.58414221457702,0.2
62,19,3,7.902630819886646,6.613691763774742,3.1720350235479904,52.53333193140952,52.58414221457702,0.2
62,19,4,9.5938125084668,9.687168887021027,4.432934935449899,52.53333193140952,52.58414221457702,0.2
62,19,5,8.02622363228067,8.300674267041474,3.7702307271285145,52.53333193140952,52.58414221457702,0.2
62,19,6,11.241206202189526,11.122442782856394,5.068193609466072,52.53333193140952,52.58414221457702,0.2
62,19,7,8.907358519958798,5.827551372565932,3.0131813759792343,52.53333193140952,52.58414221457702,0.2
62,19,8,10.714315287091436,10.591485194868396,4.8679577108104555,52.53333193140952,52.58414221457702,0.2
62,19,9,7.7432924757352914,8.612151257728703,4.292372150895571,52.53333193140952,52.58414221457702,0.2
62,20,0,8.185608849319093,8.410912974049364,4.165968593369962,53.372258665341086,52.58414221457702,0.2
62,20,1,11.380864593650315,11.711020051983855,5.527487323004005,53.372258665341086,52.58414221457702,0.2
62,20,2,12.98261488569796,13.345283115425675,6.274876133467035,53.372258665341086,52.58414221457702,0.2
62,20,3,6.41694630519442,6.628844886549447,3.1771206571883828,53.372258665341086,52.58414221457702,0.2
62,20,4,8.96771480895729,9.227716648506314,4.284691148140306,53.372258665341086,52.58414221457702,0.2
62,20,5,7.627081023562274,7.855912558598524,3.6276569980409703,53.372258665341086,52.58414221457702,0.2
62,20,6,10.252826975376946,10.537389190960614,4.880071501922563,53.372258665341086,52.58414221457702,0.2
62,20,7,6.095589409931388,6.294920039917077,3.1803736714005706,53.372258665341086,52.58414221457702,0.2
62,20,8,9.847754836984144,10.14069922446049,4.721984133449825,53.372258665341086,52.58414221457702,0.2
62,20,9,8.683359865112802,8.949602974048856,4.4094239113809355,53.372258665341086,52.58414221457702,0.2
63,0,0,2.0,2.0,1.3939676609531224,17.7355119477129,17.7355119477129,0.0
63,0,1,2.0,2.0,1.572998248421347,17.7355119477129,17.7355119477129,0.0
63,0,2,2.0,2.0,1.5866741983295964,17.7355119477129,17.7355119477129,0.0
63,0,3,2.0,2.0,1.4384292342959888,17.7355119477129,17.7355119477129,0.0
63,0,4,2.0,2.0,1.5686626245026254,17.7355119477129,17.7355119477129,0.0
63,0,5,2.0,2.0,1.8456430669006054,17.7355119477129,17.7355119477129,0.0
63,0,6,2.0,2.0,1.6165868035469249,17.7355119477129,17.7355119477129,0.0
63,0,7,2.0,2.0,1.7918834162311579,17.7355119477129,17.7355119477129,0.0
63,0,8,2.0,2.0,1.3625289489324977,17.7355119477129,17.7355119477129,0.0
63,0,9,2.0,2.0,1.5863410857979412,17.7355119477129,17.7355119477129,0.0
63,1,0,2.819961181105892,2.756361465010966,1.7448858483317164,17.7355119477129,27.425242072608015,0.0
63,1,1,3.182135513432784,3.8144760615649753,2.4717905508294256,17.7355119477129,27.425242072608015,0.0
63,1,2,3.2098016128239584,3.8502012029487633,2.509603782803933,17.7355119477129,27.425242072608015,0.0
63,1,3,2.90990581496637,3.4629467646781813,2.1124166148366057,17.7355119477129,27.425242072608015,0.0
63,1,4,3.1733646563396505,3.8031502832078985,2.459852084914179,17.7355119477129,27.425242072608015,0.0
63,1,5,3.7336890579500746,4.526695304328825,3.269441738072012,17.7355119477129,27.425242072608015,0.0
63,1,6,3.270314053608228,3.9283407148449028,2.5931308745494412,17.7355119477129,27.425242072608015,0.0
63,1,7,3.6249346497638766,4.386261101674224,3.1049519908697354,17.7355119477129,27.425242072608015,0.0
63,1,8,2.756361465010965,3.0245547450983556,1.8200685953345757,17.7355119477129,27.425242072608015,0.0
63,1,9,3.209127734631142,3.849331026297786,2.508679943209629,17.7355119477129,27.425242072608015,0.0
63,2,0,3.5298597633119226,5.208030306487384,2.723975226756677,29.732996618151258,40.721815575513446,0.2
63,2,1,5.000369518183346,6.935065961275744,3.756147682688295,29.732996618151258,40.721815575513446,0.2
63,2,2,5.076864726276877,6.974707647371565,3.8039514767395812,29.732996618151258,40.721815575513446,0.2
63,2,3,4.273365171247448,4.642642424447782,2.593601024037927,29.732996618151258,40.721815575513446,0.2
63,2,4,4.976218304790108,6.805366620441981,3.6966183981218945,29.732996618151258,40.721815575513446,0.2
63,2,5,6.61399761522911,8.819326917836447,5.214726404396481,29.732996618151258,40.721815575513446,0.2
63,2,6,5.245837911875713,7.1558101057084835,3.9458375127680654,29.732996618151258,40.721815575513446,0.2
63,2,7,6.281239033524868,8.403887819605398,4.894687005419688,29.732996618151258,40.721815575513446,0.2
63,2,8,3.681952551384213,4.159584824989933,2.2748864866630893,29.732996618151258,40.721815575513446,0.2
63,2,9,5.074995822236647,6.97017928901321,3.8014242429183693,29.732996618151258,40.721815575513446,0.2
63,3,0,5.5105327138620535,6.519237083954861,3.1876412943300285,44.424639787361876,53.630587601963136,0.2
63,3,1,7.598591382270272,10.717929807401596,5.094304238085193,44.424639787361876,53.630587601963136,0.2
63,3,2,7.695297243754917,10.754058489010164,5.150714031969195,44.424639787361876,53.630587601963136,0.2
63,3,3,5.246789012352418,8.011424287369298,3.7998313096999383,44.424639787361876,53.630587601963136,0.2
63,3,4,7.478165151218774,5.560981448580374,3.2093313940089647,44.424639787361876,53.630587601963136,0.2
63,3,5,10.549259098615853,14.14699160041971,7.259247198086579,44.424639787361876,53.630587601963136,0.2
63,3,6,7.982329091730316,11.06345179316495,5.353052290999727,44.424639787361876,53.630587601963136,0.2
63,3,7,9.901827521242001,13.35383602532184,6.768820238159688,44.424639787361876,53.630587601963136,0.2
63,3,8,4.602037596357131,7.351615005768354,3.3891646676151543,44.424639787361876,53.630587601963136,0.2
63,3,9,7.69018471390862,10.74449060748473,5.14642510464018,44.424639787361876,53.630587601963136,0.2
63,4,0,6.4485173946966565,8.336179012673258,3.7862442266399925,54.387422497427586,59.36131312590819,0.2
63,4,1,10.305648114046583,12.19679797193475,5.576726209092868,54.387422497427586,59.36131312590819,0.2
63,4,2,10.419763694660773,12.32013166637489,5.6649686002169055,54.387422497427586,59.36131312590819,0.2
63,4,3,7.686962250457066,6.641448764888348,3.332356699793624,54.387422497427586,59.36131312590819,0.2
63,4,4,6.492395915570731,8.97007784163516,4.485035659197478,54.387422497427586,59.36131312590819,0.2
63,4,5,14.6852727477616,16.89704955370777,8.220426167879312,54.387422497427586,59.36131312590819,0.2
63,4,6,10.829088854706821,12.762742027406006,5.916145222041612,54.387422497427586,59.36131312590819,0.2
63,4,7,13.693151461234768,15.837919470587549,7.627416192335763,54.387422497427586,59.36131312590819,0.2
63,4,8,6.85619406157213,7.467485573812654,3.426469070107595,54.387422497427586,59.36131312590819,0.2
63,4,9,10.41108730358285,12.310716071972546,5.6607489682835945,54.387422497427586,59.36131312590819,0.2
63,5,0,7.659475926443415,6.361805345421673,3.1335596427998493,54.868834136063924,55.81586145109915,0.2
63,5,1,11.281575511260417,10.859236848468013,5.141226719306576,54.868834136063924,55.81586145109915,0.2
63,5,2,11.460087627766478,11.134543500373315,5.277611944403685,54.868834136063924,55.81586145109915,0.2
63,5,3,6.741272985193144,7.305973149133453,3.562395669971404,54.868834136063924,55.81586145109915,0.2
63,5,4,9.073113250105655,9.401720796621586,4.6350422463792516,54.868834136063924,55.81586145109915,0.2
63,5,5,16.6297133964475,15.978875956672134,7.9051310937963875,54.868834136063924,55.81586145109915,0.2
63,5,6,11.968211555593244,11.660140604828149,5.553549964420711,54.868834136063924,55.81586145109915,0.2
63,5,7,15.430069274217322,14.898456662969085,7.307816784642221,54.868834136063924,55.81586145109915,0.2
63,5,8,6.931659920544141,5.720277615549071,2.843260919973842,54.868834136063924,55.81586145109915,0.2
63,5,9,11.451551419514448,11.131118293496758,5.275367679422136,54.868834136063924,55.81586145109915,0.2
63,6,0,6.339111586945762,7.074608618473267,3.375385611555994,50.463543005429806,50.84937420941735,0.2
63,6,1,10.4005711020555,5.493229967524611,3.1907052615533407,50.463543005429806,50.84937420941735,0.2
63,6,2,10.676474949198743,10.614247394021307,5.103747810759391,50.463543005429806,50.84937420941735,0.2
63,6,3,7.206635980486284,7.821029800552187,3.736390528436429,50.463543005429806,50.84937420941735,0.2
63,6,4,9.376572766859109,9.785176559360988,4.766577059057635,50.463543005429806,50.84937420941735,0.2
63,6,5,15.991879467861366,15.441120050671115,7.717948535605764,50.463543005429806,50.84937420941735,0.2
63,6,6,11.234690556802716,11.170924497211825,5.389399948004172,50.463543005429806,50.84937420941735,0.2
63,6,7,14.783527788036798,14.38977504606939,7.132249979704514,50.463543005429806,50.84937420941735,0.2
63,6,8,5.751844642220357,6.530607933652659,3.119552288119211,50.463543005429806,50.84937420941735,0.2
63,6,9,10.67193485812966,4.487898657057981,2.793223611237871,50.463543005429806,50.84937420941735,0.2
63,7,0,6.8283193810558345,5.3490847781090585,2.7754112118426466,49.42856388663455,53.63339665803251,0.2
63,7,1,6.454715722586139,7.894466912826266,4.112758496748877,49.42856388663455,53.63339665803251,0.2
63,7,2,10.324752221765971,11.037448906341854,5.24535464713497,49.42856388663455,53.63339665803251,0.2
63,7,3,7.5586231609119015,8.380953646566287,3.921686842243294,49.42856388663455,53.63339665803251,0.2
63,7,4,9.642664352845731,10.449644338912497,4.990908506992582,49.42856388663455,53.63339665803251,0.2
63,7,5,15.613213905765946,16.23789983103663,7.994616199384235,49.42856388663455,53.63339665803251,0.2
63,7,6,10.90261924185124,11.616760200201833,5.539078875210247,49.42856388663455,53.63339665803251,0.2
63,7,7,14.42836059981336,15.084856467900162,7.371698776679283,49.42856388663455,53.63339665803251,0.2
63,7,8,6.310775064115403,6.0186838895611245,2.94629219439762,49.42856388663455,53.63339665803251,0.2
63,7,9,5.6506204372442035,7.38809108263513,3.959571085282371,49.42856388663455,53.63339665803251,0.2
63,8,0,5.614586405577684,9.068024760305747,4.015971200382244,57.15703894284216,62.508804612656874,0.2
63,8,1,8.32000600370117,12.10477223432054,5.547238998463536,57.15703894284216,62.508804612656874,0.2
63,8,2,10.611219255933253,6.396625854569058,3.5804072423911597,57.15703894284216,62.508804612656874,0.2
63,8,3,7.933472898516357,7.666735741805665,3.684638197146045,57.15703894284216,62.508804612656874,0.2
63,8,4,10.096481175572656,13.53731141649148,5.982479868144451,57.15703894284216,62.508804612656874,0.2
63,8,5,16.172905564171487,20.347073532482874,9.362203715527476,57.15703894284216,62.508804612656874,0.2
63,8,6,11.205415910794125,14.779178926070632,6.555913989617698,57.15703894284216,62.508804612656874,0.2
63,8,7,14.912759435773198,18.9151025565586,8.63683938669795,57.15703894284216,62.508804612656874,0.2
63,8,8,5.9602742941078795,9.271535387338764,3.986859246858614,57.15703894284216,62.508804612656874,0.2
63,8,9,8.01011176019033,11.81263223502382,5.499437284968783,57.15703894284216,62.508804612656874,0.2
63,9,0,8.12420776087,12.378314446448044,4.993381629930514,68.69316474566706,73.06283074894647,0.2
63,9,1,11.221923632925625,16.19372889530979,6.800644095360091,68.69316474566706,73.06283074894647,0.2
63,9,2,7.2430729341238305,12.562236402303999,5.742667030655292,68.69316474566706,73.06283074894647,0.2
63,9,3,7.453929508857715,11.91949246012807,5.018199678658197,68.69316474566706,73.06283074894647,0.2
63,9,4,12.1024048602245,8.614573413197464,4.359856503723234,68.69316474566706,73.06283074894647,0.2
63,9,5,18.939500382197657,24.815466867482822,10.758022142315243,68.69316474566706,73.06283074894647,0.2
63,9,6,13.26244752675986,18.163679985215097,7.573920138822578,68.69316474566706,73.06283074894647,0.2
63,9,7,17.472106764142282,23.065056748327823,9.92331830880905,68.69316474566706,73.06283074894647,0.2
63,9,8,8.065315018131146,10.092184208383967,4.230720740323664,68.69316474566706,73.06283074894647,0.2
63,9,9,11.125221980354015,16.000389480791508,6.800908996783788,68.69316474566706,73.06283074894647,0.2
63,10,0,10.101484240476115,11.002762384293924,4.598147678983334,76.07388506251954,76.1757102224816,0.2
63,10,1,13.7575303162484,17.829646269500483,7.27456704801698,76.07388506251954,76.1757102224816,0.2
63,10,2,11.617269579548124,16.068099392871837,6.822474470171193,76.07388506251954,76.1757102224816,0.2
63,10,3,10.151690522847836,13.924078758512492,5.595050796802225,76.07388506251954,76.1757102224816,0.2
63,10,4,8.81987899725389,13.835826321428689,6.0745221959653,76.07388506251954,76.1757102224816,0.2
63,10,5,21.76320561559056,26.41467116343001,11.238759159340406,76.07388506251954,76.1757102224816,0.2
63,10,6,15.321848116384725,9.366924550089381,4.76426541383297,76.07388506251954,76.1757102224816,0.2
63,10,7,20.074620956030877,24.555836633913625,10.36804964262096,76.07388506251954,76.1757102224816,0.2
63,10,8,8.558640627039283,12.311455899467099,4.862295297519763,76.07388506251954,76.1757102224816,0.2
63,10,9,13.7580662051019,17.831867657403684,7.336912811011321,76.07388506251954,76.1757102224816,0.2
63,11,0,9.301935993880429,10.253706659724795,4.376715568203391,72.03159077267948,68.96964449853675,0.2
63,11,1,14.716264415154054,15.005092848895238,6.447247212011413,72.03159077267948,68.96964449853675,0.2
63,11,2,13.801692610152843,14.485738766988979,6.344906357008811,72.03159077267948,68.96964449853675,0.2
63,11,3,11.318645686880432,8.229074940027367,3.8718026804783405,72.03159077267948,68.96964449853675,0.2
63,11,4,12.288604152176472,13.36220810845156,5.928206374191322,72.03159077267948,68.96964449853675,0.2
63,11,5,22.735724393683785,22.755229397771604,10.124732814495653,72.03159077267948,68.96964449853675,0.2
63,11,6,9.637987953255811,11.807791368268923,5.602683660950649,72.03159077267948,68.96964449853675,0.2
63,11,7,20.974301151275526,21.113319669518116,9.327780535481871,72.03159077267948,68.96964449853675,0.2
63,11,8,9.836299918682661,9.205154568043762,3.9668565984498834,72.03159077267948,68.96964449853675,0.2
63,11,9,14.842388310546474,15.264379198439627,6.580380063269429,72.03159077267948,68.96964449853675,0.2
63,12,0,8.853984456595247,7.306457031063969,3.4524427512261573,62.07274759375473,59.283601253545086,0.2
63,12,1,13.042617395036384,6.185900960829345,3.4672832037509127,62.07274759375473,59.283601253545086,0.2
63,12,2,12.83558444410609,12.321006800569577,5.665250276462968,62.07274759375473,59.283601253545086,0.2
63,12,3,7.832558505973713,8.51225493217601,3.964594181407744,62.07274759375473,59.283601253545086,0.2
63,12,4,11.99261096012343,11.793340522196893,5.431932181434306,62.07274759375473,59.283601253545086,0.2
63,12,5,20.48207738651901,18.98338361817124,8.9184268702305,62.07274759375473,59.283601253545086,0.2
63,12,6,11.334086777231478,11.547875441300462,5.516066533126913,62.07274759375473,59.283601253545086,0.2
63,12,7,18.86986316307275,17.6076568587166,8.214475702640907,62.07274759375473,59.283601253545086,0.2
63,12,8,8.024850168327271,8.041759486322881,3.608863845037069,62.07274759375473,59.283601253545086,0.2
63,12,9,13.311941772490627,12.644885647731416,5.767877257569338,62.07274759375473,59.283601253545086,0.2
63,13,0,6.984204017897652,8.090387341301916,3.70774810741113,56.10260376212619,57.73705467511405,0.2
63,13,1,7.014225876511819,8.90296733777423,4.473851743152249,56.10260376212619,57.73705467511405,0.2
63,13,2,11.460657451659664,12.09342194516617,5.5917945525958395,56.10260376212619,57.73705467511405,0.2
63,13,3,8.020273356100546,9.01228422934673,4.126215632069442,56.10260376212619,57.73705467511405,0.2
63,13,4,10.988660870059963,11.728319946042875,5.410951179347118,56.10260376212619,57.73705467511405,0.2
63,13,5,18.041751092981404,18.286597484886812,8.687998805256115,56.10260376212619,57.73705467511405,0.2
63,13,6,11.158862527111635,12.02269945551844,5.673870585295845,56.10260376212619,57.73705467511405,0.2
63,13,7,16.617675756370296,16.961009877740683,8.002117942275643,56.10260376212619,57.73705467511405,0.2
63,13,8,7.300639918678374,7.263577026420028,3.360702923318865,56.10260376212619,57.73705467511405,0.2
63,13,9,11.668269228432282,6.189692775843527,3.4981944056846244,56.10260376212619,57.73705467511405,0.2
63,14,0,7.500680270494337,7.453222082071868,3.5008422770393564,60.1629753929081,64.75570560732889,0.2
63,14,1,9.05048847193919,12.031492472267546,5.523710317910204,60.1629753929081,64.75570560732889,0.2
63,14,2,11.31205838753668,14.072562955510602,6.217674787098937,60.1629753929081,64.75570560732889,0.2
63,14,3,8.347229446737815,8.364741122582243,3.9163748889284817,60.1629753929081,64.75570560732889,0.2
63,14,4,10.94621683560789,13.626456133316035,6.0100294177341445,60.1629753929081,64.75570560732889,0.2
63,14,5,17.575600968795012,20.790660574675787,9.504614795866182,60.1629753929081,64.75570560732889,0.2
63,14,6,11.478096117533187,14.294782961770158,6.404752153384701,60.1629753929081,64.75570560732889,0.2
63,14,7,16.188081399549148,19.278217341368688,8.75256941323008,60.1629753929081,64.75570560732889,0.2
63,14,8,6.7986166755894315,9.339152802954027,4.007190399011327,60.1629753929081,64.75570560732889,0.2
63,14,9,7.076758453095978,10.383131451766364,5.024645446628361,60.1629753929081,64.75570560732889,0.2
63,15,0,7.082115029609238,11.607825636487341,4.773724095416417,71.17045343711203,74.68470197577626,0.2
63,15,1,11.174325709629708,16.289821369371758,6.828867204568792,71.17045343711203,74.68470197577626,0.2
63,15,2,12.578198208967976,17.56869756594983,7.262471804513333,71.17045343711203,74.68470197577626,0.2
63,15,3,7.922726951846852,12.472769943604746,5.180140538298531,71.17045343711203,74.68470197577626,0.2
63,15,4,12.158136899479103,8.569484644978393,4.343870259748411,71.17045343711203,74.68470197577626,0.2
63,15,5,19.227594381480188,25.254282476797098,10.89083660455375,71.17045343711203,74.68470197577626,0.2
63,15,6,12.956650970511005,17.99027150146335,7.523231651605006,71.17045343711203,74.68470197577626,0.2
63,15,7,17.706225669085757,23.443127917389386,10.036901064498755,71.17045343711203,74.68470197577626,0.2
63,15,8,8.10644442266741,10.11653349548831,4.237863342213299,71.17045343711203,74.68470197577626,0.2
63,15,9,10.164730147774177,15.243454686033811,6.574064464052169,71.17045343711203,74.68470197577626,0.2
63,16,0,9.657122625914946,9.837154541156043,4.251482027716456,79.54135732983681,79.42788771793455,0.2
63,16,1,13.814624949508566,18.691806709473052,7.519052877843285,79.54135732983681,79.42788771793455,0.2
63,16,2,14.691796044680533,11.105677312371345,5.268030707994051,79.54135732983681,79.42788771793455,0.2
63,16,3,10.479292769738136,14.821452045867037,5.84508769377611,79.54135732983681,79.42788771793455,0.2
63,16,4,8.787539231631303,14.375108566599314,6.239306858272527,79.54135732983681,79.42788771793455,0.2
63,16,5,22.031885900143187,27.690239791973,11.6159683574881,79.54135732983681,79.42788771793455,0.2
63,16,6,15.219306593875661,20.03775038518414,8.112828695564367,79.54135732983681,79.42788771793455,0.2
63,16,7,20.304395986585746,25.723229371558354,10.710668955261992,79.54135732983681,79.42788771793455,0.2
63,16,8,8.573089929290022,12.960048936725505,5.0402188042860505,79.54135732983681,79.42788771793455,0.2
63,16,9,13.299165475646037,18.18791354965543,7.439154739136676,79.54135732983681,79.42788771793455,0.2
63,17,0,8.600640184243806,10.621893789378294,4.486142553079758,77.14113248696516,73.0239485352154,0.2
63,17,1,15.210853040667242,16.45637021704421,6.877665921555558,77.14113248696516,73.0239485352154,0.2
63,17,2,10.657092351238264,13.22068759519947,5.951748794326756,77.14113248696516,73.0239485352154,0.2
63,17,3,11.824463980275002,8.075673397838035,3.8211371566292076,77.14113248696516,73.0239485352154,0.2
63,17,4,12.621959339649253,14.545720175667505,6.2910510886687065,77.14113248696516,73.0239485352154,0.2
63,17,5,23.498809023068418,24.72837966781062,10.731580327830473,77.14113248696516,73.0239485352154,0.2
63,17,6,16.41204644217555,17.72189479577498,7.444493244557818,77.14113248696516,73.0239485352154,0.2
63,17,7,21.667411320620683,22.940444224676376,9.885759244779328,77.14113248696516,73.0239485352154,0.2
63,17,8,10.19623465486162,9.15822391522134,3.9526887864868283,77.14113248696516,73.0239485352154,0.2
63,17,9,15.049221134916145,16.457386419315586,6.936305009258653,77.14113248696516,73.0239485352154,0.2
63,18,0,9.075352468322166,9.781970466903742,4.234773090209921,66.00344443832562,61.7973037569485,0.2
63,18,1,13.913343514827622,7.604860058633971,4.006554925234215,66.00344443832562,61.7973037569485,0.2
63,18,2,12.040236678245053,12.787044331619773,5.814413073838467,66.00344443832562,61.7973037569485,0.2
63,18,3,7.7300634377758906,9.512350910691358,4.285179396638421,66.00344443832562,61.7973037569485,0.2
63,18,4,12.72663660380017,13.202463429633529,5.878506913397286,66.00344443832562,61.7973037569485,0.2
63,18,5,21.709714496324516,20.87530953571297,9.531686840446698,66.00344443832562,61.7973037569485,0.2
63,18,6,15.060020795822522,6.234524991044055,3.5829470610166085,66.00344443832562,61.7973037569485,0.2
63,18,7,19.998639923235558,19.393582230749864,8.789200633175858,66.00344443832562,61.7973037569485,0.2
63,18,8,7.99618904448907,8.906673628641986,3.876373520958373,66.00344443832562,61.7973037569485,0.2
63,18,9,14.031968900229408,14.015771620645843,6.198797998285398,66.00344443832562,61.7973037569485,0.2
63,19,0,8.566838427957913,6.900002739149357,3.3168527051748367,57.15640505631415,57.6092321585912,0.2
63,19,1,8.10515887535289,8.843341409687278,4.4528566724493635,57.15640505631415,57.6092321585912,0.2
63,19,2,11.762410003061367,11.55229861203099,5.415451204191639,57.15640505631415,57.6092321585912,0.2
63,19,3,8.6688091058961,8.81062290866904,4.061366047154542,57.15640505631415,57.6092321585912,0.2
63,19,4,11.89207021295484,11.67119984085179,5.3924907127379305,57.15640505631415,57.6092321585912,0.2
63,19,5,19.2823604402265,18.29833544547572,8.691902139380025,57.15640505631415,57.6092321585912,0.2
63,19,6,7.248210922709534,8.57836084442685,4.479825007482223,57.15640505631415,57.6092321585912,0.2
63,19,7,17.78032969685998,16.959185491530906,8.00151541727858,57.15640505631415,57.6092321585912,0.2
63,19,8,7.841805200197528,6.244271213799983,3.023165841475853,57.15640505631415,57.6092321585912,0.2
63,19,9,12.540010944536235,12.134848521962612,5.604019362297137,57.15640505631415,57.6092321585912,0.2
63,20,0,6.709908797772067,6.923118319829046,3.32462701409011,58.47266325526668,57.6092321585912,0.2
63,20,1,9.008015977034802,9.282078585767218,4.606370972203145,58.47266325526668,57.6092321585912,0.2
63,20,2,10.955320271599284,11.269573830400303,5.322332563208454,58.47266325526668,57.6092321585912,0.2
63,20,3,8.21604038317962,8.462472590645875,3.948349572430061,58.47266325526668,57.6092321585912,0.2
63,20,4,10.908871780423885,11.209183778027283,5.2421608755841,58.47266325526668,57.6092321585912,0.2
63,20,5,17.58349731461037,18.037215316416216,8.604890762162187,58.47266325526668,57.6092321585912,0.2
63,20,6,9.062572233999704,9.313085845375962,4.745080194250541,58.47266325526668,57.6092321585912,0.2
63,20,7,16.186862506779995,16.60574702886554,7.884418085813809,58.47266325526668,57.6092321585912,0.2
63,20,8,6.115787730095647,6.32583887697797,3.050755686737474,58.47266325526668,57.6092321585912,0.2
63,20,9,11.336788867137976,11.661291114532277,5.450021576288471,58.47266325526668,57.6092321585912,0.2
64,0,0,2.0,2.0,1.419529195361628,17.559823865966234,17.559823865966234,0.0
64,0,1,2.0,2.0,1.48801007415992,17.559823865966234,17.559823865966234,0.0
64,0,2,2.0,2.0,1.3800340643284752,17.559823865966234,17.559823865966234,0.0
64,0,3,2.0,2.0,1.482645421055971,17.559823865966234,17.559823865966234,0.0
64,0,4,2.0,2.0,1.4201435564796192,17.559823865966234,17.559823865966234,0.0
64,0,5,2.0,2.0,1.4978794598703553,17.559823865966234,17.559823865966234,0.0
64,0,6,2.0,2.0,1.4308292850080155,17.559823865966234,17.559823865966234,0.0
64,0,7,2.0,2.0,1.6686309622555262,17.559823865966234,17.559823865966234,0.0
64,0,8,2.0,2.0,1.480068281502284,17.559823865966234,17.559823865966234,0.0
64,0,9,2.0,2.0,1.7162911259240305,17.559823865966234,17.559823865966234,0.0
64,1,0,2.8716715161305957,2.7917738689498637,1.7928316011846068,17.559823865966234,26.455635575792847,0.0
64,1,1,3.010206595005496,3.656922813820274,2.270209466055627,17.559823865966234,26.455635575792847,0.0
64,1,2,2.791773868949864,3.0979501237377773,1.8746530577257339,17.559823865966234,26.455635575792847,0.0
64,1,3,2.9993540380007717,3.642558975076132,2.255801692040473,17.559823865966234,26.455635575792847,0.0
64,1,4,2.872914353071828,3.4752104650071565,2.090730373805701,17.559823865966234,26.455635575792847,0.0
64,1,5,3.0301721116845264,3.6833480573731228,2.2968138589320493,17.559823865966234,26.455635575792847,0.0
64,1,6,2.8945313105422117,3.503821463420557,2.1185865043202106,17.559823865966234,26.455635575792847,0.0
64,1,7,3.375598065119098,4.140534570285725,2.7770186180614616,17.559823865966234,26.455635575792847,0.0
64,1,8,2.9941405501249343,3.6356586935009743,2.248893705230543,17.559823865966234,26.455635575792847,0.0
64,1,9,3.4720133659865806,4.268144481344053,2.9176778517845094,17.559823865966234,26.455635575792847,0.0
64,2,0,3.6268528038474557,5.401462482313218,2.8456487139685853,28.681800547960975,38.6419726852766,0.2
64,2,1,4.592576102431756,6.4320078287013125,3.3707571899861883,28.681800547960975,38.6419726852766,0.2
64,2,2,3.7923755327389976,5.531373241964298,2.8128844011615493,28.681800547960975,38.6419726852766,0.2
64,2,3,4.5634295414555135,6.545069635642128,3.399822891866079,28.681800547960975,38.6419726852766,0.2
64,2,4,4.229494456320358,4.779512279275777,2.6132427721899947,28.681800547960975,38.6419726852766,0.2
64,2,5,4.646396113655764,6.6101880881993305,3.458641438320508,28.681800547960975,38.6419726852766,0.2
64,2,6,4.28584670100086,4.214117858752455,2.4108017480963637,28.681800547960975,38.6419726852766,0.2
64,2,7,5.617838147541504,7.739337847768545,4.3026098263172585,28.681800547960975,38.6419726852766,0.2
64,2,8,4.549454859553443,6.456518174084756,3.3617051473406367,28.681800547960975,38.6419726852766,0.2
64,2,9,5.902388205605178,8.08398482995529,4.5625517448331285,28.681800547960975,38.6419726852766,0.2
64,3,0,5.756675088838502,8.404385199216183,3.8777293749597583,42.15567731829562,50.46157194623724,0.2
64,3,1,6.818956201749566,5.756612396475416,3.118902270462786,42.15567731829562,50.46157194623724,0.2
64,3,2,5.690393716013627,6.631455801388792,3.19370666872405,42.15567731829562,50.46157194623724,0.2
64,3,3,6.877755378587603,9.880250912863719,4.535799881853556,42.15567731829562,50.46157194623724,0.2
64,3,4,5.286523770101402,8.00106614317034,3.7481309286795055,42.15567731829562,50.46157194623724,0.2
64,3,5,6.996743804486345,9.970182356725736,4.611561870332571,42.15567731829562,50.46157194623724,0.2
64,3,6,4.876990718942219,7.669758842229017,3.6661819891401017,42.15567731829562,50.46157194623724,0.2
64,3,7,8.70407042252572,11.935507427689846,5.826770624456221,42.15567731829562,50.46157194623724,0.2
64,3,8,6.800644149336014,9.682019159943343,4.464130800235573,42.15567731829562,50.46157194623724,0.2
64,3,9,9.229926322981646,12.560655531690152,6.211243765994302,42.15567731829562,50.46157194623724,0.2
64,4,0,7.844548058413147,6.475669857360177,3.2308933445671246,51.1736856902139,55.03744265566043,0.2
64,4,1,6.309460094902344,9.05518885174098,4.282655423662617,51.1736856902139,55.03744265566043,0.2
64,4,2,6.460787493077791,8.700230118218217,3.862249515422541,51.1736856902139,55.03744265566043,0.2
64,4,3,9.175807983483672,7.382655789648516,3.698836528129807,51.1736856902139,55.03744265566043,0.2
64,4,4,7.582373692479819,9.728906977711635,4.297897821542136,51.1736856902139,55.03744265566043,0.2
64,4,5,9.329072562353554,11.489807459946995,5.09301311124002,51.1736856902139,55.03744265566043,0.2
64,4,6,7.416593068719937,9.643945632014335,4.3037313203612015,51.1736856902139,55.03744265566043,0.2
64,4,7,11.787409014165966,14.194773905074737,6.578535710397599,51.1736856902139,55.03744265566043,0.2
64,4,8,9.030823251262529,11.161838950521119,4.93146302267557,51.1736856902139,55.03744265566043,0.2
64,4,9,12.565188416576136,15.040718516025445,7.046248713419664,51.1736856902139,55.03744265566043,0.2
64,5,0,6.5360151940275655,7.730522018469495,3.657375127921217,50.87219526194334,51.08566757438853,0.2
64,5,1,8.66370317265726,9.373533229323309,4.387500720984015,50.87219526194334,51.08566757438853,0.2
64,5,2,7.813232695649223,8.280397621314794,3.7308229866390703,50.87219526194334,51.08566757438853,0.2
64,5,3,7.482652371899836,8.380288693808186,4.042011917633646,50.87219526194334,51.08566757438853,0.2
64,5,4,8.694538156517524,5.584182338091314,2.9139558283735747,50.87219526194334,51.08566757438853,0.2
64,5,5,10.303036197224364,10.340458004536606,4.730790446034395,50.87219526194334,51.08566757438853,0.2
64,5,6,8.706339176498535,9.097782183890809,4.1316326218435995,50.87219526194334,51.08566757438853,0.2
64,5,7,13.308210693464545,13.33379141845125,6.296610958871339,50.87219526194334,51.08566757438853,0.2
64,5,8,9.976224470297733,6.402726069216594,3.3420750617958306,50.87219526194334,51.08566757438853,0.2
64,5,9,14.254382221948118,14.234869591479024,6.7798081546987925,50.87219526194334,51.08566757438853,0.2
64,6,0,7.398777012106643,7.483350707834586,3.575119816814566,46.18693890194324,46.83512075863532,0.2
64,6,1,8.87580254680321,8.709993662877892,4.167708750839143,46.18693890194324,46.83512075863532,0.2
64,6,2,7.54736016523236,5.493168723927962,2.7992704952100524,46.18693890194324,46.83512075863532,0.2
64,6,3,8.176887470618,7.953158277213834,3.8966737110328316,46.18693890194324,46.83512075863532,0.2
64,6,4,5.8948586467581485,6.523145676331115,3.2488615540790495,46.18693890194324,46.83512075863532,0.2
64,6,5,9.570268943428704,8.997668083519011,4.291872841397497,46.18693890194324,46.83512075863532,0.2
64,6,6,8.358187879497388,4.77774623830616,2.6322248135898967,46.18693890194324,46.83512075863532,0.2
64,6,7,12.737884080038388,11.968146245696843,5.8379197685536806,46.18693890194324,46.83512075863532,0.2
64,6,8,6.760932984745372,7.180589076032793,3.6213692242528,46.18693890194324,46.83512075863532,0.2
64,6,9,13.71537973737736,12.850771154273358,6.311322794235468,46.18693890194324,46.83512075863532,0.2
64,7,0,7.232376606445909,5.029801721002106,2.7071289155168063,45.52647489863722,48.88864626553373,0.2
64,7,1,8.431168972374708,9.61480679455278,4.466252452763806,45.52647489863722,48.88864626553373,0.2
64,7,2,5.662853129971482,7.175055745500415,3.3747880706950903,45.52647489863722,48.88864626553373,0.2
64,7,3,7.8828719692357,9.092610112098681,4.279551943749301,45.52647489863722,48.88864626553373,0.2
64,7,4,6.572364425603685,7.966328458899776,3.736732392838948,45.52647489863722,48.88864626553373,0.2
64,7,5,8.682349774677158,5.806541510646339,3.1586255427770333,45.52647489863722,48.88864626553373,0.2
64,7,6,5.324923957842679,7.1600091603003495,3.4938666711752844,45.52647489863722,48.88864626553373,0.2
64,7,7,11.809963449565059,12.900957298541892,6.152826336821764,45.52647489863722,48.88864626553373,0.2
64,7,8,7.325937983282868,8.70743935644531,4.144613865569706,45.52647489863722,48.88864626553373,0.2
64,7,9,12.76764574940258,13.84808944947967,6.650324883582742,45.52647489863722,48.88864626553373,0.2
64,8,0,5.4764530540019525,8.781032424627636,3.99857492925643,52.10056480812963,57.09924722150453,0.2
64,8,1,9.035115300452048,7.114199974930269,3.617205001183335,52.10056480812963,57.09924722150453,0.2
64,8,2,6.827110571067574,9.764878348164807,4.187314640358985,52.10056480812963,57.09924722150453,0.2
64,8,3,8.657424911599247,11.944305358197862,5.1799901279862315,52.10056480812963,57.09924722150453,0.2
64,8,4,7.5593147439172395,6.168795508614236,3.1242912493038197,52.10056480812963,57.09924722150453,0.2
64,8,5,6.389819266101541,9.960206791955343,4.608331549386463,52.10056480812963,57.09924722150453,0.2
64,8,6,7.068003556077689,10.160876957527726,4.463943180330471,52.10056480812963,57.09924722150453,0.2
64,8,7,12.447011440753094,15.983275297408968,7.148342401632868,52.10056480812963,57.09924722150453,0.2
64,8,8,8.384448605922753,11.578272999846465,5.059544318781082,52.10056480812963,57.09924722150453,0.2
64,8,9,13.45343836787657,17.102359833221207,7.709197782790774,52.10056480812963,57.09924722150453,0.2
64,9,0,8.089015546125761,12.227157566277505,5.041400362349577,62.748408332962796,65.83065545740864,0.2
64,9,1,7.3175138657554015,11.896402079179696,5.184129222632972,62.748408332962796,65.83065545740864,0.2
64,9,2,8.470831189021256,8.882830837101483,3.918815197899471,62.748408332962796,65.83065545740864,0.2
64,9,3,10.478988493495722,7.556123444142831,3.759461440299364,62.748408332962796,65.83065545740864,0.2
64,9,4,6.320361862255488,10.79663784019585,4.622886430079716,62.748408332962796,65.83065545740864,0.2
64,9,5,9.322537705107072,13.984330165941794,5.843930424263673,62.748408332962796,65.83065545740864,0.2
64,9,6,9.030443700958736,13.220823598177901,5.367200023802914,62.748408332962796,65.83065545740864,0.2
64,9,7,14.460915160739763,19.533799632344518,8.226024732798566,62.748408332962796,65.83065545740864,0.2
64,9,8,10.235329679952537,14.701286421343816,5.980114396315913,62.748408332962796,65.83065545740864,0.2
64,9,9,15.595511355028973,20.850021612198567,8.856140882724311,62.748408332962796,65.83065545740864,0.2
64,10,0,10.198624916820846,13.584380349529324,5.426892453656276,68.54365845836656,68.26173976315876,0.2
64,10,1,10.487361776862102,14.23183265379376,5.877159192031953,68.54365845836656,68.26173976315876,0.2
64,10,2,7.927663634928431,11.64118078107983,4.735509727990649,68.54365845836656,68.26173976315876,0.2
64,10,3,7.605295029771262,12.249689577769598,5.272345498751108,68.54365845836656,68.26173976315876,0.2
64,10,4,9.351981859157632,12.946649117574252,5.24954200527559,68.54365845836656,68.26173976315876,0.2
64,10,5,11.822122853437874,15.524488252835495,6.287354872407988,68.54365845836656,68.26173976315876,0.2
64,10,6,10.857709358914475,9.651303995305861,4.306029690504777,68.54365845836656,68.26173976315876,0.2
64,10,7,16.641039151114867,20.590912455842005,8.535170781801265,68.54365845836656,68.26173976315876,0.2
64,10,8,12.097619570781763,8.289289203461811,4.004265441320867,68.54365845836656,68.26173976315876,0.2
64,10,9,17.915748121883638,21.987022358806314,9.191501293340036,68.54365845836656,68.26173976315876,0.2
64,11,0,10.97846562873875,8.375873742640398,3.8685161800354435,64.5481570134393,61.348335363244956,0.2
64,11,1,11.889343806855445,12.98577262935196,5.512039620798675,64.5481570134393,61.348335363244956,0.2
64,11,2,9.579815930989541,10.718926598601692,4.46966235822452,64.5481570134393,61.348335363244956,0.2
64,11,3,10.665821063374365,11.913889090189098,5.170752977001117,64.5481570134393,61.348335363244956,0.2
64,11,4,10.619690175122198,11.668282973569212,4.881082157638043,64.5481570134393,61.348335363244956,0.2
64,11,5,12.719159252162708,7.20311621401556,3.672993532494043,64.5481570134393,61.348335363244956,0.2
64,11,6,8.710988720936504,10.523153662263127,4.574766812551119,64.5481570134393,61.348335363244956,0.2
64,11,7,17.26643375810582,17.887260992080293,7.7342817989186115,64.5481570134393,61.348335363244956,0.2
64,11,8,8.10052730753302,10.457624969157544,4.711551025469652,64.5481570134393,61.348335363244956,0.2
64,11,9,18.5941737167568,19.172727427044393,8.351196232680662,64.5481570134393,61.348335363244956,0.2
64,12,0,7.825909999031794,8.227876386576561,3.8205401051326136,55.21356190810163,53.065613573774286,0.2
64,12,1,11.15071618572694,10.662365700660434,4.8015601787654125,55.21356190810163,53.065613573774286,0.2
64,12,2,9.042013452611387,6.708856648683746,3.219754568547625,55.21356190810163,53.065613573774286,0.2
64,12,3,10.460301971611685,9.835900337861528,4.521538024192249,55.21356190810163,53.065613573774286,0.2
64,12,4,9.874305259647452,5.879058183021604,3.0208327533310997,55.21356190810163,53.065613573774286,0.2
64,12,5,7.43037264795953,8.173465055364977,4.012732557085704,55.21356190810163,53.065613573774286,0.2
64,12,6,9.25463709479809,9.092629462046524,4.129994456231591,55.21356190810163,53.065613573774286,0.2
64,12,7,15.646255682697499,14.463675219604523,6.665525032194358,55.21356190810163,53.065613573774286,0.2
64,12,8,9.531348084172583,9.393651973452014,4.3706384371275835,55.21356190810163,53.065613573774286,0.2
64,12,9,16.894257916898116,15.575385934455793,7.220663921124514,55.21356190810163,53.065613573774286,0.2
64,13,0,7.728855617759201,8.767673859040638,3.994315840577211,50.218256461697926,51.546102286051116,0.2
64,13,1,9.713434315688673,6.305635194555275,3.324260610203328,50.218256461697926,51.546102286051116,0.2
64,13,2,6.513481732986909,7.758420390514793,3.5645944393945084,50.218256461697926,51.546102286051116,0.2
64,13,3,9.146956607586008,9.853653278844787,4.527249165602324,50.218256461697926,51.546102286051116,0.2
64,13,4,6.111067952022887,7.713346933628836,3.653265677121226,50.218256461697926,51.546102286051116,0.2
64,13,5,8.117656067719928,9.255078528423965,4.377457558526126,50.218256461697926,51.546102286051116,0.2
64,13,6,8.354873912062212,5.46305299580871,2.8911565793638645,50.218256461697926,51.546102286051116,0.2
64,13,7,13.484187882540699,13.983416111535332,6.50981426800314,50.218256461697926,51.546102286051116,0.2
64,13,8,8.841690574745398,9.711272240070526,4.473568018539876,50.218256461697926,51.546102286051116,0.2
64,13,9,14.60721975821198,15.051331351835602,7.049728662712176,50.218256461697926,51.546102286051116,0.2
64,14,0,8.080399517878682,7.204458064507027,3.4813224804362886,53.71189959180042,57.59730332557596,0.2
64,14,1,6.724894801535871,9.581864359102173,4.455535287633073,53.71189959180042,57.59730332557596,0.2
64,14,2,7.2110840351959,6.336177343257933,3.0934844444089817,53.71189959180042,57.59730332557596,0.2
64,14,3,9.158510101635652,11.787911121623047,5.132418959134044,53.71189959180042,57.59730332557596,0.2
64,14,4,7.390463697489491,9.895748672615895,4.349359542949263,53.71189959180042,57.59730332557596,0.2
64,14,5,8.855485484176791,11.52812575058615,5.10489674379651,53.71189959180042,57.59730332557596,0.2
64,14,6,5.848736344952531,8.694824739664464,4.00266649663897,53.71189959180042,57.59730332557596,0.2
64,14,7,13.169188960543227,15.986659146508812,7.149401740249121,53.71189959180042,57.59730332557596,0.2
64,14,8,9.049914504252973,11.612014893565629,5.069861129536397,53.71189959180042,57.59730332557596,0.2
64,14,9,14.261422071000563,17.161570859082296,7.727871402653571,53.71189959180042,57.59730332557596,0.2
64,15,0,7.042626976747169,11.381569557053883,4.794737569485888,63.30293455982637,66.32403654884916,0.2
64,15,1,9.01343474753341,13.432132180135314,5.6439914130292275,63.30293455982637,66.32403654884916,0.2
64,15,2,6.258040478230017,10.62114108790515,4.441080384773557,63.30293455982637,66.32403654884916,0.2
64,15,3,10.382753226881803,15.09909279649745,6.103541497555416,63.30293455982637,66.32403654884916,0.2
64,15,4,8.798643912157333,7.523632448576334,3.5901331035881996,63.30293455982637,66.32403654884916,0.2
64,15,5,10.32707648412522,15.002177633199203,6.138522907259258,63.30293455982637,66.32403654884916,0.2
64,15,6,8.097292683043523,12.417541107496694,5.136789247608103,63.30293455982637,66.32403654884916,0.2
64,15,7,14.463058175860672,19.58786792318626,8.24195649543467,63.30293455982637,66.32403654884916,0.2
64,15,8,10.2562003261359,8.719758182714822,4.148717501953724,63.30293455982637,66.32403654884916,0.2
64,15,9,15.633287613832431,20.941424950539975,8.883299832402233,63.30293455982637,66.32403654884916,0.2
64,16,0,9.699632350362622,14.024351084957503,5.549339241047576,70.63700799663445,69.96936329502871,0.2
64,16,1,11.417651310759243,15.881896686004277,6.346240570315487,70.63700799663445,69.96936329502871,0.2
64,16,2,8.984192846101763,13.25940715308091,5.1872321412642775,70.63700799663445,69.96936329502871,0.2
64,16,3,12.347309462406539,9.697844762302473,4.47701926529204,70.63700799663445,69.96936329502871,0.2
64,16,4,7.2627481043567785,12.316455485591549,5.0693382431829574,70.63700799663445,69.96936329502871,0.2
64,16,5,12.418075965954937,8.196100791922275,4.020508381470659,70.63700799663445,69.96936329502871,0.2
64,16,6,10.391594209490151,14.721279750703474,5.7866700413861425,70.63700799663445,69.96936329502871,0.2
64,16,7,16.67326870237267,21.723657904466478,8.861196544217956,70.63700799663445,69.96936329502871,0.2
64,16,8,8.392750158124038,13.617183634381592,5.667895840389249,70.63700799663445,69.96936329502871,0.2
64,16,9,17.970689987435225,23.18483952172303,9.539219144320858,70.63700799663445,69.96936329502871,0.2
64,17,0,11.226172370341706,12.67855875775001,5.1709728016812715,67.95492211927055,64.88161542487798,0.2
64,17,1,12.838283523745835,14.281045029504448,5.891377699583736,67.95492211927055,64.88161542487798,0.2
64,17,2,10.49363890246086,8.743103815093058,3.8755625819854096,67.95492211927055,64.88161542487798,0.2
64,17,3,9.056896288795139,11.477061770282182,5.037299891971933,67.95492211927055,64.88161542487798,0.2
64,17,4,10.255142540320536,11.968396309305357,4.968627328729799,67.95492211927055,64.88161542487798,0.2
64,17,5,8.133386362999286,11.048950624204853,4.955421393250093,67.95492211927055,64.88161542487798,0.2
64,17,6,11.70628655288877,7.644495893141517,3.657724738030322,67.95492211927055,64.88161542487798,0.2
64,17,7,17.925975596706934,19.240605326798693,8.139400392078029,67.95492211927055,64.88161542487798,0.2
64,17,8,11.466009360303762,13.152561836154513,5.53181950445302,67.95492211927055,64.88161542487798,0.2
64,17,9,19.297598099696238,20.612806565048373,8.785489204862976,67.95492211927055,64.88161542487798,0.2
64,18,0,10.460746671357633,7.015727078666797,3.417230015154716,58.64391319102082,55.433583200034015,0.2
64,18,1,11.91810748658233,5.988434052971668,3.2063000694295343,58.64391319102082,55.433583200034015,0.2
64,18,2,7.840164691247384,8.527061459924484,3.8082757283444835,58.64391319102082,55.433583200034015,0.2
64,18,3,10.190329769370061,10.221116113010712,4.644779792558616,58.64391319102082,55.433583200034015,0.2
64,18,4,10.05140691773271,10.067603749313488,4.4020962131963195,58.64391319102082,55.433583200034015,0.2
64,18,5,10.024691645595407,10.29046622548252,4.714768839573728,58.64391319102082,55.433583200034015,0.2
64,18,6,7.399484264479718,8.601282361562763,3.9724740307237227,58.64391319102082,55.433583200034015,0.2
64,18,7,16.46580030948795,15.608701891884731,7.030659273028396,58.64391319102082,55.433583200034015,0.2
64,18,8,11.190730388089358,10.981334434495155,4.875501981901639,58.64391319102082,55.433583200034015,0.2
64,18,9,17.772821571627272,16.78679785828144,7.609348286244148,58.64391319102082,55.433583200034015,0.2
64,19,0,6.912969546981666,7.954927337363039,3.7313731661231264,51.2705917974258,51.3161829539376,0.2
64,19,1,6.486263622920929,8.032269001256502,3.9379631308619953,51.2705917974258,51.3161829539376,0.2
64,19,2,7.70404509494597,8.214684202006616,3.7100727038503014,51.2705917974258,51.3161829539376,0.2
64,19,3,9.396271575514582,9.60175260248625,4.445920186653184,51.2705917974258,51.3161829539376,0.2
64,19,4,8.905328856925562,6.461700400732982,3.227409129871752,51.2705917974258,51.3161829539376,0.2
64,19,5,9.537857640395215,9.826247649490833,4.564857893238115,51.2705917974258,51.3161829539376,0.2
64,19,6,8.036214091173864,8.662750490464747,3.992324991770822,51.2705917974258,51.3161829539376,0.2
64,19,7,14.222845179899036,14.021960700262474,6.522369865449442,51.2705917974258,51.3161829539376,0.2
64,19,8,9.863016705830034,5.576972615620749,3.03416862395692,51.2705917974258,51.3161829539376,0.2
64,19,9,15.393518358992086,15.101739079196719,7.066247319606682,51.2705917974258,51.3161829539376,0.2
64,20,0,7.548473164357905,7.766173850557672,3.6691740039958094,52.085295585106564,51.3161829539376,0.2
64,20,1,7.966399417088411,8.189280605347342,3.991690875074158,52.085295585106564,51.3161829539376,0.2
64,20,2,7.505382870062334,7.735030646675559,3.5570685656382897,52.085295585106564,51.3161829539376,0.2
64,20,3,8.993983642407223,9.288156049204119,4.343771344906338,52.085295585106564,51.3161829539376,0.2
64,20,4,6.5289667161734455,6.722350129359847,3.317997395287534,52.085295585106564,51.3161829539376,0.2
64,20,5,9.234591602644938,9.523557633662076,4.465965034383565,52.085295585106564,51.3161829539376,0.2
64,20,6,8.076372081296956,8.316470859623157,3.879932520657839,52.085295585106564,51.3161829539376,0.2
64,20,7,13.194588615352979,13.554404634544849,6.369357318626182,52.085295585106564,51.3161829539376,0.2
64,20,8,6.138046079661337,6.325385052187473,3.313764432249999,52.085295585106564,51.3161829539376,0.2
64,20,9,14.294838894440115,14.676971041101293,6.926525958168028,52.085295585106564,51.3161829539376,0.2
65,0,0,2.0,2.0,1.377277750821912,17.689637596652165,17.689637596652165,0.0
65,0,1,2.0,2.0,2.0140297435095738,17.689637596652165,17.689637596652165,0.0
65,0,2,2.0,2.0,1.3241132660490622,17.689637596652165,17.689637596652165,0.0
65,0,3,2.0,2.0,1.667135851176563,17.689637596652165,17.689637596652165,0.0
65,0,4,2.0,2.0,1.356381231852978,17.689637596652165,17.689637596652165,0.0
65,0,5,2.0,2.0,1.5695036317787119,17.689637596652165,17.689637596652165,0.0
65,0,6,2.0,2.0,1.417082098622287,17.689637596652165,17.689637596652165,0.0
65,0,7,2.0,2.0,1.4416561966560288,17.689637596652165,17.689637596652165,0.0
65,0,8,2.0,2.0,1.4398807945684269,17.689637596652165,17.689637596652165,0.0
65,0,9,2.0,2.0,1.4601708892098695,17.689637596652165,17.689637596652165,0.0
65,1,0,2.7861979167171196,3.325417984692642,1.9660425085589341,17.689637596652165,26.612698587722782,0.0
65,1,1,4.074331028889377,5.004902883219995,3.827558536933653,17.689637596652165,26.612698587722782,0.0
65,1,2,2.678647514026699,2.9463613637054875,1.736618196715958,17.689637596652165,26.612698587722782,0.0
65,1,3,3.3725734933716915,4.089942175982065,2.7507556366570802,17.689637596652165,26.612698587722782,0.0
65,1,4,2.743924789467994,2.6786475140266974,1.664185265735576,17.689637596652165,26.612698587722782,0.0
65,1,5,3.1750659927034874,3.832429298171833,2.4744189565201404,17.689637596652165,26.612698587722782,0.0
65,1,6,2.8667211015660037,3.4304051724740106,2.067358565632291,17.689637596652165,26.612698587722782,0.0
65,1,7,2.916433877878519,3.4952213442591917,2.130948650989121,17.689637596652165,26.612698587722782,0.0
65,1,8,2.912842284538062,3.4905385776103497,2.126327968189069,17.689637596652165,26.612698587722782,0.0
65,1,9,2.9538886307715972,3.5440553438416726,2.1793803735070716,17.689637596652165,26.612698587722782,0.0
65,2,0,3.9772540711234527,3.965267268795305,2.2237771345845316,28.852079956623463,38.97462020818503,0.2
65,2,1,7.743053727073759,10.21042181159301,6.304860208242481,28.852079956623463,38.97462020818503,0.2
65,2,2,3.513134514033611,4.4850468528136025,2.330456649417872,28.852079956623463,38.97462020818503,0.2
65,2,3,5.564708803055978,7.540924887942661,4.221309785235926,28.852079956623463,38.97462020818503,0.2
65,2,4,3.3666045339487516,4.976144977834317,2.5673548081981186,28.852079956623463,38.97462020818503,0.2
65,2,5,5.005686716152592,6.911709555876449,3.7389629695928748,28.852079956623463,38.97462020818503,0.2
65,2,6,4.182213881865564,5.905695755921387,3.0238745065121195,28.852079956623463,38.97462020818503,0.2
65,2,7,4.310855009800238,5.9950063140519845,3.108804826136759,28.852079956623463,38.97462020818503,0.2
65,2,8,4.3015074858286715,5.98118610021551,3.0999640888696938,28.852079956623463,38.97462020818503,0.2
65,2,9,4.4088311546279675,6.117617350188677,3.193671958832559,28.852079956623463,38.97462020818503,0.2
65,3,0,4.498644674921306,7.336360220521882,3.420873288628612,42.51857239486611,51.02601982057768,0.2
65,3,1,12.754572102043126,16.840499555670085,8.949388513257874,42.51857239486611,51.02601982057768,0.2
65,3,2,4.714454624517652,7.332536246007542,3.2876236250627886,42.51857239486611,51.02601982057768,0.2
65,3,3,8.539602503869046,11.749301285336054,5.757824486710204,42.51857239486611,51.02601982057768,0.2
65,3,4,5.193693584178296,7.777598010614622,3.5095595810278986,42.51857239486611,51.02601982057768,0.2
65,3,5,7.563827144049428,10.64816634072361,5.059804148919925,42.51857239486611,51.02601982057768,0.2
65,3,6,6.117221341468892,6.27910863000998,3.1564768784236765,42.51857239486611,51.02601982057768,0.2
65,3,7,6.289033221435061,8.99742352583108,4.130697776596923,42.51857239486611,51.02601982057768,0.2
65,3,8,6.271148634436512,5.452179819693177,2.905391500849115,42.51857239486611,51.02601982057768,0.2
65,3,9,6.460717275848692,9.210788398398476,4.25295171994649,42.51857239486611,51.02601982057768,0.2
65,4,0,6.920339796705762,8.669312189677754,3.8449419257973902,51.74609905341196,55.879066371167454,0.2
65,4,1,18.10438571061719,20.50307982980548,10.271130681949577,51.74609905341196,55.879066371167454,0.2
65,4,2,6.650779110919037,6.790295992780431,3.115489083279258,51.74609905341196,55.879066371167454,0.2
65,4,3,11.647932728254132,13.62369251549114,6.386403836688496,51.74609905341196,55.879066371167454,0.2
65,4,4,7.099749914219675,6.040924554196709,2.9405811107313045,51.74609905341196,55.879066371167454,0.2
65,4,5,10.235855309725551,12.099913801266174,5.533359939230679,51.74609905341196,55.879066371167454,0.2
65,4,6,6.385472572675706,8.352067000526759,3.8541604770541396,51.74609905341196,55.879066371167454,0.2
65,4,7,8.356296711301873,10.052006969973064,4.463932848259389,51.74609905341196,55.879066371167454,0.2
65,4,8,5.8775332296500205,8.0191903902356,3.806246487965663,51.74609905341196,55.879066371167454,0.2
65,4,9,8.60361333430529,10.322872351121806,4.606203052760111,51.74609905341196,55.879066371167454,0.2
65,5,0,7.778219881328937,5.815997422562772,2.9076188690449443,51.65012468464977,51.69916471752375,0.2
65,5,1,20.778236554899195,20.003163398218355,10.095177533007027,51.65012468464977,51.69916471752375,0.2
65,5,2,6.302555303901085,6.767836379131758,3.108272135277152,51.65012468464977,51.69916471752375,0.2
65,5,3,12.919532791753143,12.802397332033358,6.114400825348591,51.65012468464977,51.69916471752375,0.2
65,5,4,5.948720916872394,6.771763681342558,3.185312387638872,51.65012468464977,51.69916471752375,0.2
65,5,5,11.193846648528321,11.072960159451755,5.200270612924661,51.65012468464977,51.69916471752375,0.2
65,5,6,7.796868776434791,8.111967783614391,3.776264161080012,51.65012468464977,51.69916471752375,0.2
65,5,7,9.030422799441297,4.997334107470553,2.73689147194641,51.65012468464977,51.69916471752375,0.2
65,5,8,7.6999399931880905,8.250852420295319,3.8828866745397,51.65012468464977,51.69916471752375,0.2
65,5,9,9.31823181048085,9.425766828172133,4.322195166782946,51.65012468464977,51.69916471752375,0.2
65,6,0,5.882039138950653,6.01491746544075,2.976879843856603,46.741606314779595,47.47567836206367,0.2
65,6,1,20.422287802564387,18.590817106583394,9.590777547273962,46.741606314779595,47.47567836206367,0.2
65,6,2,6.287955601352689,5.236158846298383,2.597246136121083,46.741606314779595,47.47567836206367,0.2
65,6,3,12.369277606781365,11.562772011606079,5.693684100691543,46.741606314779595,47.47567836206367,0.2
65,6,4,6.443806075598343,6.437377067610298,3.0743764084920695,46.741606314779595,47.47567836206367,0.2
65,6,5,10.52001539954408,9.809507572261085,4.777430443983847,46.741606314779595,47.47567836206367,0.2
65,6,6,7.639286507239246,7.329739643575819,3.517515329824736,46.741606314779595,47.47567836206367,0.2
65,6,7,5.536661949898841,6.231833546899461,3.1942712850444352,46.741606314779595,47.47567836206367,0.2
65,6,8,7.854981144504131,7.680642809602363,3.6930385415531037,46.741606314779595,47.47567836206367,0.2
65,6,9,8.743691068957517,4.488902872505106,2.5714662868315115,46.741606314779595,47.47567836206367,0.2
65,7,0,6.022152332251626,7.027668720380338,3.3194675803094333,46.149134329876865,49.875039072739334,0.2
65,7,1,19.401899439648528,20.014858648284935,10.099308814149948,46.149134329876865,49.875039072739334,0.2
65,7,2,5.2541629815363615,6.322960920657628,2.96379723196302,46.149134329876865,49.875039072739334,0.2
65,7,3,11.518178356054351,12.332594898897026,5.9564584987720215,46.149134329876865,49.875039072739334,0.2
65,7,4,6.219385406780205,5.641307366042859,2.8030226613955542,46.149134329876865,49.875039072739334,0.2
65,7,5,9.664620474951601,10.490632626944548,5.00728721615023,46.149134329876865,49.875039072739334,0.2
65,7,6,7.115844192015454,4.916950788445594,2.6598743289564566,46.149134329876865,49.875039072739334,0.2
65,7,7,6.461929697556635,7.6181377983174325,3.6765026459579317,46.149134329876865,49.875039072739334,0.2
65,7,8,7.470923192283362,8.389847131329075,3.9285598651610094,46.149134329876865,49.875039072739334,0.2
65,7,9,5.202011001050927,6.77661367250711,3.4307699564206424,46.149134329876865,49.875039072739334,0.2
65,8,0,6.715198623769866,9.495475327860984,4.097908259562596,53.15176230087591,58.59284929429688,0.2
65,8,1,20.43064527941095,24.647020590478316,11.68368884632604,53.15176230087591,58.59284929429688,0.2
65,8,2,5.995686540597498,6.143204100265694,2.9045616629747872,53.15176230087591,58.59284929429688,0.2
65,8,3,12.049764290744363,15.264239901568423,6.915484657037097,53.15176230087591,58.59284929429688,0.2
65,8,4,5.6704436668860465,8.368847711189355,3.694253899365537,53.15176230087591,58.59284929429688,0.2
65,8,5,10.129614888294235,13.204934269112606,5.882429062561988,53.15176230087591,58.59284929429688,0.2
65,8,6,5.380858225325453,8.396405045554054,3.8684713205960994,53.15176230087591,58.59284929429688,0.2
65,8,7,7.437471495390104,10.18634504490359,4.5056097633801695,53.15176230087591,58.59284929429688,0.2
65,8,8,7.947376849352318,6.924387753173945,3.434571072552498,53.15176230087591,58.59284929429688,0.2
65,8,9,6.9403605043430865,9.796071910399663,4.440369020791625,53.15176230087591,58.59284929429688,0.2
65,9,0,8.2899643509652,8.407954334091642,3.7634294212917365,64.38978115854425,67.82162432626954,0.2
65,9,1,23.6358058523621,30.185733846010912,13.464992007224398,64.38978115854425,67.82162432626954,0.2
65,9,2,5.875854488702319,9.899904324481096,4.056447298360288,64.38978115854425,67.82162432626954,0.2
65,9,3,13.989849856376129,18.855512518149844,8.01782980322922,64.38978115854425,67.82162432626954,0.2
65,9,4,7.473381830276349,11.316803744538342,4.563178146782524,64.38978115854425,67.82162432626954,0.2
65,9,5,11.900004621119953,16.545786816800124,6.888466093936474,64.38978115854425,67.82162432626954,0.2
65,9,6,7.825819249525117,12.008672438376113,4.9695894712942374,64.38978115854425,67.82162432626954,0.2
65,9,7,9.114734140429285,7.208884980635905,3.537108431467012,64.38978115854425,67.82162432626954,0.2
65,9,8,6.948050065756139,11.162610345784977,4.7977937858650455,64.38978115854425,67.82162432626954,0.2
65,9,9,8.98275377482997,13.101565327909096,5.44263135839273,64.38978115854425,67.82162432626954,0.2
65,10,0,7.613322154559943,10.786490522190652,4.480398582190184,70.61667883466731,70.2424589035551,0.2
65,10,1,27.239336914252004,31.51959271898011,13.878780301133265,70.61667883466731,70.2424589035551,0.2
65,10,2,8.206089879270568,7.7374363532177055,3.413674456557348,70.61667883466731,70.2424589035551,0.2
65,10,3,16.21986609528716,19.558665745288348,8.225976250332666,70.61667883466731,70.2424589035551,0.2
65,10,4,9.231193518219055,8.676712964035278,3.7888676613712433,70.61667883466731,70.2424589035551,0.2
65,10,5,13.935191989305583,17.108641334918204,7.0516734597950785,70.61667883466731,70.2424589035551,0.2
65,10,6,10.053353307708894,12.95956054363111,5.241881601584577,70.61667883466731,70.2424589035551,0.2
65,10,7,7.155480539110408,10.658180507557383,4.650705678559667,70.61667883466731,70.2424589035551,0.2
65,10,8,9.705814998491194,12.681239610186598,5.2458846652065025,70.61667883466731,70.2424589035551,0.2
65,10,9,11.010305033362798,13.913533281743305,5.676607814615322,70.61667883466731,70.2424589035551,0.2
65,11,0,9.063732561069134,10.054564981604216,4.265351579107911,66.4211208511238,62.346027373902444,0.2
65,11,1,28.076420125509,27.976521729847715,12.767341821595437,66.4211208511238,62.346027373902444,0.2
65,11,2,6.905776742225443,8.513690410384699,3.649947664027352,66.4211208511238,62.346027373902444,0.2
65,11,3,16.640941072317467,17.23715629137952,7.529669733803178,66.4211208511238,62.346027373902444,0.2
65,11,4,7.664783068287893,9.21300583205501,3.951315582226133,66.4211208511238,62.346027373902444,0.2
65,11,5,14.265356346115068,14.84262680583073,6.384088011180629,66.4211208511238,62.346027373902444,0.2
65,11,6,10.604193372975809,7.143417308998438,3.454683216400841,66.4211208511238,62.346027373902444,0.2
65,11,7,9.408259492418766,10.837451266628033,4.705325981114736,66.4211208511238,62.346027373902444,0.2
65,11,8,10.612291469033224,11.622260884125877,4.935247940241225,66.4211208511238,62.346027373902444,0.2
65,11,9,11.48363346294006,6.04429959724023,3.1668309218955533,66.4211208511238,62.346027373902444,0.2
65,12,0,8.628697934519385,5.993104937926071,2.969318966179582,56.11148569477798,53.537565537557185,0.2
65,12,1,25.828008304146504,23.17530360175572,11.190839976239404,56.11148569477798,53.537565537557185,0.2
65,12,2,7.383751441254846,7.211737752348855,3.249616324065086,56.11148569477798,53.537565537557185,0.2
65,12,3,15.232330670680426,14.05653559753365,6.527769363936846,56.11148569477798,53.537565537557185,0.2
65,12,4,7.9934110871394415,7.831424676469639,3.5265440868485833,56.11148569477798,53.537565537557185,0.2
65,12,5,12.914847935556455,11.879838249015137,5.462716938551046,56.11148569477798,53.537565537557185,0.2
65,12,6,6.988736422053935,7.433807660991588,3.552400634574638,56.11148569477798,53.537565537557185,0.2
65,12,7,9.518754977515055,9.215600618782126,4.200560631314592,56.11148569477798,53.537565537557185,0.2
65,12,8,9.98388126242269,5.150024399476958,2.7917211881014965,56.11148569477798,53.537565537557185,0.2
65,12,9,6.406418539699224,7.442754755543199,3.663500752755651,56.11148569477798,53.537565537557185,0.2
65,13,0,6.006856868704279,6.732035798760227,3.2210912383115864,50.66488476124452,52.11173370509817,0.2
65,13,1,22.638785103081638,21.997620765152405,10.78966300369059,50.66488476124452,52.11173370509817,0.2
65,13,2,6.573891306119573,5.710870042471694,2.759915172014903,50.66488476124452,52.11173370509817,0.2
65,13,3,13.205511663683602,13.232666664208779,6.25753308946617,50.66488476124452,52.11173370509817,0.2
65,13,4,7.13410913820759,5.050633032959462,2.5941963579201444,50.66488476124452,52.11173370509817,0.2
65,13,5,11.050937651990202,11.151507039322164,5.226065180404109,50.66488476124452,52.11173370509817,0.2
65,13,6,7.186416277682427,7.737640333645161,3.6534232809283895,50.66488476124452,52.11173370509817,0.2
65,13,7,8.497627492369176,8.858458688436754,4.085934694205153,50.66488476124452,52.11173370509817,0.2
65,13,8,5.647581073390329,6.832938083930619,3.402755791787508,50.66488476124452,52.11173370509817,0.2
65,13,9,7.411168995598794,8.112827736126054,3.891376635761653,50.66488476124452,52.11173370509817,0.2
65,14,0,6.5161857819773665,9.504037726094275,4.100494567668263,54.301296978575174,58.04618675249014,0.2
65,14,1,21.827214274696914,25.803472347597207,12.064785077040849,54.301296978575174,58.04618675249014,0.2
65,14,2,5.583238310496895,8.515516346344441,3.6504956108272157,54.301296978575174,58.04618675249014,0.2
65,14,3,12.658830542535547,15.870634306449832,7.106667446138259,54.301296978575174,58.04618675249014,0.2
65,14,4,5.247993357678839,8.395162840596408,3.7023814562079003,54.301296978575174,58.04618675249014,0.2
65,14,5,10.572197154553894,5.713972234777137,3.2726383554640415,54.301296978575174,58.04618675249014,0.2
65,14,6,7.3907825259893505,10.327672282011516,4.471731601008229,54.301296978575174,58.04618675249014,0.2
65,14,7,8.265742132291678,6.957381114016049,3.450267456399501,54.301296978575174,58.04618675249014,0.2
65,14,8,6.883688560653565,9.960568647958652,4.430007231348845,54.301296978575174,58.04618675249014,0.2
65,14,9,7.872156120470668,10.843071048374842,4.767484626952408,54.301296978575174,58.04618675249014,0.2
65,15,0,8.295196386588877,12.273388252024946,4.904284611013297,63.79628470919562,67.91460133789292,0.2
65,15,1,24.40675384992664,30.8445856525078,13.670051207720038,63.79628470919562,67.91460133789292,0.2
65,15,2,7.384859923716965,9.076844707274692,3.8173200505146903,63.79628470919562,67.91460133789292,0.2
65,15,3,14.376607784025758,19.093822766982232,8.088630839474122,63.79628470919562,67.91460133789292,0.2
65,15,4,7.489823671385507,11.17132621220868,4.522036760825455,63.79628470919562,67.91460133789292,0.2
65,15,5,6.620464291041523,11.397985144432624,5.306656646486099,63.79628470919562,67.91460133789292,0.2
65,15,6,9.046199478218579,7.929063270986239,3.7164588903750864,63.79628470919562,67.91460133789292,0.2
65,15,7,6.979803451700559,11.000309146624506,4.754711049875514,63.79628470919562,67.91460133789292,0.2
65,15,8,8.961792137904007,12.829520721065117,5.288747643539765,63.79628470919562,67.91460133789292,0.2
65,15,9,9.644500339650998,13.581899157025957,5.5815528333278674,63.79628470919562,67.91460133789292,0.2
65,16,0,9.921243233646,9.661134016464821,4.147822941806318,72.33100527980793,72.74368643650512,0.2
65,16,1,27.654166469789132,33.39351697602631,14.451349211117194,72.33100527980793,72.74368643650512,0.2
65,16,2,7.722341529033947,11.328921320764492,4.457959638895011,72.33100527980793,72.74368643650512,0.2
65,16,3,16.363094793760823,20.717971984294536,8.56432348990584,72.33100527980793,72.74368643650512,0.2
65,16,4,9.14796553913057,8.572614552022916,3.756990378536928,72.33100527980793,72.74368643650512,0.2
65,16,5,10.735231643979734,15.147910845748175,6.4757227437336615,72.33100527980793,72.74368643650512,0.2
65,16,6,7.518301963237627,11.671089740448013,4.871379910232806,72.33100527980793,72.74368643650512,0.2
65,16,7,9.618659717583713,13.409837660735459,5.461817319799075,72.33100527980793,72.74368643650512,0.2
65,16,8,10.699002185782374,14.350876719820613,5.7203215982284865,72.33100527980793,72.74368643650512,0.2
65,16,9,11.291339649525415,14.99361364208584,5.981596449637598,72.33100527980793,72.74368643650512,0.2
65,17,0,8.390940485661387,10.202627165992842,4.309222773645789,70.64937157735376,66.94553773629733,0.2
65,17,1,29.23471249117177,30.25119748020431,13.485426381550784,70.64937157735376,66.94553773629733,0.2
65,17,2,9.018339148574789,8.24882798263946,3.57008628554629,70.64937157735376,66.94553773629733,0.2
65,17,3,17.32540894632704,18.60718373539103,7.9437660658438025,70.64937157735376,66.94553773629733,0.2
65,17,4,7.600296134573492,9.644404452053235,4.079938017038676,70.64937157735376,66.94553773629733,0.2
65,17,5,13.100222672631695,14.718764926469724,6.3467484624755235,70.64937157735376,66.94553773629733,0.2
65,17,6,9.854677859515697,11.470099737479348,4.812503416821502,70.64937157735376,66.94553773629733,0.2
65,17,7,11.04911774609897,12.524690459663924,5.206880457441086,70.64937157735376,66.94553773629733,0.2
65,17,8,11.572065337165967,7.137885132982257,3.5083606428275638,70.64937157735376,66.94553773629733,0.2
65,17,9,12.100617727017772,13.410026244212675,5.532016010341681,70.64937157735376,66.94553773629733,0.2
65,18,0,8.717448247048853,8.685425066886587,3.84994290769392,60.509410529076874,56.71003956495608,0.2
65,18,1,27.28067513462449,24.994112975591307,11.798622147405881,60.509410529076874,56.71003956495608,0.2
65,18,2,7.22219390050658,7.657893727714542,3.389071055137721,60.509410529076874,56.71003956495608,0.2
65,18,3,16.070037035255957,15.244256508131897,6.90914595930475,60.509410529076874,56.71003956495608,0.2
65,18,4,8.253611006657438,8.512655417734335,3.738576852455123,60.509410529076874,56.71003956495608,0.2
65,18,5,12.83931097668869,12.404124130158909,5.630378622602591,60.509410529076874,56.71003956495608,0.2
65,18,6,9.735572208394643,9.615518979173217,4.253583135659413,60.509410529076874,56.71003956495608,0.2
65,18,7,10.533386947157114,5.630030625590368,2.9750771759529426,60.509410529076874,56.71003956495608,0.2
65,18,8,7.09732449268502,8.416227700975444,3.937202714284093,60.509410529076874,56.71003956495608,0.2
65,18,9,11.191127914512247,6.566044917802226,3.355794697258989,60.509410529076874,56.71003956495608,0.2
65,19,0,7.78833674071575,7.6577920879264445,3.525112928977758,52.45118791723616,52.42127062728515,0.2
65,19,1,23.86831300194683,22.24800171325632,10.87548389338975,52.45118791723616,52.42127062728515,0.2
65,19,2,6.856004685907383,5.126535389239822,2.5590626104689407,52.45118791723616,52.42127062728515,0.2
65,19,3,13.977026831822059,13.384165022231059,6.307596330931653,52.45118791723616,52.42127062728515,0.2
65,19,4,7.563046038884423,5.732762544026549,2.8347550796544527,52.45118791723616,52.42127062728515,0.2
65,19,5,11.390112981395564,11.000395885500106,5.176391894441081,52.45118791723616,52.42127062728515,0.2
65,19,6,8.604890672259002,8.447332132143112,3.884880943716679,52.45118791723616,52.42127062728515,0.2
65,19,7,6.018505580857643,6.91205090917693,3.4345160939513044,52.45118791723616,52.42127062728515,0.2
65,19,8,7.964861113660562,8.192400659272037,3.8636107944856044,52.45118791723616,52.42127062728515,0.2
65,19,9,6.78868745890482,7.466820955966041,3.6717889054755677,52.45118791723616,52.42127062728515,0.2
65,20,0,7.1312139421762835,7.38035661286483,3.43522096631733,53.20694600414554,52.42127062728515,0.2
65,20,1,22.000827755309608,22.566122859059444,10.98410679684685,53.20694600414554,52.42127062728515,0.2
65,20,2,5.176918678735836,5.35483771409353,2.6383144686281024,53.20694600414554,52.42127062728515,0.2
65,20,3,12.760107208764996,13.109358376570228,6.216658333706932,53.20694600414554,52.42127062728515,0.2
65,20,4,5.734637543242923,5.916269619955883,2.8979730693272505,53.20694600414554,52.42127062728515,0.2
65,20,5,10.471709358403778,10.784871864901397,5.105188952290077,53.20694600414554,52.42127062728515,0.2
65,20,6,7.859015500408708,8.113023701473846,3.776608238240779,53.20694600414554,52.42127062728515,0.2
65,20,7,6.947938845441994,7.153443043385342,3.5180442084433894,53.20694600414554,52.42127062728515,0.2
65,20,8,7.81598652862686,8.04674874891152,3.815398027851199,53.20694600414554,52.42127062728515,0.2
65,20,9,7.427935718090232,7.646268316229876,3.7333384448934424,53.20694600414554,52.42127062728515,0.2
66,0,0,2.0,2.0,1.919097044703318,18.197583043479558,18.197583043479558,0.0
66,0,1,2.0,2.0,2.14875904018375,18.197583043479558,18.197583043479558,0.0
66,0,2,2.0,2.0,1.3785617785167184,18.197583043479558,18.197583043479558,0.0
66,0,3,2.0,2.0,1.6275989021778456,18.197583043479558,18.197583043479558,0.0
66,0,4,2.0,2.0,1.832028701577842,18.197583043479558,18.197583043479558,0.0
66,0,5,2.0,2.0,1.3957124116267476,18.197583043479558,18.197583043479558,0.0
66,0,6,2.0,2.0,1.6265389100002785,18.197583043479558,18.197583043479558,0.0
66,0,7,2.0,2.0,1.6646432259480781,18.197583043479558,18.197583043479558,0.0
66,0,8,2.0,2.0,1.60569453627071,18.197583043479558,18.197583043479558,0.0
66,0,9,2.0,2.0,1.4373460460619403,18.197583043479558,18.197583043479558,0.0
66,1,0,3.8822845898290805,4.653916156661372,3.4661625699196237,18.197583043479558,29.17919302852657,0.0
66,1,1,4.3468849748819975,5.243389180389787,4.218860694877819,18.197583043479558,29.17919302852657,0.0
66,1,2,2.7887954721384145,3.0387590446562083,1.8475347742635313,18.197583043479558,29.17919302852657,0.0
66,1,3,3.292591249508506,3.9057284074159933,2.6002662529609024,18.197583043479558,29.17919302852657,0.0
66,1,4,3.7061475426115216,4.430437999616574,3.1968623777072844,18.197583043479558,29.17919302852657,0.0
66,1,5,2.8234907674142056,2.7887954721384163,1.7614349483000693,18.197583043479558,29.17919302852657,0.0
66,1,6,3.290446912249655,3.9030077274326462,2.597305575159127,18.197583043479558,29.17919302852657,0.0
66,1,7,3.367530975829666,4.000810005479851,2.704604212972089,18.197583043479558,29.17919302852657,0.0
66,1,8,3.248279273495643,3.8495065115070872,2.5393670126257932,18.197583043479558,29.17919302852657,0.0
66,1,9,2.9077145526742747,3.4174067496118625,2.0913562215156785,18.197583043479558,29.17919302852657,0.0
66,2,0,7.0119588627273615,9.273427827355967,5.616220457235704,31.634537457887962,44.34957136404206,0.2
66,2,1,8.534648056264313,11.11885147792589,7.14017194423467,31.634537457887962,44.34957136404206,0.2
66,2,2,3.7375159339091737,4.186857040599261,2.3122081564237087,31.634537457887962,44.34957136404206,0.2
66,2,3,5.260272601213528,7.17484238818453,3.980109742744722,31.634537457887962,44.34957136404206,0.2
66,2,4,6.467171412217999,8.57250031029691,5.074421435762352,31.634537457887962,44.34957136404206,0.2
66,2,5,3.5633381723168256,5.157381845475288,2.7087906681236054,31.634537457887962,44.34957136404206,0.2
66,2,6,5.254283225200989,7.148155915922132,3.9671559377522287,31.634537457887962,44.34957136404206,0.2
66,2,7,5.471345644863729,7.372207591551694,4.148761411270978,31.634537457887962,44.34957136404206,0.2
66,2,8,5.137074984429202,6.963533389651649,3.8452333140879875,31.634537457887962,44.34957136404206,0.2
66,2,9,4.2307605303455,4.640277427540766,2.5907237363957254,31.634537457887962,44.34957136404206,0.2
66,3,0,11.361471372376455,15.148226311897247,7.918249627686444,48.38226647625659,59.26027469327613,0.2
66,3,1,14.444386532895523,18.834282550323277,10.325975180670426,48.38226647625659,59.26027469327613,0.2
66,3,2,4.6775383865741995,7.317424009647008,3.4178735482929046,48.38226647625659,59.26027469327613,0.2
66,3,3,8.051660942698811,11.209871938256805,5.439348025564728,48.38226647625659,59.26027469327613,0.2
66,3,4,10.265425709831211,13.76986373287691,7.070693730792792,48.38226647625659,59.26027469327613,0.2
66,3,5,5.479814737328645,6.530851432390062,3.1956102580662686,48.38226647625659,59.26027469327613,0.2
66,3,6,8.025455724134796,11.14844930372467,5.414939195132913,48.38226647625659,59.26027469327613,0.2
66,3,7,8.39283898555785,11.531279131265372,5.674327661690424,48.38226647625659,59.26027469327613,0.2
66,3,8,7.778809352441597,5.58308157714578,3.2942284542655056,48.38226647625659,59.26027469327613,0.2
66,3,9,5.2409683325151715,7.919654197783558,3.766471581754109,48.38226647625659,59.26027469327613,0.2
66,4,0,16.018417928802194,18.23023391954711,9.014268888632031,60.09655573751062,66.47320125676895,0.2
66,4,1,20.889185583145846,23.37248202076449,12.010472797846184,60.09655573751062,66.47320125676895,0.2
66,4,2,6.914271398178993,7.446165518778305,3.4598567377451275,60.09655573751062,66.47320125676895,0.2
66,4,3,11.003662934425376,12.877536654993584,5.99389799244969,60.09655573751062,66.47320125676895,0.2
66,4,4,14.303833871361954,16.405115588984874,7.992760185923848,60.09655573751062,66.47320125676895,0.2
66,4,5,6.464638405979281,8.253372618152019,3.764583726652547,60.09655573751062,66.47320125676895,0.2
66,4,6,10.95428449027492,12.82363435137469,5.972432475374285,60.09655573751062,66.47320125676895,0.2
66,4,7,11.479020771472884,13.386652321002959,6.298984789718645,60.09655573751062,66.47320125676895,0.2
66,4,8,6.6641405126797935,9.102983641885249,4.638425293473308,60.09655573751062,66.47320125676895,0.2
66,4,9,7.619476367925782,6.654346667886804,3.3343726674378553,60.09655573751062,66.47320125676895,0.2
66,5,0,18.235637062492604,17.303021242651024,8.690830870844849,61.44249279854605,63.30412677238459,0.2
66,5,1,24.296881488266816,22.787917479781605,11.799401156979187,61.44249279854605,63.30412677238459,0.2
66,5,2,6.999202324362269,5.741525919155839,2.88419332278826,61.44249279854605,63.30412677238459,0.2
66,5,3,12.125503435753721,11.635261762019764,5.583026664132114,61.44249279854605,63.30412677238459,0.2
66,5,4,16.16915089607085,15.50652168700837,7.683716805517328,61.44249279854605,63.30412677238459,0.2
66,5,5,7.615657284993602,6.3716724198032955,3.1408872850040455,61.44249279854605,63.30412677238459,0.2
66,5,6,12.082079239783768,11.635200368685297,5.579370047193679,61.44249279854605,63.30412677238459,0.2
66,5,7,12.742686279563832,12.330582193811582,5.946873200927486,61.44249279854605,63.30412677238459,0.2
66,5,8,9.383416585224717,9.642482203812373,4.829188133901041,61.44249279854605,63.30412677238459,0.2
66,5,9,6.745351236545985,7.262585323909626,3.544901849716418,61.44249279854605,63.30412677238459,0.2
66,6,0,17.581330165566413,16.828135636190687,8.523169834070124,57.233740387545375,58.29834884146453,0.2
66,6,1,23.86988891853225,22.331670565802494,11.633531461483532,57.233740387545375,58.29834884146453,0.2
66,6,2,5.834649853717965,6.8141802736404795,3.251582440183754,57.233740387545375,58.29834884146453,0.2
66,6,3,11.29432117181744,5.696717850454507,3.386598317876577,57.233740387545375,58.29834884146453,0.2
66,6,4,15.543963985042907,15.125036403871892,7.550901001475379,57.233740387545375,58.29834884146453,0.2
66,6,5,6.353935221054131,7.186601667724504,3.4169721987020396,57.233740387545375,58.29834884146453,0.2
66,6,6,11.28692392860341,4.643449104275308,2.9331342607543975,57.233740387545375,58.29834884146453,0.2
66,6,7,12.03037347660421,11.96175840953278,5.821792061627068,57.233740387545375,58.29834884146453,0.2
66,6,8,9.76932496737175,10.217540973059949,5.029032059231249,57.233740387545375,58.29834884146453,0.2
66,6,9,7.171246426330792,7.891508181169494,3.7570964955478297,57.233740387545375,58.29834884146453,0.2
66,7,0,17.242156145585625,17.90427117654952,8.901139196279042,56.66940262289326,61.85650001050637,0.2
66,7,1,23.534338736471515,24.0134053694266,12.24008254002446,56.66940262289326,61.85650001050637,0.2
66,7,2,6.577868709102077,7.512383082104925,3.4813656865897418,56.66940262289326,61.85650001050637,0.2
66,7,3,6.851002401218272,8.492903761252212,4.478841908699325,56.66940262289326,61.85650001050637,0.2
66,7,4,15.27528098605599,16.005130389922037,7.855841778879921,56.66940262289326,61.85650001050637,0.2
66,7,5,6.9124479908446315,6.331903512203929,3.1271516695323034,56.66940262289326,61.85650001050637,0.2
66,7,6,5.9336561284668745,7.851520153447086,4.236537791218809,56.66940262289326,61.85650001050637,0.2
66,7,7,11.77733750798317,12.568116815749613,6.026835210774722,56.66940262289326,61.85650001050637,0.2
66,7,8,10.173604153680623,11.067853920055784,5.3184652445694915,56.66940262289326,61.85650001050637,0.2
66,7,9,7.6005108065919185,5.614182443895788,2.960335320799957,56.66940262289326,61.85650001050637,0.2
66,8,0,18.006778567563277,22.501998576885615,10.445535387184474,65.9203891655615,72.31142280852117,0.2
66,8,1,24.76137616621634,30.052239970108143,14.321236395068984,65.9203891655615,72.31142280852117,0.2
66,8,2,7.042714381698471,8.14202714312734,3.6831382293824615,65.9203891655615,72.31142280852117,0.2
66,8,3,9.060583450125716,12.968050981619585,6.023358157646966,65.9203891655615,72.31142280852117,0.2
66,8,4,15.892168435388275,20.046578551986574,9.196857521180856,65.9203891655615,72.31142280852117,0.2
66,8,5,6.326148419743098,9.62337899727795,4.191835743594728,65.9203891655615,72.31142280852117,0.2
66,8,6,8.570408373287865,12.506415610238962,5.868626357503973,65.9203891655615,72.31142280852117,0.2
66,8,7,12.192134592050914,6.762358727952403,3.9054305089444448,65.9203891655615,72.31142280852117,0.2
66,8,8,10.759120138046864,14.34109783432028,6.376019133044938,65.9203891655615,72.31142280852117,0.2
66,8,9,5.988683182222885,9.501477736227297,4.278525750992762,65.9203891655615,72.31142280852117,0.2
66,9,0,21.131052844933034,27.614638391930878,12.055174246961103,79.46561305658923,84.17122730607903,0.2
66,9,1,28.971497568259252,36.78917562936111,16.499499077019674,79.46561305658923,84.17122730607903,0.2
66,9,2,7.450895112160647,11.779294670414766,4.76967443865705,79.46561305658923,84.17122730607903,0.2
66,9,3,12.185100601866226,17.416310424365467,7.404499379940327,79.46561305658923,84.17122730607903,0.2
66,9,4,18.60500922966816,24.517048657601325,10.588611364114703,79.46561305658923,84.17122730607903,0.2
66,9,5,8.47997726606285,10.57214580639193,4.477021133647205,79.46561305658923,84.17122730607903,0.2
66,9,6,11.872082099279496,17.050585072841066,7.290561202521327,79.46561305658923,84.17122730607903,0.2
66,9,7,7.9005867490496415,13.595782405300785,6.367707626356412,79.46561305658923,84.17122730607903,0.2
66,9,8,12.898524799980867,9.020346522658176,4.608909577223189,79.46561305658923,84.17122730607903,0.2
66,9,9,8.65534894971087,13.022249468526603,5.334829564862909,79.46561305658923,84.17122730607903,0.2
66,10,0,24.387311384722995,28.64205548543294,12.367413083645662,87.64007917591113,87.92620490873155,0.2
66,10,1,33.378067661250185,38.354429737624926,16.987817661163437,87.64007917591113,87.92620490873155,0.2
66,10,2,9.648930273123629,10.982716017663773,4.541528711609814,87.64007917591113,87.92620490873155,0.2
66,10,3,14.97911422326501,18.545563741583596,7.737388770967041,87.64007917591113,87.92620490873155,0.2
66,10,4,21.420491913136505,25.369341263926245,10.844953886500713,87.64007917591113,87.92620490873155,0.2
66,10,5,9.056900068430195,12.178322325368097,4.9429494452875735,87.64007917591113,87.92620490873155,0.2
66,10,6,14.748620183576994,18.30307664566174,7.661438659605421,87.64007917591113,87.92620490873155,0.2
66,10,7,12.88171083300396,16.764249513696807,7.3734213499279475,87.64007917591113,87.92620490873155,0.2
66,10,8,9.323707040742917,13.519785094331372,6.118159353384792,87.64007917591113,87.92620490873155,0.2
66,10,9,10.79222474246148,9.833066909703833,4.382507194425512,87.64007917591113,87.92620490873155,0.2
66,11,0,25.01896262265923,24.61482699176988,11.122788803281326,83.14283374165808,79.49782259223896,0.2
66,11,1,34.365923757105705,33.30318456161212,15.388870847457412,83.14283374165808,79.49782259223896,0.2
66,11,2,9.187397260608485,7.917282649347651,3.6116739857390328,83.14283374165808,79.49782259223896,0.2
66,11,3,15.65254100825617,15.802590982565714,6.917293464169465,83.14283374165808,79.49782259223896,0.2
66,11,4,21.939066326621145,21.820582407656417,9.759278530071406,83.14283374165808,79.49782259223896,0.2
66,11,5,9.99946121156724,8.771708977900571,3.928564553070131,83.14283374165808,79.49782259223896,0.2
66,11,6,15.498895861571784,15.712998066725543,6.88533063338923,83.14283374165808,79.49782259223896,0.2
66,11,7,14.916244157713967,15.50856736317054,6.9823296260414605,83.14283374165808,79.49782259223896,0.2
66,11,8,12.376881013558346,13.333280562569485,6.058956647075415,83.14283374165808,79.49782259223896,0.2
66,11,9,8.865700769375911,10.043417728738541,4.447924533728375,83.14283374165808,79.49782259223896,0.2
66,12,0,22.501119308209976,21.20280318031491,10.019619678576762,71.54811818880454,67.95189409616503,0.2
66,12,1,31.13129495501359,28.63542659107673,13.84520147621401,71.54811818880454,67.95189409616503,0.2
66,12,2,7.30632476196058,8.427514171640464,3.7730701545348215,71.54811818880454,67.95189409616503,0.2
66,12,3,13.993509027273893,7.046261701834004,3.930045058335324,71.54811818880454,67.95189409616503,0.2
66,12,4,19.742772649104538,18.933606579513324,8.83638480963595,71.54811818880454,67.95189409616503,0.2
66,12,5,7.947386332873431,8.875806580984898,3.9611421182379773,71.54811818880454,67.95189409616503,0.2
66,12,6,13.928849032237213,5.750786972968639,3.406846420410148,71.54811818880454,67.95189409616503,0.2
66,12,7,14.125075531278547,14.180609140343991,6.558229215758345,71.54811818880454,67.95189409616503,0.2
66,12,8,12.257115442028011,12.661411619689131,5.843585760230756,71.54811818880454,67.95189409616503,0.2
66,12,9,8.998038385643975,9.75940740442191,4.359500734835933,71.54811818880454,67.95189409616503,0.2
66,13,0,20.269436181691553,19.872393368579957,9.575270739005159,64.30577948628145,66.4146967337494,0.2
66,13,1,28.008491015364,27.047526198959616,13.30319646733613,64.30577948628145,66.4146967337494,0.2
66,13,2,7.632825113103693,6.179383252040297,3.0364548531782827,64.30577948628145,66.4146967337494,0.2
66,13,3,7.950381357430465,9.188319341999248,4.732511171548656,64.30577948628145,66.4146967337494,0.2
66,13,4,17.875782087691583,17.695278207739765,8.427746285975758,64.30577948628145,66.4146967337494,0.2
66,13,5,8.013289919966304,6.854796769465182,3.305758718179878,64.30577948628145,66.4146967337494,0.2
66,13,6,6.8919637984838875,8.490457178265041,4.475022395605282,64.30577948628145,66.4146967337494,0.2
66,13,7,13.267131170451883,13.413000639986528,6.307660826776183,64.30577948628145,66.4146967337494,0.2
66,13,8,11.821425606851331,12.079479136497085,5.65425874320467,64.30577948628145,66.4146967337494,0.2
66,13,9,8.819159285828915,9.221477526906105,4.189871466221417,64.30577948628145,66.4146967337494,0.2
66,14,0,19.370529560284915,23.214701321005762,10.676037976700822,69.20522336658534,73.68267274558183,0.2
66,14,1,26.912028645530032,31.34391229294245,14.749386704852974,69.20522336658534,73.68267274558183,0.2
66,14,2,6.142671063321965,9.242446779126448,4.024909383955453,69.20522336658534,73.68267274558183,0.2
66,14,3,9.573749927449695,13.140807423833238,6.079415506233846,69.20522336658534,73.68267274558183,0.2
66,14,4,17.04911673087961,20.640030187325156,9.38660420930109,69.20522336658534,73.68267274558183,0.2
66,14,5,6.687465943790731,9.720908315473158,4.2215286061414306,69.20522336658534,73.68267274558183,0.2
66,14,6,9.052856672125312,12.683642824334065,5.926717986388168,69.20522336658534,73.68267274558183,0.2
66,14,7,12.760237682220739,16.0375258577526,7.14819398264153,69.20522336658534,73.68267274558183,0.2
66,14,8,11.438421858985983,6.692167757990911,3.739716720370566,69.20522336658534,73.68267274558183,0.2
66,14,9,8.476003582815512,7.9637476809187655,3.781138502578812,69.20522336658534,73.68267274558183,0.2
66,15,0,21.597353730375414,27.587772514414215,12.046963236567269,80.98173250648495,85.27567007192282,0.2
66,15,1,29.83763477293714,37.18531472527793,16.623663644397478,80.98173250648495,85.27567007192282,0.2
66,15,2,8.142289479271428,8.960163164997223,3.938459456180295,80.98173250648495,85.27567007192282,0.2
66,15,3,12.298503194593978,16.988208624163335,7.276620092463892,80.98173250648495,85.27567007192282,0.2
66,15,4,18.988861961500266,24.40988288766149,10.55619157802067,80.98173250648495,85.27567007192282,0.2
66,15,5,8.540045173004366,10.00203038717246,4.306621084919528,80.98173250648495,85.27567007192282,0.2
66,15,6,11.98959998939226,16.615881550968087,7.159947391153057,80.98173250648495,85.27567007192282,0.2
66,15,7,14.460614912889087,19.16901517893913,8.098788019512076,80.98173250648495,85.27567007192282,0.2
66,15,8,7.565351962732714,12.229237645602161,5.703238084539465,80.98173250648495,85.27567007192282,0.2
66,15,9,7.64914717631723,11.56552360933275,4.9097123824132956,80.98173250648495,85.27567007192282,0.2
66,16,0,24.370700719198346,30.611928615898428,12.956849791604862,90.821043202825,90.28777257923693,0.2
66,16,1,33.629249428146274,40.973958431304155,17.79189740652391,90.821043202825,90.28777257923693,0.2
66,16,2,7.9674034706041486,12.667012395484596,5.018537493925785,90.821043202825,90.28777257923693,0.2
66,16,3,14.720417671937225,19.94578558647631,8.141833064036785,90.821043202825,90.28777257923693,0.2
66,16,4,21.354907509103473,27.126292210789288,11.365396237588136,90.821043202825,90.28777257923693,0.2
66,16,5,8.712185096820274,13.307600728104072,5.259503846702437,90.821043202825,90.28777257923693,0.2
66,16,6,14.484391759853759,19.68412438230635,8.061664687822383,90.821043202825,90.28777257923693,0.2
66,16,7,16.383642511056465,10.409317201244471,5.281967697323653,90.821043202825,90.28777257923693,0.2
66,16,8,11.537505822774513,16.949683438750444,7.167291148702795,90.821043202825,90.28777257923693,0.2
66,16,9,9.932223477360871,9.070486721598966,4.141729735191897,90.821043202825,90.28777257923693,0.2
66,17,0,26.211378115302203,27.063058166837976,11.886110116245886,87.68835766125058,83.34915498350007,0.2
66,17,1,35.99255666398366,36.55105040193564,16.424668896870823,87.68835766125058,83.34915498350007,0.2
66,17,2,10.152373914556026,7.904273944801476,3.6075189804451386,87.68835766125058,83.34915498350007,0.2
66,17,3,16.47072154308771,17.522012402635994,7.435928063321309,87.68835766125058,83.34915498350007,0.2
66,17,4,22.991907987285302,23.974023067375583,10.42389239456307,87.68835766125058,83.34915498350007,0.2
66,17,5,10.639842727367803,8.830554218668363,3.9469944577390685,87.68835766125058,83.34915498350007,0.2
66,17,6,16.308542953720483,17.404586341460785,7.3961899116998095,87.68835766125058,83.34915498350007,0.2
66,17,7,10.685286526750264,13.355745660014644,6.288801238984017,87.68835766125058,83.34915498350007,0.2
66,17,8,14.499247994896942,15.893136297804379,6.851547266693019,87.68835766125058,83.34915498350007,0.2
66,17,9,8.378614083405129,10.49049394202254,4.585614033277092,87.68835766125058,83.34915498350007,0.2
66,18,0,24.045298941329335,22.775848328938356,10.534359449828212,75.33598812835834,70.41971125595505,0.2
66,18,1,33.226688106970826,30.74505622244458,14.551555631375056,75.33598812835834,70.41971125595505,0.2
66,18,2,7.297919291759026,8.79998835292578,3.8890426362441652,75.33598812835834,70.41971125595505,0.2
66,18,3,15.042693651676595,7.152830540983576,3.9715583414271376,75.33598812835834,70.41971125595505,0.2
66,18,4,21.087269620440157,20.31947175468206,9.284317113048587,75.33598812835834,70.41971125595505,0.2
66,18,5,7.984669562028366,9.261594193645683,4.080890738912947,75.33598812835834,70.41971125595505,0.2
66,18,6,14.962304380016658,5.804135001565339,3.428938640977017,75.33598812835834,70.41971125595505,0.2
66,18,7,12.722085215018447,13.726515780144888,6.410507172172101,75.33598812835834,70.41971125595505,0.2
66,18,8,13.860506139271362,14.058537263922487,6.287818947956139,75.33598812835834,70.41971125595505,0.2
66,18,9,9.2765807468834,10.273067418558718,4.5188761475480295,75.33598812835834,70.41971125595505,0.2
66,19,0,21.31074166815307,20.0726190810447,9.642702541238076,65.13128074849843,65.82127646992203,0.2
66,19,1,29.43742753481313,27.339413889298626,13.403529043666788,65.13128074849843,65.82127646992203,0.2
66,19,2,7.867434498714009,8.01730229473272,3.6435523824534304,65.13128074849843,65.82127646992203,0.2
66,19,3,8.034361674978959,9.078825182077146,4.692963201125928,65.13128074849843,65.82127646992203,0.2
66,19,4,18.78193776315632,17.881070210548398,8.48959030290634,65.13128074849843,65.82127646992203,0.2
66,19,5,8.255538338816635,6.700151665044219,3.253375464290243,65.13128074849843,65.82127646992203,0.2
66,19,6,6.936655799703201,8.42152992154504,4.449560919958301,65.13128074849843,65.82127646992203,0.2
66,19,7,12.9682932273808,12.797216015226867,6.103529126967066,65.13128074849843,65.82127646992203,0.2
66,19,8,12.720098065212353,12.405911185852142,5.760789416297923,65.13128074849843,65.82127646992203,0.2
66,19,9,9.141571698727752,5.932861021247546,3.076984185617593,65.13128074849843,65.82127646992203,0.2
66,20,0,19.506942383907248,20.0221765786785,9.62573365864633,66.80778739529859,65.82127646992203,0.2
66,20,1,27.114998899703178,27.80699434481283,13.563586889790308,66.80778739529859,65.82127646992203,0.2
66,20,2,7.370813949026102,7.606013720198748,3.5116822255270836,66.80778739529859,65.82127646992203,0.2
66,20,3,9.493745387525605,9.773029262695463,4.94136381576303,66.80778739529859,65.82127646992203,0.2
66,20,4,17.174225606725877,17.620373800749192,8.402758047412629,66.80778739529859,65.82127646992203,0.2
66,20,5,6.581495951339267,6.786618607675386,3.282708759822179,66.80778739529859,65.82127646992203,0.2
66,20,6,9.001348753434382,9.261308085732983,4.7556960747048,66.80778739529859,65.82127646992203,0.2
66,20,7,12.347284437020432,12.685560848814063,6.066203032637286,66.80778739529859,65.82127646992203,0.2
66,20,8,11.65393070552167,11.979012591881736,5.621298499805999,66.80778739529859,65.82127646992203,0.2
66,20,9,6.224660873685889,6.408112816462754,3.2475170956356725,66.80778739529859,65.82127646992203,0.2
67,0,0,2.0,2.0,1.5343772066534989,18.38777918930975,18.38777918930975,0.0
67,0,1,2.0,2.0,1.4154783109723612,18.38777918930975,18.38777918930975,0.0
67,0,2,2.0,2.0,1.5947433309135268,18.38777918930975,18.38777918930975,0.0
67,0,3,2.0,2.0,1.8517237200142773,18.38777918930975,18.38777918930975,0.0
67,0,4,2.0,2.0,1.5723998910197308,18.38777918930975,18.38777918930975,0.0
67,0,5,2.0,2.0,1.5685158343551615,18.38777918930975,18.38777918930975,0.0
67,0,6,2.0,2.0,1.47586121260152,18.38777918930975,18.38777918930975,0.0
67,0,7,2.0,2.0,1.4626577835958892,18.38777918930975,18.38777918930975,0.0
67,0,8,2.0,2.0,1.5610506489237204,18.38777918930975,18.38777918930975,0.0
67,0,9,2.0,2.0,1.4474062549617774,18.38777918930975,18.38777918930975,0.0
67,1,0,3.1040061266400274,3.761881377242582,2.3877821937814887,18.38777918930975,28.280247987310847,0.0
67,1,1,2.8634766798751627,3.171772970978131,1.9547610998511584,18.38777918930975,28.280247987310847,0.0
67,1,2,3.2261252631418733,3.922391637472475,2.555379848745186,18.38777918930975,28.280247987310847,0.0
67,1,3,3.7459900647930895,4.6056885963904355,3.3201781895797002,18.38777918930975,28.280247987310847,0.0
67,1,4,3.1809250516033956,3.8629816389717293,2.4928024270106395,18.38777918930975,28.280247987310847,0.0
67,1,5,3.1730677035987718,3.8526541423232414,2.481989425519249,18.38777918930975,28.280247987310847,0.0
67,1,6,2.985629756568733,3.606290513193798,2.229805686826364,18.38777918930975,28.280247987310847,0.0
67,1,7,2.9589195549648384,3.571183309416858,2.194776138249584,18.38777918930975,28.280247987310847,0.0
67,1,8,3.15796582303432,3.832804617926021,2.461261021759541,18.38777918930975,28.280247987310847,0.0
67,1,9,2.9280660998198944,2.8634766798751623,1.8607798885982858,18.38777918930975,28.280247987310847,0.0
67,2,0,4.830422745098463,6.756102502023285,3.5974809460846506,30.659948799760247,42.049001440915326,0.2
67,2,1,3.954432067776284,5.9909102829482626,3.05089452321523,30.659948799760247,42.049001440915326,0.2
67,2,2,5.169468545284999,7.237471344216184,3.9235627048303248,30.659948799760247,42.049001440915326,0.2
67,2,3,6.716636168279125,9.142995371051043,5.365585784781828,30.659948799760247,42.049001440915326,0.2
67,2,4,5.042876010143649,7.134671836491831,3.8300444096581368,30.659948799760247,42.049001440915326,0.2
67,2,5,5.021001582700969,7.094479815991176,3.8055050322421202,30.659948799760247,42.049001440915326,0.2
67,2,6,4.510840283023586,4.44018704655822,2.579321082984602,30.659948799760247,42.049001440915326,0.2
67,2,7,4.43997639575762,5.046903851362654,2.796013418953791,30.659948799760247,42.049001440915326,0.2
67,2,8,4.979068548251161,7.001094370557663,3.7524261117134943,30.659948799760247,42.049001440915326,0.2
67,2,9,3.76431046387537,5.695871170318973,3.0113522427544113,30.659948799760247,42.049001440915326,0.2
67,3,0,7.2776126031434325,6.253336273579091,3.4079199891230947,45.8725063219967,55.784775778883,0.2
67,3,1,6.17188214914036,7.20304676966329,3.470911868740909,45.8725063219967,55.784775778883,0.2
67,3,2,7.937267720896167,11.14072985709541,5.306514412590964,45.8725063219967,55.784775778883,0.2
67,3,3,10.854443794365169,14.663346708352245,7.468241705350714,45.8725063219967,55.784775778883,0.2
67,3,4,7.748082584471657,10.990855801949609,5.182795405656057,45.8725063219967,55.784775778883,0.2
67,3,5,7.69844004708714,10.910752713374663,5.143588413140299,45.8725063219967,55.784775778883,0.2
67,3,6,5.217901054211895,8.368679867201894,4.0196143734794685,45.8725063219967,55.784775778883,0.2
67,3,7,5.656264147411959,8.679342756384585,4.086603637832648,45.8725063219967,55.784775778883,0.2
67,3,8,7.591062738690052,10.718290638894379,5.055729943758803,45.8725063219967,55.784775778883,0.2
67,3,9,6.091889119864726,9.054715838531939,4.16564087341882,45.8725063219967,55.784775778883,0.2
67,4,0,6.894135600729064,9.579791373174256,4.5936761784069216,56.57201057963639,61.3369515430044,0.2
67,4,1,7.021566573643939,9.264960256414545,4.139736653699056,56.57201057963639,61.3369515430044,0.2
67,4,2,10.734943908421618,12.950387316265191,5.896139196500745,56.57201057963639,61.3369515430044,0.2
67,4,3,15.108063328962201,17.68538488326717,8.515013754359483,56.57201057963639,61.3369515430044,0.2
67,4,4,10.4846634989874,12.673918780563675,5.726373244070277,56.57201057963639,61.3369515430044,0.2
67,4,5,10.405348748710662,12.587457115222927,5.684922036436088,56.57201057963639,61.3369515430044,0.2
67,4,6,8.13157780753464,10.350126723160123,4.664300144159279,56.57201057963639,61.3369515430044,0.2
67,4,7,8.267095388263625,7.072811737705615,3.54108375083474,56.57201057963639,61.3369515430044,0.2
67,4,8,10.227613296140838,12.394382042143627,5.596975582283073,56.57201057963639,61.3369515430044,0.2
67,4,9,8.42698570886298,8.008496739253324,3.822567387710094,56.57201057963639,61.3369515430044,0.2
67,5,0,9.292890261759101,9.821106963368772,4.674373919162732,56.69495574477167,56.88983326741526,0.2
67,5,1,8.374582130155403,6.867836264616846,3.3570373644142966,56.69495574477167,56.88983326741526,0.2
67,5,2,11.92773987393681,11.83016182439789,5.534307391298776,56.69495574477167,56.88983326741526,0.2
67,5,3,17.22565660343822,16.772329303524984,8.204848366202615,56.69495574477167,56.88983326741526,0.2
67,5,4,11.584307663034545,11.395728103489203,5.3157122431408155,56.69495574477167,56.88983326741526,0.2
67,5,5,11.500452922560546,11.343628492196773,5.285600156860953,56.69495574477167,56.88983326741526,0.2
67,5,6,9.435760751122697,6.016726317855818,3.190631894508758,56.69495574477167,56.88983326741526,0.2
67,5,7,7.163522509246091,7.969397140095675,3.8496350372669235,56.69495574477167,56.88983326741526,0.2
67,5,8,11.322539479032136,11.260502639568134,5.233430256425257,56.69495574477167,56.88983326741526,0.2
67,5,9,7.7329567589346855,8.258893685692803,3.905842808746938,56.69495574477167,56.88983326741526,0.2
67,6,0,9.456139742151448,9.77836384078051,4.660124037524215,51.43452905724895,51.94100262495273,0.2
67,6,1,6.7912013430049765,7.167335811398624,3.458857334351267,51.43452905724895,51.94100262495273,0.2
67,6,2,11.195763320003444,11.057303850015268,5.278667032593509,51.43452905724895,51.94100262495273,0.2
67,6,3,16.598199899222454,15.903563507600268,7.904989657478275,51.43452905724895,51.94100262495273,0.2
67,6,4,10.75355088606358,10.550536471922285,5.036562044011592,51.43452905724895,51.94100262495273,0.2
67,6,5,10.692634900155225,5.1038247623892365,3.022003330314009,51.43452905724895,51.94100262495273,0.2
67,6,6,6.454567302917956,7.496494388044101,3.7215621517437047,51.43452905724895,51.94100262495273,0.2
67,6,7,7.787713926659685,8.22503573701024,3.935665548828234,51.43452905724895,51.94100262495273,0.2
67,6,8,10.587096516323399,6.092780393326757,3.404606034285224,51.43452905724895,51.94100262495273,0.2
67,6,9,7.9014208210805625,8.217604786141447,3.892163930140021,51.43452905724895,51.94100262495273,0.2
67,7,0,9.427312593443782,10.713758335421742,4.967872413417614,50.48969051241244,54.58666491833201,0.2
67,7,1,6.9971805566743255,8.284877554728839,3.8280930716083024,50.48969051241244,54.58666491833201,0.2
67,7,2,10.678609365814916,11.882021017348604,5.551278541014989,50.48969051241244,54.58666491833201,0.2
67,7,3,15.991593345781316,17.13840461444653,8.32979794733671,50.48969051241244,54.58666491833201,0.2
67,7,4,10.188837121682454,5.770539321617674,3.3013646098624014,50.48969051241244,54.58666491833201,0.2
67,7,5,6.113435999534867,8.429095285542248,4.293530819307063,50.48969051241244,54.58666491833201,0.2
67,7,6,7.528625731399293,8.977020461650184,4.221988759429387,50.48969051241244,54.58666491833201,0.2
67,7,7,7.961751466976581,9.263268818613774,4.277172016969782,50.48969051241244,54.58666491833201,0.2
67,7,8,6.8874315542432605,8.920057436199196,4.445835125181733,50.48969051241244,54.58666491833201,0.2
67,7,9,7.873748797006352,6.781899148656664,3.402635096310225,50.48969051241244,54.58666491833201,0.2
67,8,0,10.049879743225713,8.629251063242465,4.269650384091332,58.172935650341735,64.7617194613896,0.2
67,8,1,7.744135077147143,11.28089796993306,4.75141311480038,58.172935650341735,64.7617194613896,0.2
67,8,2,11.230095524931164,14.834556739433665,6.484283575563872,58.172935650341735,64.7617194613896,0.2
67,8,3,16.850969729013677,21.158746333410022,9.653796621030587,58.172935650341735,64.7617194613896,0.2
67,8,4,6.678576774244008,10.833588400312957,5.130771103139168,58.172935650341735,64.7617194613896,0.2
67,8,5,8.685703821887198,12.464074869583897,5.645857918954617,58.172935650341735,64.7617194613896,0.2
67,8,6,8.540976051421232,12.036546499222554,5.184129607314516,58.172935650341735,64.7617194613896,0.2
67,8,7,8.652610380157729,7.568782902135362,3.713128367037596,58.172935650341735,64.7617194613896,0.2
67,8,8,8.993811565210443,12.64710408572074,5.676619204955822,58.172935650341735,64.7617194613896,0.2
67,8,9,6.883444396767842,10.427741583671043,4.598356416537031,58.172935650341735,64.7617194613896,0.2
67,9,0,8.63739430784135,13.525764711675425,5.8482296901035165,71.16897358285318,75.43190748929416,0.2
67,9,1,9.61198807867114,10.451228724735902,4.5040102361256436,71.16897358285318,75.43190748929416,0.2
67,9,2,13.11754101803912,18.17445271201819,7.47468227549526,71.16897358285318,75.43190748929416,0.2
67,9,3,19.52938542561568,25.719700521445958,11.067290966474,71.16897358285318,75.43190748929416,0.2
67,9,4,10.379419656048155,15.566182018149297,6.612557799652184,71.16897358285318,75.43190748929416,0.2
67,9,5,11.421427204850145,16.509704126945884,6.873618330731018,71.16897358285318,75.43190748929416,0.2
67,9,6,10.487362555063099,9.083595123426042,4.257012839914329,71.16897358285318,75.43190748929416,0.2
67,9,7,7.511564399097818,12.445541232930315,5.259341619589034,71.16897358285318,75.43190748929416,0.2
67,9,8,11.483656505309655,16.423751258909398,6.815953963430698,71.16897358285318,75.43190748929416,0.2
67,9,9,9.30235826465109,13.963558708384054,5.641138062131095,71.16897358285318,75.43190748929416,0.2
67,10,0,11.830820159060679,16.11135117396021,6.610031302966756,78.54059583463258,78.11629634906402,0.2
67,10,1,9.111498337410156,13.535060016596852,5.397645427866082,78.54059583463258,78.11629634906402,0.2
67,10,2,15.121092438819304,9.386359543634239,4.70671419741864,78.54059583463258,78.11629634906402,0.2
67,10,3,22.38884859360459,27.349403054511576,11.55363621434807,78.54059583463258,78.11629634906402,0.2
67,10,4,13.37703651610411,17.770451732989798,7.254891731477882,78.54059583463258,78.11629634906402,0.2
67,10,5,13.905155341369998,18.170404698040123,7.350605758477126,78.54059583463258,78.11629634906402,0.2
67,10,6,8.611828876876263,13.502120515518113,5.61831271283859,78.54059583463258,78.11629634906402,0.2
67,10,7,10.63951454603682,14.814032729467687,5.941458110484521,78.54059583463258,78.11629634906402,0.2
67,10,8,13.788501790591962,17.96735427596636,7.2582995744473715,78.54059583463258,78.11629634906402,0.2
67,10,9,11.411879054347423,11.089632589049003,4.800776176030527,78.54059583463258,78.11629634906402,0.2
67,11,0,13.371925477464789,14.220365850441922,6.056875966630347,73.86660491722591,70.1349909183625,0.2
67,11,1,10.919299638234524,9.626248370601575,4.252087238685504,73.86660491722591,70.1349909183625,0.2
67,11,2,9.521563303846895,11.929320166834444,5.566738029563297,73.86660491722591,70.1349909183625,0.2
67,11,3,23.37271268029542,23.48847062886709,10.386124180743078,73.86660491722591,70.1349909183625,0.2
67,11,4,14.676461749410507,15.197853202370924,6.502638032364232,73.86660491722591,70.1349909183625,0.2
67,11,5,14.870088795564968,15.339813785516043,6.528929388771196,73.86660491722591,70.1349909183625,0.2
67,11,6,11.365703952332476,12.248784161112484,5.247949043522987,73.86660491722591,70.1349909183625,0.2
67,11,7,12.019418886143407,8.532485898459067,4.038077363246723,73.86660491722591,70.1349909183625,0.2
67,11,8,14.683355729202473,15.230038250563384,6.465270396216894,73.86660491722591,70.1349909183625,0.2
67,11,9,9.71184829806417,11.04251900019815,4.786490009392583,73.86660491722591,70.1349909183625,0.2
67,12,0,12.252906278322332,12.306444437870649,5.473989475590587,63.12156051287399,59.85230649362488,0.2
67,12,1,8.601864510666076,8.873677842936,4.016564843229246,63.12156051287399,59.85230649362488,0.2
67,12,2,11.261369677701802,11.905672099865454,5.559011081268266,63.12156051287399,59.85230649362488,0.2
67,12,3,21.010865482930065,19.823022293417697,9.223040195987867,63.12156051287399,59.85230649362488,0.2
67,12,4,13.154671618071772,12.79826178946,5.765642371788381,63.12156051287399,59.85230649362488,0.2
67,12,5,13.207858364466999,6.418389336537124,3.547857358459627,63.12156051287399,59.85230649362488,0.2
67,12,6,10.616467653946739,10.610648955181947,4.746176500458064,63.12156051287399,59.85230649362488,0.2
67,12,7,8.168927967003341,9.288255576311897,4.285244829075568,63.12156051287399,59.85230649362488,0.2
67,12,8,13.079077839021595,7.613979811983386,3.979460533015373,63.12156051287399,59.85230649362488,0.2
67,12,9,9.68294774572405,9.98967276756545,4.462264728679714,63.12156051287399,59.85230649362488,0.2
67,13,0,11.07374170817781,11.667340070384764,5.273408816963699,56.6407938191908,58.11243207317826,0.2
67,13,1,8.125408685275122,8.72090019689621,3.9680317974756054,56.6407938191908,58.11243207317826,0.2
67,13,2,11.24573825751125,11.961270170542528,5.57717032158529,56.6407938191908,58.11243207317826,0.2
67,13,3,18.657976115946425,18.76068545610751,8.874201470899639,56.6407938191908,58.11243207317826,0.2
67,13,4,11.66374811124783,12.113200034800485,5.547831095836679,56.6407938191908,58.11243207317826,0.2
67,13,5,7.177225345469109,8.989996384520591,4.491584477653467,56.6407938191908,58.11243207317826,0.2
67,13,6,9.601394540829912,6.404166155153582,3.33309994105069,56.6407938191908,58.11243207317826,0.2
67,13,7,8.668941474054924,9.489250279879966,4.349947952281763,56.6407938191908,58.11243207317826,0.2
67,13,8,8.050347607901712,9.553938060022979,4.664699719117502,56.6407938191908,58.11243207317826,0.2
67,13,9,9.027048235890158,7.305519245530174,3.5844721511041975,56.6407938191908,58.11243207317826,0.2
67,14,0,10.667972129117613,8.661653377254172,4.280866667969685,60.55412491187596,65.28796587971698,0.2
67,14,1,8.027227566114492,11.417254736975663,4.791543175938719,60.55412491187596,65.28796587971698,0.2
67,14,2,11.282473939555242,14.782648332889751,6.4683925693047035,60.55412491187596,65.28796587971698,0.2
67,14,3,17.95228423315005,21.938226374307874,9.901391944145649,60.55412491187596,65.28796587971698,0.2
67,14,4,11.223121430876372,7.3610518147368325,3.9147129310975766,60.55412491187596,65.28796587971698,0.2
67,14,5,9.086361343548061,12.85780437840412,5.770117807470536,60.55412491187596,65.28796587971698,0.2
67,14,6,6.742776543383074,10.640471009361814,4.7555102173635575,60.55412491187596,65.28796587971698,0.2
67,14,7,8.79983424929551,12.10729389021076,5.158871244079689,60.55412491187596,65.28796587971698,0.2
67,14,8,9.436569081116781,13.06331461772355,5.806753197795791,60.55412491187596,65.28796587971698,0.2
67,14,9,7.251296141230133,10.815949570830785,4.717530381195926,60.55412491187596,65.28796587971698,0.2
67,15,0,8.660084565312312,13.559909204165539,5.858560086658951,71.75543980359731,76.15939091649035,0.2
67,15,1,9.69317017333189,9.510994595846698,4.216386135871313,71.75543980359731,76.15939091649035,0.2
67,15,2,13.085393915896933,18.155428012949912,7.469204358486129,71.75543980359731,76.15939091649035,0.2
67,15,3,20.030264477092704,26.258102965884177,11.228960024030169,71.75543980359731,76.15939091649035,0.2
67,15,4,7.9193648533570045,13.41002870316789,5.957208538108115,71.75543980359731,76.15939091649035,0.2
67,15,5,11.672801803988152,16.76829538725163,6.94880543054256,71.75543980359731,76.15939091649035,0.2
67,15,6,9.620276413118775,14.503941441678682,5.9069697732181075,71.75543980359731,76.15939091649035,0.2
67,15,7,10.436265527624325,10.797631119937742,4.761586412522003,71.75543980359731,76.15939091649035,0.2
67,15,8,11.746914268334164,16.69284571093562,6.893936244191296,71.75543980359731,76.15939091649035,0.2
67,15,9,9.543444168973135,14.203263065800742,5.708751513673527,71.75543980359731,76.15939091649035,0.2
67,16,0,11.851718288972698,16.453460028212046,6.707971515211957,81.11194349916697,81.03159476704552,0.2
67,16,1,8.529642086230597,13.496811063548687,5.38696358863406,81.11194349916697,81.03159476704552,0.2
67,16,2,15.110010751810506,19.833610488863506,7.9460454278558785,81.11194349916697,81.03159476704552,0.2
67,16,3,22.71590099178049,28.41087317302604,11.86572830350971,81.11194349916697,81.03159476704552,0.2
67,16,4,12.05128160127554,17.08517455205056,7.057901648526783,81.11194349916697,81.03159476704552,0.2
67,16,5,14.057256935063723,18.813093393586392,7.53164875941008,81.11194349916697,81.03159476704552,0.2
67,16,6,11.949649855615345,9.937621662865933,4.533381240880083,81.11194349916697,81.03159476704552,0.2
67,16,7,9.632568401631568,14.36672191076185,5.8152998045482,81.11194349916697,81.03159476704552,0.2
67,16,8,13.946257964367632,18.580766441774305,7.430884896973911,81.11194349916697,81.03159476704552,0.2
67,16,9,11.548659349910288,11.394034749927421,4.892645230659492,81.11194349916697,81.03159476704552,0.2
67,17,0,13.570056039842322,15.566104394738353,6.45263498586259,78.69866827823631,74.3631850449739,0.2
67,17,1,10.897690548711946,10.112120293753264,4.401206861287149,78.69866827823631,74.3631850449739,0.2
67,17,2,16.074648126726576,17.778583314047506,7.360338765764673,78.69866827823631,74.3631850449739,0.2
67,17,3,24.00406705171915,25.67686086497037,11.054383886186887,78.69866827823631,74.3631850449739,0.2
67,17,4,14.277955813766992,16.236331459171502,6.8105713039313365,78.69866827823631,74.3631850449739,0.2
67,17,5,15.236334189229819,16.93192483714709,6.996202038684951,78.69866827823631,74.3631850449739,0.2
67,17,6,9.170915134210853,12.107512264041382,5.205506156999599,78.69866827823631,74.3631850449739,0.2
67,17,7,11.764203836770415,13.692342133133279,5.622845485119228,78.69866827823631,74.3631850449739,0.2
67,17,8,15.032491454216865,8.594705554797738,4.331693297882619,78.69866827823631,74.3631850449739,0.2
67,17,9,9.897697062748886,12.351728140587628,5.177008227461167,78.69866827823631,74.3631850449739,0.2
67,18,0,13.053516724725647,12.935668624989805,5.668437448966859,67.2139270859326,62.6191433058309,0.2
67,18,1,8.90352972059661,9.133210958719573,4.098440783652919,67.2139270859326,62.6191433058309,0.2
67,18,2,14.889778422157548,14.33130502361624,6.329505991923789,67.2139270859326,62.6191433058309,0.2
67,18,3,22.362737897933076,20.97117427940698,9.593810092036579,67.2139270859326,62.6191433058309,0.2
67,18,4,13.777612807106555,13.324681615928055,5.930643197194172,67.2139270859326,62.6191433058309,0.2
67,18,5,14.153139069794337,6.730702909178139,3.6678385040281714,67.2139270859326,62.6191433058309,0.2
67,18,6,10.530606772261578,10.673617754415595,4.765875293249998,67.2139270859326,62.6191433058309,0.2
67,18,7,11.374873635555579,7.955381576187558,3.8448946115623768,67.2139270859326,62.6191433058309,0.2
67,18,8,8.762905546986236,10.420853584289903,4.957107110179477,67.2139270859326,62.6191433058309,0.2
67,18,9,10.472956184452878,10.549210268179907,4.635786349314949,67.2139270859326,62.6191433058309,0.2
67,19,0,11.467105020703206,6.301380730381044,3.426227099616972,57.91652550318621,58.13342354493039,0.2
67,19,1,8.291041633677544,8.58384635229372,3.924276294388786,57.91652550318621,58.13342354493039,0.2
67,19,2,12.804429896600354,12.824973317713813,5.856111362118932,57.91652550318621,58.13342354493039,0.2
67,19,3,19.408034200697934,18.86184215636337,8.907668926730098,57.91652550318621,58.13342354493039,0.2
67,19,4,11.997540591179982,12.047762471162514,5.52683482791949,57.91652550318621,58.13342354493039,0.2
67,19,5,7.419944156274641,9.111664379867397,4.534050056700745,57.91652550318621,58.13342354493039,0.2
67,19,6,9.641244698436811,9.93972037084084,4.534051397143189,57.91652550318621,58.13342354493039,0.2
67,19,7,7.7781241658329545,8.766074383988649,4.115146830893581,57.91652550318621,58.13342354493039,0.2
67,19,8,10.028101808138162,10.744873923267882,5.064504064161997,57.91652550318621,58.13342354493039,0.2
67,19,9,9.378078068203031,7.347060688468691,3.598727703858969,57.91652550318621,58.13342354493039,0.2
67,20,0,6.931170420385964,7.121953702874389,3.7327640923022702,59.00471107583725,58.13342354493039,0.2
67,20,1,7.938711294452765,8.24073812234279,3.8138051548357987,59.00471107583725,58.13342354493039,0.2
67,20,2,11.846764581408667,12.185797310899186,5.650248683432244,59.00471107583725,58.13342354493039,0.2
67,20,3,18.019988046456408,18.49569097088396,8.786270815184201,59.00471107583725,58.13342354493039,0.2
67,20,4,11.180646514037852,11.520625960088758,5.35642787825694,59.00471107583725,58.13342354493039,0.2
67,20,5,9.172268131632821,9.448224078292311,4.650643394157065,59.00471107583725,58.13342354493039,0.2
67,20,6,9.172270843313848,9.472279371826183,4.383718630125241,59.00471107583725,58.13342354493039,0.2
67,20,7,8.32483754302897,8.588767339517243,4.056703964473224,59.00471107583725,58.13342354493039,0.2
67,20,8,10.245363118915378,10.542394612950297,4.997507850149994,59.00471107583725,58.13342354493039,0.2
67,20,9,7.280134762461975,7.512953450075177,3.655417079682913,59.00471107583725,58.13342354493039,0.2
68,0,0,2.0,2.0,1.2975525466629263,17.566443786913442,17.566443786913442,0.0
68,0,1,2.0,2.0,1.625835046737871,17.566443786913442,17.566443786913442,0.0
68,0,2,2.0,2.0,1.4331705604580776,17.566443786913442,17.566443786913442,0.0
68,0,3,2.0,2.0,1.5136799348315026,17.566443786913442,17.566443786913442,0.0
68,0,4,2.0,2.0,1.3342066329037754,17.566443786913442,17.566443786913442,0.0
68,0,5,2.0,2.0,1.9380569328056825,17.566443786913442,17.566443786913442,0.0
68,0,6,2.0,2.0,1.5072179295500665,17.566443786913442,17.566443786913442,0.0
68,0,7,2.0,2.0,1.3108644960359928,17.566443786913442,17.566443786913442,0.0
68,0,8,2.0,2.0,1.2851250888183718,17.566443786913442,17.566443786913442,0.0
68,0,9,2.0,2.0,1.8571369434694733,17.566443786913442,17.566443786913442,0.0
68,1,0,2.6249158531645405,2.599775421515279,1.5590464006326783,17.566443786913442,26.412714309593266,0.0
68,1,1,3.289023014742995,3.947652502999715,2.616933733724239,17.566443786913442,26.412714309593266,0.0
68,1,2,2.8992676513257103,3.4451921352892443,2.097134546555688,17.566443786913442,26.412714309593266,0.0
68,1,3,3.0621360713096775,3.655156984716993,2.308592502754618,17.566443786913442,26.412714309593266,0.0
68,1,4,2.6990661388730532,3.187098636123062,1.8487532545913348,17.566443786913442,26.412714309593266,0.0
68,1,5,3.920639962011977,4.76191322489043,3.55707127806617,17.566443786913442,26.412714309593266,0.0
68,1,6,3.049063598714946,3.638304363808215,2.2913127614856688,17.566443786913442,26.412714309593266,0.0
68,1,7,2.6518455887161,3.126223386614433,1.7920528333494863,17.566443786913442,26.412714309593266,0.0
68,1,8,2.5997754215152784,2.8400308558374108,1.642670833838375,17.566443786913442,26.412714309593266,0.0
68,1,9,3.7569408783850395,4.55087750999509,3.3020947813766175,17.566443786913442,26.412714309593266,0.0
68,2,0,3.1539112796353925,4.694538464046805,2.357865286591511,28.635267581747573,38.69093506633839,0.2
68,2,1,5.293990491560642,7.222772538179717,3.994369535578482,28.635267581747573,38.69093506633839,0.2
68,2,2,4.242449935172508,5.856108224866183,3.040207649910373,28.635267581747573,38.69093506633839,0.2
68,2,3,4.670224011013875,6.4797639173186,3.446707944937532,28.635267581747573,38.69093506633839,0.2
68,2,4,3.739980888671465,4.211564289707143,2.247048791628516,28.635267581747573,38.69093506633839,0.2
68,2,5,7.195864870864208,9.517030906208495,5.77559284411713,28.635267581747573,38.69093506633839,0.2
68,2,6,4.635267533211031,6.416425647767383,3.408476241033945,28.635267581747573,38.69093506633839,0.2
68,2,7,3.6252773762922486,3.758819680598493,2.038791660700587,28.635267581747573,38.69093506633839,0.2
68,2,8,3.3230813845363967,4.889936948949977,2.4029054738874707,28.635267581747573,38.69093506633839,0.2
68,2,9,6.680053892676033,8.858226717924676,5.2633916410798465,28.635267581747573,38.69093506633839,0.2
68,3,0,4.769901601532765,5.01496650504652,2.4694007921646293,42.209091836068495,50.615367171546836,0.2
68,3,1,8.080508141502778,10.88381233273662,5.3223351079320755,42.209091836068495,50.615367171546836,0.2
68,3,2,6.150262875816265,8.454037790694088,3.9311698735131744,42.209091836068495,50.615367171546836,0.2
68,3,3,6.972602650399625,9.585614363094932,4.533639924181367,42.209091836068495,50.615367171546836,0.2
68,3,4,4.545722646184408,6.729301050403984,3.1194718356729436,42.209091836068495,50.615367171546836,0.2
68,3,5,11.683877664096679,15.136670616737005,7.992208150938382,42.209091836068495,50.615367171546836,0.2
68,3,6,6.895260884219816,9.462658484761207,4.473673357947286,42.209091836068495,50.615367171546836,0.2
68,3,7,4.1244237585877634,6.4114250932738965,2.962818207696322,42.209091836068495,50.615367171546836,0.2
68,3,8,4.861016756727614,5.617590796846953,2.6479481427065363,42.209091836068495,50.615367171546836,0.2
68,3,9,10.647707636670592,13.857728962160136,7.199583557246263,42.209091836068495,50.615367171546836,0.2
68,4,0,4.995535097087573,6.681589597980242,3.0186990286102997,51.32965127386703,55.025228708464326,0.2
68,4,1,10.766948773361982,12.556186028250918,5.882418286912251,51.32965127386703,55.025228708464326,0.2
68,4,2,7.952656829972839,9.51342956098092,4.269852338823858,51.32965127386703,55.025228708464326,0.2
68,4,3,9.17143844396061,10.836462984312261,4.940084110445012,51.32965127386703,55.025228708464326,0.2
68,4,4,6.310612310859531,5.15621871638206,2.589011801557588,51.32965127386703,55.025228708464326,0.2
68,4,5,16.16803414331307,18.301114278972353,9.128087761272681,51.32965127386703,55.025228708464326,0.2
68,4,6,9.050127603199282,10.70490470857031,4.877115254024077,51.32965127386703,55.025228708464326,0.2
68,4,7,5.993705999366317,5.871293442728009,2.785803339698837,51.32965127386703,55.025228708464326,0.2
68,4,8,5.356731853383353,6.935716419359446,3.068939554440844,51.32965127386703,55.025228708464326,0.2
68,4,9,14.564574717379676,16.600759134058702,8.1698201520979,51.32965127386703,55.025228708464326,0.2
68,5,0,6.106751481094353,4.408852504016113,2.256481911185079,50.86090566931879,50.92631010166638,0.2
68,5,1,11.899982822254163,11.333661432538475,5.475384831758438,50.86090566931879,50.92631010166638,0.2
68,5,2,8.637802857137014,8.45476496350063,3.9314065677548453,50.86090566931879,50.92631010166638,0.2
68,5,3,9.993664711940148,9.534445711043093,4.5166857165068794,50.86090566931879,50.92631010166638,0.2
68,5,4,5.237505131808758,5.741981388362513,2.791549574217711,50.86090566931879,50.92631010166638,0.2
68,5,5,18.465889751643516,17.371743844935374,8.801079128759877,50.86090566931879,50.92631010166638,0.2
68,5,6,9.866280314367929,9.455196933340796,4.471203740620314,50.86090566931879,50.92631010166638,0.2
68,5,7,5.635609416343595,5.7983156280995,2.7615194132677012,50.86090566931879,50.92631010166638,0.2
68,5,8,6.208386789092539,4.940316521736339,2.4202083082724823,50.86090566931879,50.92631010166638,0.2
68,5,9,16.52733871155959,15.680683350209689,7.850158433563142,50.86090566931879,50.92631010166638,0.2
68,6,0,4.564805607512255,4.942343356863521,2.444314009775454,46.042862604115335,46.37734441949406,0.2
68,6,1,11.076564478273111,10.283640520299022,5.115149188307931,46.042862604115335,46.37734441949406,0.2
68,6,2,7.953135656413366,4.073247723572998,2.357954703288823,46.042862604115335,46.37734441949406,0.2
68,6,3,9.137140512353092,8.532781229185302,4.179039583024442,46.042862604115335,46.37734441949406,0.2
68,6,4,5.647233902861219,5.775001833881534,2.8027772710525087,46.042862604115335,46.37734441949406,0.2
68,6,5,17.804359591795972,16.220029135547126,8.38844912373845,46.042862604115335,46.37734441949406,0.2
68,6,6,9.045131630057776,8.489094387791488,4.146274096422435,46.042862604115335,46.37734441949406,0.2
68,6,7,5.586483649814827,3.567088086994883,1.9654250542882574,46.042862604115335,46.37734441949406,0.2
68,6,8,4.896019951317849,5.020752789754865,2.4477248219734165,46.042862604115335,46.37734441949406,0.2
68,6,9,15.880671172129542,14.619026705510468,7.474219605540708,46.042862604115335,46.37734441949406,0.2
68,7,0,4.944785173342603,5.707375135267086,2.7033946539837728,45.08148953988244,48.307915096940064,0.2
68,7,1,10.347816919031638,10.890501855450292,5.324624785411502,45.08148953988244,48.307915096940064,0.2
68,7,2,4.7700824892408695,5.977242757216846,3.0840932985489418,45.08148953988244,48.307915096940064,0.2
68,7,3,8.454090958161897,9.030478819566456,4.34821091507078,45.08148953988244,48.307915096940064,0.2
68,7,4,5.6699472484532585,4.22377943773772,2.251608920282243,45.08148953988244,48.307915096940064,0.2
68,7,5,16.969619569545852,17.336776949008744,8.788674640552488,45.08148953988244,48.307915096940064,0.2
68,7,6,8.387807210779604,8.971847044521787,4.3099512459401454,45.08148953988244,48.307915096940064,0.2
68,7,7,3.9760049768128822,5.034116037418151,2.5013995039848482,45.08148953988244,48.307915096940064,0.2
68,7,8,4.951685159808372,3.7122000275109035,1.9813735627133893,45.08148953988244,48.307915096940064,0.2
68,7,9,15.120156469249817,15.560260177587383,7.807908774104139,45.08148953988244,48.307915096940064,0.2
68,8,0,5.46889873774468,5.693682143036456,2.698852876422534,51.48168038001354,56.16414242990018,0.2
68,8,1,10.77158073276111,13.87877201763854,6.30959107245492,51.48168038001354,56.16414242990018,0.2
68,8,2,6.239042428624398,8.958845493459195,4.094051620492264,51.48168038001354,56.16414242990018,0.2
68,8,3,8.796320267126255,11.690995390419138,5.209656627244737,51.48168038001354,56.16414242990018,0.2
68,8,4,4.554947670655611,7.263604478672861,3.2908541118227816,51.48168038001354,56.16414242990018,0.2
68,8,5,17.779265627139424,21.6635996749708,10.272046318727293,51.48168038001354,56.16414242990018,0.2
68,8,6,8.718921928002251,4.645258019065827,2.718704111561237,51.48168038001354,56.16414242990018,0.2
68,8,7,5.060267678557012,7.707393010636326,3.3703271386737,51.48168038001354,56.16414242990018,0.2
68,8,8,4.008268404376661,6.78103443729626,3.0208667578900577,51.48168038001354,56.16414242990018,0.2
68,8,9,15.79520118388902,19.392127840137263,9.10879143869654,51.48168038001354,56.16414242990018,0.2
68,9,0,5.459710837067591,9.206986460451079,3.778211021441704,61.72078817765538,65.53856061587652,0.2
68,9,1,12.764142520214119,17.418352986154574,7.39708220682474,61.72078817765538,65.53856061587652,0.2
68,9,2,8.282162468057502,12.091532322532672,5.050260966147525,61.72078817765538,65.53856061587652,0.2
68,9,3,10.539003068174658,6.59957800157666,3.491197142185018,61.72078817765538,65.53856061587652,0.2
68,9,4,6.657314303602794,10.277195718179915,4.195795738355448,61.72078817765538,65.53856061587652,0.2
68,9,5,20.780088864849763,26.740287913233193,11.903146784877839,61.72078817765538,65.53856061587652,0.2
68,9,6,5.499869381671037,10.22107138772067,4.721745225999796,61.72078817765538,65.53856061587652,0.2
68,9,7,6.818086218864689,7.920172918159063,3.435192417653647,61.72078817765538,65.53856061587652,0.2
68,9,8,6.111136742382182,9.816779836226004,3.9138370572993493,61.72078817765538,65.53856061587652,0.2
68,9,9,18.426853781063247,23.893323757575622,10.541842659185212,61.72078817765538,65.53856061587652,0.2
68,10,0,7.64322495631435,10.135033866848069,4.040932540801692,68.23952584847052,68.85226623254783,0.2
68,10,1,14.964109470396354,18.0516607789287,7.584334846191087,68.23952584847052,68.85226623254783,0.2
68,10,2,10.216549693306899,12.844574702692722,5.268423663711815,68.23952584847052,68.85226623254783,0.2
68,10,3,7.062603166717695,10.699826137395554,4.896398561061753,68.23952584847052,68.85226623254783,0.2
68,10,4,8.487988234907693,7.629369994237708,3.405996303545762,68.23952584847052,68.85226623254783,0.2
68,10,5,24.079763689359876,27.910823885299827,12.265532098605997,68.23952584847052,68.85226623254783,0.2
68,10,6,9.551970692983865,12.656897001007504,5.483831816290711,68.23952584847052,68.85226623254783,0.2
68,10,7,6.9493070311179554,9.66698603312409,3.9494859013467467,68.23952584847052,68.85226623254783,0.2
68,10,8,7.917592982904242,8.518245609585056,3.5438025463933776,68.23952584847052,68.85226623254783,0.2
68,10,9,21.325880010661248,24.897385643275772,10.850020401662112,68.23952584847052,68.85226623254783,0.2
68,11,0,8.17470391869556,6.809968911534513,3.059183639088214,65.10655759623971,61.91283677552855,0.2
68,11,1,15.342916804930695,15.302908878895703,6.756118815864308,65.10655759623971,61.91283677552855,0.2
68,11,2,10.65788729067698,11.027455144834242,4.734886701670774,65.10655759623971,61.91283677552855,0.2
68,11,3,9.90528995484439,10.694945203130604,4.894834942702071,65.10655759623971,61.91283677552855,0.2
68,11,4,6.89024403365424,7.902233130687256,3.4908162184246865,65.10655759623971,61.91283677552855,0.2
68,11,5,24.812859976986484,24.218186570315847,11.105667539993059,65.10655759623971,61.91283677552855,0.2
68,11,6,11.093652513487733,11.55596940693225,5.145404514164212,65.10655759623971,61.91283677552855,0.2
68,11,7,7.989709689181505,6.106605376541299,2.863496806369036,65.10655759623971,61.91283677552855,0.2
68,11,8,7.1690225636228755,7.730084943794832,3.310955864687847,65.10655759623971,61.91283677552855,0.2
68,11,9,21.949315758138702,21.618258731684882,9.828730557642997,65.10655759623971,61.91283677552855,0.2
68,12,0,6.188650820065996,6.244684125994393,2.879130102077925,55.721613731998474,52.97086005906985,0.2
68,12,1,13.667456806458262,12.462045830251464,5.851510988453641,55.721613731998474,52.97086005906985,0.2
68,12,2,9.578555564564937,4.417256574263038,2.4956502385449952,55.721613731998474,52.97086005906985,0.2
68,12,3,9.902126794607694,9.398667960329389,4.471564214836395,55.721613731998474,52.97086005906985,0.2
68,12,4,7.061832567623335,7.00887529679826,3.2096371012464275,55.721613731998474,52.97086005906985,0.2
68,12,5,22.466483427337824,20.113851724602476,9.751966592921569,55.721613731998474,52.97086005906985,0.2
68,12,6,10.409022674965808,9.756299203329107,4.570404432622652,55.721613731998474,52.97086005906985,0.2
68,12,7,5.792781326548241,6.011368129096869,2.8321622592826823,55.721613731998474,52.97086005906985,0.2
68,12,8,6.697979639205279,5.238323646153169,2.521500359747168,55.721613731998474,52.97086005906985,0.2
68,12,9,19.88327233728746,17.994804043209584,8.644222114321906,55.721613731998474,52.97086005906985,0.2
68,13,0,5.824407086791253,4.4388713352816485,2.2672256547318437,50.12858716398106,51.38622357377673,0.2
68,13,1,11.837458142301013,11.812404797424763,5.636276743397721,50.12858716398106,51.38622357377673,0.2
68,13,2,5.048637060563211,6.246074361419549,3.180547506047453,50.12858716398106,51.38622357377673,0.2
68,13,3,9.045860860243392,9.272953704738237,4.429612347961759,50.12858716398106,51.38622357377673,0.2
68,13,4,6.493014353549299,4.999620123411414,2.533716406529632,50.12858716398106,51.38622357377673,0.2
68,13,5,19.727980785922345,19.175677023355387,9.431288462313582,50.12858716398106,51.38622357377673,0.2
68,13,6,9.245812110976656,9.432050173039494,4.463538924306934,50.12858716398106,51.38622357377673,0.2
68,13,7,5.729392333470285,6.184707129191889,2.88908421378068,50.12858716398106,51.38622357377673,0.2
68,13,8,5.100931199343422,5.675617321228186,2.6670648701426645,50.12858716398106,51.38622357377673,0.2
68,13,9,17.487041834656036,17.140152385290165,8.354745162215037,50.12858716398106,51.38622357377673,0.2
68,14,0,4.586539927891624,7.094517225451485,3.1481103753995563,53.545303303047234,57.18611298999958,0.2
68,14,1,11.402044729993209,14.101567520470011,6.380322893391779,53.545303303047234,57.18611298999958,0.2
68,14,2,6.434166841133479,8.974909835509065,4.099189045714624,53.545303303047234,57.18611298999958,0.2
68,14,3,8.9609932988392,11.526507234422885,5.1582390636812026,53.545303303047234,57.18611298999958,0.2
68,14,4,5.125643951782433,7.596115340322996,3.395597332699664,53.545303303047234,57.18611298999958,0.2
68,14,5,19.07925707067789,22.350906519412984,10.499101478342322,53.545303303047234,57.18611298999958,0.2
68,14,6,9.029625901288387,5.0257862712161305,2.872750214498156,53.545303303047234,57.18611298999958,0.2
68,14,7,5.8445440020013,6.099966399765857,2.8613172561113047,53.545303303047234,57.18611298999958,0.2
68,14,8,5.395404507555835,7.702619665727058,3.302716704993975,53.545303303047234,57.18611298999958,0.2
68,14,9,16.901437311228236,19.963660277952528,9.295891627166764,53.545303303047234,57.18611298999958,0.2
68,15,0,6.368547349508411,10.016075464120426,4.007672910588993,62.85101140714873,66.61678923018775,0.2
68,15,1,12.907231197877197,17.58897376933854,7.447728473802275,62.85101140714873,66.61678923018775,0.2
68,15,2,8.292555348827767,12.12350360337551,5.059604657188571,62.85101140714873,66.61678923018775,0.2
68,15,3,10.434986642731136,6.974987699274221,3.6290543239169017,62.85101140714873,66.61678923018775,0.2
68,15,4,6.869207179693513,10.49026242742526,4.256499094641283,62.85101140714873,66.61678923018775,0.2
68,15,5,21.239415687142316,27.258813957257377,12.06425207051575,62.85101140714873,66.61678923018775,0.2
68,15,6,5.811500736221782,10.483580975417818,4.806310375037012,62.85101140714873,66.61678923018775,0.2
68,15,7,5.788372151722141,9.660913842764863,3.947749165280021,62.85101140714873,66.61678923018775,0.2
68,15,8,6.6813120283614476,8.262860312686888,3.4690910045361356,62.85101140714873,66.61678923018775,0.2
68,15,9,18.80535271130591,24.318966027547578,10.67295078058516,62.85101140714873,66.61678923018775,0.2
68,16,0,8.107420531336617,9.096399650663196,3.7463869365735247,70.94879802885784,71.78144194570936,0.2
68,16,1,15.066565582431924,19.000191760838977,7.861149814471883,70.94879802885784,71.78144194570936,0.2
68,16,2,10.235451743018714,13.48184390201512,5.450061306977767,70.94879802885784,71.78144194570936,0.2
68,16,3,7.341484744755713,11.515194858636205,5.154694852764637,70.94879802885784,71.78144194570936,0.2
68,16,4,8.610789583234418,8.121785730276034,3.558427876483647,70.94879802885784,71.78144194570936,0.2
68,16,5,24.40567559126099,29.407661101247825,12.722365647406342,70.94879802885784,71.78144194570936,0.2
68,16,6,9.723043842124447,13.466229593811889,5.727001081289121,70.94879802885784,71.78144194570936,0.2
68,16,7,7.986196316219435,11.158708869011411,4.366832832550887,70.94879802885784,71.78144194570936,0.2
68,16,8,7.017883011594864,10.200848568073303,4.0204051030074615,70.94879802885784,71.78144194570936,0.2
68,16,9,21.591108411026557,26.200029886579912,11.24434554143651,70.94879802885784,71.78144194570936,0.2
68,17,0,7.578845640734587,8.803795696899368,3.661617089668769,69.71483042459231,66.28228811621508,0.2
68,17,1,15.902906456603937,16.7780330785566,7.205667473593279,69.71483042459231,66.28228811621508,0.2
68,17,2,11.025335630681742,12.074618624540395,5.04531489612379,69.71483042459231,66.28228811621508,0.2
68,17,3,10.427816794045023,11.923273362649535,5.281896754551467,69.71483042459231,66.28228811621508,0.2
68,17,4,7.198609235014677,8.775660023527047,3.756625925715684,69.71483042459231,66.28228811621508,0.2
68,17,5,25.737022645841353,26.414793765036695,11.801537503633945,69.71483042459231,66.28228811621508,0.2
68,17,6,11.585577761785604,12.788374737330257,5.523645552749436,69.71483042459231,66.28228811621508,0.2
68,17,7,8.833991933322409,7.521175293303059,3.3131172187193627,69.71483042459231,66.28228811621508,0.2
68,17,8,8.133177433290784,6.765337096903796,3.0159699770981887,69.71483042459231,66.28228811621508,0.2
68,17,9,22.747025502809283,23.552051870786006,10.43621594296248,69.71483042459231,66.28228811621508,0.2
68,18,0,7.407358393005862,5.5680105754502485,2.657014922044853,59.909925561118335,55.83517600829265,0.2
68,18,1,14.576882325660884,13.457390591172688,6.174873777068109,59.909925561118335,55.83517600829265,0.2
68,18,2,10.206543919244373,4.68237090681461,2.5995785836737353,59.909925561118335,55.83517600829265,0.2
68,18,3,10.685143011323582,10.256774506682607,4.753577977547577,59.909925561118335,55.83517600829265,0.2
68,18,4,7.599558855770661,7.634855883118735,3.40771047284298,59.909925561118335,55.83517600829265,0.2
68,18,5,23.874210693566603,21.614369565029033,10.255700625173052,59.909925561118335,55.83517600829265,0.2
68,18,6,11.174194691354053,10.600654978116498,4.843819425524629,59.909925561118335,55.83517600829265,0.2
68,18,7,6.7023520035278015,6.823793276572509,3.0949590502402837,59.909925561118335,55.83517600829265,0.2
68,18,8,6.101230679184121,6.3740255481409385,2.8927710672351723,59.909925561118335,55.83517600829265,0.2
68,18,9,21.11219984592046,19.32707176180596,9.087390145376219,59.909925561118335,55.83517600829265,0.2
68,19,0,5.375073717752161,5.701150913112233,2.7013305706455286,51.64202549794469,51.529142289173116,0.2
68,19,1,12.49161285252109,11.85139572048142,5.649293439553083,51.64202549794469,51.529142289173116,0.2
68,19,2,5.258881463707566,6.196618727782076,3.162898273718996,51.64202549794469,51.529142289173116,0.2
68,19,3,9.61636754103639,9.315837815030003,4.443942186707143,51.64202549794469,51.529142289173116,0.2
68,19,4,6.8937117546146345,4.9801170280234075,2.5267936818643264,51.64202549794469,51.529142289173116,0.2
68,19,5,20.74702194185551,19.297102806664213,9.473053963507956,51.64202549794469,51.529142289173116,0.2
68,19,6,9.798923698794075,9.464563774183116,4.47430387521581,51.64202549794469,51.529142289173116,0.2
68,19,7,6.261023568382096,6.261780825022349,2.914239951792093,51.64202549794469,51.529142289173116,0.2
68,19,8,5.852002412919518,4.455009830197385,2.2512227652746026,51.64202549794469,51.529142289173116,0.2
68,19,9,18.383559508118992,17.248666636530672,8.391735802761323,51.64202549794469,51.529142289173116,0.2
68,20,0,5.464723149564652,5.651406145592937,2.6848097796992,52.301446695435764,51.529142289173116,0.2
68,20,1,11.428377175782714,11.758642486439065,5.618307618198877,52.301446695435764,51.529142289173116,0.2
68,20,2,6.398462892299732,6.582058658157899,3.2993630424080105,52.301446695435764,51.529142289173116,0.2
68,20,3,8.989982198743709,9.267306350799963,4.427723789822249,52.301446695435764,51.529142289173116,0.2
68,20,4,5.111639455573175,5.271802128401958,2.629501780305986,52.301446695435764,51.529142289173116,0.2
68,20,5,19.163747619043292,19.664497579954443,9.598945640859545,52.301446695435764,51.529142289173116,0.2
68,20,6,9.05140312362279,9.325575175510826,4.4282078140916274,52.301446695435764,51.529142289173116,0.2
68,20,7,5.895433421219068,6.105248582288015,2.863051433909601,52.301446695435764,51.529142289173116,0.2
68,20,8,4.554166488880784,4.7192727519297115,2.3438885635172846,52.301446695435764,51.529142289173116,0.2
68,20,9,16.97626843775053,17.41471881789971,8.448205298699524,52.301446695435764,51.529142289173116,0.2
69,0,0,2.0,2.0,1.5563470617172757,18.08546274549068,18.08546274549068,0.0
69,0,1,2.0,2.0,1.4813763588521156,18.08546274549068,18.08546274549068,0.0
69,0,2,2.0,2.0,1.679144635338313,18.08546274549068,18.08546274549068,0.0
69,0,3,2.0,2.0,1.5460344028071369,18.08546274549068,18.08546274549068,0.0
69,0,4,2.0,2.0,1.565155692165813,18.08546274549068,18.08546274549068,0.0
69,0,5,2.0,2.0,1.5129040897740123,18.08546274549068,18.08546274549068,0.0
69,0,6,2.0,2.0,1.8734560070840807,18.08546274549068,18.08546274549068,0.0
69,0,7,2.0,2.0,1.6508880426724613,18.08546274549068,18.08546274549068,0.0
69,0,8,2.0,2.0,1.4671861785104152,18.08546274549068,18.08546274549068,0.0
69,0,9,2.0,2.0,1.4890044819092905,18.08546274549068,18.08546274549068,0.0
69,1,0,3.14845058555381,3.820059558614835,2.44813040071956,18.08546274549068,28.225466013824462,0.0
69,1,1,2.9967867573876528,2.9680803828874507,1.9528881650784053,18.08546274549068,28.225466013824462,0.0
69,1,2,3.3968669587920153,4.146543946408258,2.7973544577775034,18.08546274549068,28.225466013824462,0.0
69,1,3,3.12758833844781,3.792641084197824,2.41967690030877,18.08546274549068,28.225466013824462,0.0
69,1,4,3.166270221273765,3.8434792422004747,2.472542275848602,18.08546274549068,28.225466013824462,0.0
69,1,5,3.0605665564593973,3.7045568521640164,2.329194654816336,18.08546274549068,28.225466013824462,0.0
69,1,6,3.789953929687625,4.663163512862376,3.3884333948745025,18.08546274549068,28.225466013824462,0.0
69,1,7,3.3397045893482784,4.071417573096446,2.715304740129249,18.08546274549068,28.225466013824462,0.0
69,1,8,2.968080382887453,3.2916907075189057,2.079493394510534,18.08546274549068,28.225466013824462,0.0
69,1,9,3.0122182566314897,3.641014482293609,2.2648043602517407,18.08546274549068,28.225466013824462,0.0
69,2,0,4.952505635312965,6.937230842794428,3.7171985197643327,30.600557082155934,42.3182839104028,0.2
69,2,1,3.9506431682904126,5.962235489671913,3.182224391565645,30.600557082155934,42.3182839104028,0.2
69,2,2,5.6589770348993484,7.817235544684788,4.360179292009328,30.600557082155934,42.3182839104028,0.2
69,2,3,4.894944926501295,6.994195973562657,3.713766672767396,30.600557082155934,42.3182839104028,0.2
69,2,4,5.001890238808596,6.9943942329052105,3.7597729859866575,30.600557082155934,42.3182839104028,0.2
69,2,5,4.711901641484557,4.667684687338737,2.7381766173334223,30.600557082155934,42.3182839104028,0.2
69,2,6,6.854714715386989,9.30800086091497,5.496952608280418,30.600557082155934,42.3182839104028,0.2
69,2,7,5.492992539584319,7.6256173445165665,4.212977414690426,30.600557082155934,42.3182839104028,0.2
69,2,8,4.206762332546701,6.311298894189948,3.279799942458255,30.600557082155934,42.3182839104028,0.2
69,2,9,4.581641710642274,5.287480440742357,2.9406893568038694,30.600557082155934,42.3182839104028,0.2
69,3,0,7.519798214710671,6.582232097730867,3.5829990047183755,46.16627457714358,56.28574116288874,0.2
69,3,1,6.437559137955651,9.586958737758456,4.437322697455005,46.16627457714358,56.28574116288874,0.2
69,3,2,8.820531989760102,12.22915179079098,5.964094885463482,46.16627457714358,56.28574116288874,0.2
69,3,3,7.512855675380714,10.819596234874998,5.040178235419985,46.16627457714358,56.28574116288874,0.2
69,3,4,7.6059252787855804,10.73666802295657,5.075107145722949,46.16627457714358,56.28574116288874,0.2
69,3,5,5.539261766383087,8.794080384768998,4.266028000832873,46.16627457714358,56.28574116288874,0.2
69,3,6,11.120195542506814,15.034442339581007,7.689243762969158,46.16627457714358,56.28574116288874,0.2
69,3,7,8.522746329839276,11.887947007168052,5.748723588870743,46.16627457714358,56.28574116288874,0.2
69,3,8,6.634951999676733,7.584025571711148,3.7298733232635537,46.16627457714358,56.28574116288874,0.2
69,3,9,5.948939895928502,8.986027669629236,4.262578931975803,46.16627457714358,56.28574116288874,0.2
69,4,0,7.248316003499201,10.244148695898945,4.883358011936261,57.08004558754497,62.07866473018665,0.2
69,4,1,8.976591140075236,8.565709650522749,4.100896012865741,57.08004558754497,62.07866473018665,0.2
69,4,2,12.065212507110523,14.634008011120354,6.762720073492271,57.08004558754497,62.07866473018665,0.2
69,4,3,10.196152585075732,7.438363512717559,3.8773261636328216,57.08004558754497,62.07866473018665,0.2
69,4,4,10.266812883669274,12.657027705256379,5.6946725872308885,57.08004558754497,62.07866473018665,0.2
69,4,5,8.630066318492615,11.131032339458255,5.031126198341719,57.08004558754497,62.07866473018665,0.2
69,4,6,15.555144879622004,18.42210945043944,8.86461856561238,57.08004558754497,62.07866473018665,0.2
69,4,7,11.62952184302388,14.156012924543223,6.4961387196848435,57.08004558754497,62.07866473018665,0.2
69,4,8,7.54543902033848,10.13048435755746,4.567782090196736,57.08004558754497,62.07866473018665,0.2
69,4,9,8.623088939776922,11.000414865619708,4.910902965794784,57.08004558754497,62.07866473018665,0.2
69,5,0,9.878909255102009,10.4286975844628,4.944774657560498,57.3805358928677,58.31988500082743,0.2
69,5,1,8.296008500029483,8.867321067942779,4.2014491931431985,57.3805358928677,58.31988500082743,0.2
69,5,2,13.680810983013984,13.652003536556267,6.441760644786048,57.3805358928677,58.31988500082743,0.2
69,5,3,7.843732372137494,8.864158666148723,4.383736299812174,57.3805358928677,58.31988500082743,0.2
69,5,4,11.52017803922282,11.629361515245266,5.366926627820035,57.3805358928677,58.31988500082743,0.2
69,5,5,10.177840543924658,10.297631351872772,4.764381593646087,57.3805358928677,58.31988500082743,0.2
69,5,6,17.93289825909251,17.579495752204867,8.578808866171432,57.3805358928677,58.31988500082743,0.2
69,5,7,13.141523673558329,13.115025346890897,6.157933845598729,57.3805358928677,58.31988500082743,0.2
69,5,8,9.240507178838133,6.587996623684275,3.3798045610233745,57.3805358928677,58.31988500082743,0.2
69,5,9,9.934631997309154,7.42298587325867,3.7288941189435025,57.3805358928677,58.31988500082743,0.2
69,6,0,10.003153569647775,10.099788564267044,4.835084301579167,52.72744965854182,53.52269043933494,0.2
69,6,1,8.499425030385211,8.589924141409067,4.10900758098636,52.72744965854182,53.52269043933494,0.2
69,6,2,13.0315182088598,12.663007591464016,6.111431050293012,52.72744965854182,53.52269043933494,0.2
69,6,3,8.868187218362472,9.082290438504305,4.458973865361432,52.72744965854182,53.52269043933494,0.2
69,6,4,10.857156285783452,5.238686561061843,3.0710878393634427,52.72744965854182,53.52269043933494,0.2
69,6,5,9.638222982067596,6.224604116685531,3.349412331017715,52.72744965854182,53.52269043933494,0.2
69,6,6,17.35471249468537,16.485639566858342,8.201561818283631,52.72744965854182,53.52269043933494,0.2
69,6,7,12.457343801313987,12.116636498373866,5.825914147094974,52.72744965854182,53.52269043933494,0.2
69,6,8,6.83725880361802,7.361254531306818,3.6528388607387683,52.72744965854182,53.52269043933494,0.2
69,6,9,7.543458114863939,8.23857129707317,4.0111725182556235,52.72744965854182,53.52269043933494,0.2
69,7,0,9.781252764863293,5.892663990577344,3.3159168181158853,52.027183517929565,56.23303078407969,0.2
69,7,1,8.312417996360555,6.892184217436267,3.522039533212954,52.027183517929565,56.23303078407969,0.2
69,7,2,12.363269827255387,13.571032577418396,6.414992226272171,52.027183517929565,56.23303078407969,0.2
69,7,3,9.020390902962118,10.362095837128278,4.890029510757638,52.027183517929565,56.23303078407969,0.2
69,7,4,6.212732714939586,8.526506323416816,4.318931648730615,52.027183517929565,56.23303078407969,0.2
69,7,5,6.775776094066064,8.627148255927485,4.209179851848815,52.027183517929565,56.23303078407969,0.2
69,7,6,16.591551296237615,17.73641779682075,8.6323420314764,52.027183517929565,56.23303078407969,0.2
69,7,7,11.78567638221268,12.993097504282332,6.117803354489795,52.027183517929565,56.23303078407969,0.2
69,7,8,7.389600258785921,8.78578552948027,4.134382449260697,52.027183517929565,56.23303078407969,0.2
69,7,9,8.11450014878072,9.527830434955082,4.440898239137688,52.027183517929565,56.23303078407969,0.2
69,8,0,6.708015522016775,11.056643610887178,5.151358453157243,59.92746554712784,66.07496973956788,0.2
69,8,1,7.1249965405867846,11.15001134138804,4.932159684333404,59.92746554712784,66.07496973956788,0.2
69,8,2,12.97736637793632,17.01568589229764,7.515566661771788,59.92746554712784,66.07496973956788,0.2
69,8,3,9.892405527808375,13.83078620482727,5.985369474981344,59.92746554712784,66.07496973956788,0.2
69,8,4,8.737089054808122,12.695218954347055,5.706695302946312,59.92746554712784,66.07496973956788,0.2
69,8,5,8.515063956642157,12.409361994125899,5.428939693947445,59.92746554712784,66.07496973956788,0.2
69,8,6,17.463008728730365,22.10155608693509,10.069745597075755,59.92746554712784,66.07496973956788,0.2
69,8,7,12.376160836833641,7.526832879334031,4.174699465938281,59.92746554712784,66.07496973956788,0.2
69,8,8,8.363750710535843,12.31213213950199,5.2359744382179105,59.92746554712784,66.07496973956788,0.2
69,8,9,8.983824370105623,8.994350682536167,4.265342199755311,59.92746554712784,66.07496973956788,0.2
69,9,0,10.421067342360415,15.610945828148314,6.558218845089249,72.61215136029107,76.93507899424687,0.2
69,9,1,9.977633799141211,15.134743918789013,6.108392939291898,72.61215136029107,76.93507899424687,0.2
69,9,2,15.203800514080045,20.791304706198517,8.647375730572696,72.61215136029107,76.93507899424687,0.2
69,9,3,12.10825046147979,9.973927150038113,4.761069169628191,72.61215136029107,76.93507899424687,0.2
69,9,4,11.544499687822462,16.678917245780784,6.908027308969298,72.61215136029107,76.93507899424687,0.2
69,9,5,10.98260714386224,16.158592648368014,6.5308975765475115,72.61215136029107,76.93507899424687,0.2
69,9,6,20.37083964196824,26.930732629328258,11.563684130636775,72.61215136029107,76.93507899424687,0.2
69,9,7,8.445311011505128,14.539576134545344,6.61885469654924,72.61215136029107,76.93507899424687,0.2
69,9,8,10.592243331485564,11.542194375692596,5.004562285906925,72.61215136029107,76.93507899424687,0.2
69,9,9,8.628678960327248,13.705749178148857,5.728052025670137,72.61215136029107,76.93507899424687,0.2
69,10,0,13.267110190851643,17.336846404884287,7.0577216183720495,80.10571581595325,80.00164667790042,0.2
69,10,1,12.357123805846847,10.471194576726305,4.719997551870742,80.10571581595325,80.00164667790042,0.2
69,10,2,17.493421520251648,21.753360243871626,8.92556168370205,80.10571581595325,80.00164667790042,0.2
69,10,3,9.631522032391729,14.589914283952792,6.213482436446713,80.10571581595325,80.00164667790042,0.2
69,10,4,13.97476383059931,17.983191245438448,7.2818760472346495,80.10571581595325,80.00164667790042,0.2
69,10,5,13.211839958360317,11.894318440191684,5.270212089943236,80.10571581595325,80.00164667790042,0.2
69,10,6,23.393039359800866,28.258112507158778,11.959766683263503,80.10571581595325,80.00164667790042,0.2
69,10,7,13.389774978629834,18.072960510327054,7.707563914170048,80.10571581595325,80.00164667790042,0.2
69,10,8,10.124102423606145,14.524777075079626,5.878152690287529,80.10571581595325,80.00164667790042,0.2
69,10,9,11.587703795581785,15.537944625857378,6.253893865493571,80.10571581595325,80.00164667790042,0.2
69,11,0,14.277591617335469,15.149787883153056,6.42199613218107,75.6493882080314,71.71602671755657,0.2
69,11,1,9.548435192599456,11.33938636360517,4.99064984338802,75.6493882080314,71.71602671755657,0.2
69,11,2,18.056184639460128,18.66690354085155,8.018953731146686,75.6493882080314,71.71602671755657,0.2
69,11,3,12.569717190054833,13.684157546606652,5.940880308539861,75.6493882080314,71.71602671755657,0.2
69,11,4,14.731050334974078,15.538613635502946,6.57393091447716,75.6493882080314,71.71602671755657,0.2
69,11,5,10.661505231529661,12.272482611645609,5.3869518997365144,75.6493882080314,71.71602671755657,0.2
69,11,6,24.194304306045748,24.484068299835066,10.817851364399376,75.6493882080314,71.71602671755657,0.2
69,11,7,15.592206080298045,16.639904968485368,7.274484354672965,75.6493882080314,71.71602671755657,0.2
69,11,8,11.891353628598589,9.645127904158809,4.413466393570706,75.6493882080314,71.71602671755657,0.2
69,11,9,12.651468484849746,8.428003690825374,4.075513255472052,75.6493882080314,71.71602671755657,0.2
69,12,0,12.991535101739931,6.649262769220352,3.608501584364081,64.54449428052806,61.79774639036171,0.2
69,12,1,10.09595790566887,10.372073748611864,4.688677154346342,64.54449428052806,61.79774639036171,0.2
69,12,2,16.222139772924304,15.675968931952717,7.09628722095279,64.54449428052806,61.79774639036171,0.2
69,12,3,12.01825000748148,11.861328683196126,5.375161224686737,64.54449428052806,61.79774639036171,0.2
69,12,4,13.298895308247017,7.8268760360144,4.067695798074015,64.54449428052806,61.79774639036171,0.2
69,12,5,10.897666902369027,11.086978918682602,5.017179685464316,64.54449428052806,61.79774639036171,0.2
69,12,6,21.88423861262412,20.620036935748466,9.59235205278152,64.54449428052806,61.79774639036171,0.2
69,12,7,14.71609712861894,14.470294687316366,6.596761577265806,64.54449428052806,61.79774639036171,0.2
69,12,8,8.928330443100108,9.392810509858188,4.3323259376882595,64.54449428052806,61.79774639036171,0.2
69,12,9,8.244659826366071,9.650442799987196,4.480825969088856,64.54449428052806,61.79774639036171,0.2
69,13,0,7.299907074535797,9.223795186633444,4.537558203356116,58.48184667970899,59.775536596644855,0.2
69,13,1,9.485074823726032,7.552595011962589,3.7550156444477434,58.48184667970899,59.775536596644855,0.2
69,13,2,14.355608852060474,14.825668948633107,6.824598684566755,58.48184667970899,59.775536596644855,0.2
69,13,3,10.873814666143781,11.466498307729735,5.249279827649529,58.48184667970899,59.775536596644855,0.2
69,13,4,8.228845308558434,9.861524598453007,4.7818658873600866,58.48184667970899,59.775536596644855,0.2
69,13,5,10.149627102517288,6.5721565093873275,3.4792523396213433,58.48184667970899,59.775536596644855,0.2
69,13,6,19.405084624308916,19.573206470266197,9.248810612694546,58.48184667970899,59.775536596644855,0.2
69,13,7,13.345081159329732,13.909028086510174,6.4165912372858624,58.48184667970899,59.775536596644855,0.2
69,13,8,8.764185361248433,9.491040689588818,4.363991689277428,58.48184667970899,59.775536596644855,0.2
69,13,9,9.06459715391252,10.064094633471832,4.614421968317577,58.48184667970899,59.775536596644855,0.2
69,14,0,9.179365023234315,12.918891077157829,5.74437943494317,62.28710760529833,67.10421396283556,0.2
69,14,1,7.596301297655469,11.414530184561816,5.013777316535956,62.28710760529833,67.10421396283556,0.2
69,14,2,13.805989841934919,7.6508070678098825,4.29499027282442,62.28710760529833,67.10421396283556,0.2
69,14,3,10.61915979644215,14.193376044278514,6.0947816773008014,62.28710760529833,67.10421396283556,0.2
69,14,4,9.673593264272577,13.356726878193424,5.913254621550516,62.28710760529833,67.10421396283556,0.2
69,14,5,7.038439134445592,11.17139345050306,5.043889264282067,62.28710760529833,67.10421396283556,0.2
69,14,6,18.710109014556192,22.83377508734177,10.30212714888644,62.28710760529833,67.10421396283556,0.2
69,14,7,12.980601136613352,16.61807060201075,7.2678012920870385,62.28710760529833,67.10421396283556,0.2
69,14,8,8.828244372625313,12.428169774401356,5.270468890995639,62.28710760529833,67.10421396283556,0.2
69,14,9,9.334858467950792,9.25051665970634,4.350019469622458,62.28710760529833,67.10421396283556,0.2
69,15,0,11.620733729939442,16.815940630578027,6.908603509946999,73.75160675780629,77.83743298417143,0.2
69,15,1,10.142744196571526,15.386488118526529,6.179339643717644,73.75160675780629,77.83743298417143,0.2
69,15,2,8.688656259292928,15.022636343724198,6.88794098258674,73.75160675780629,77.83743298417143,0.2
69,15,3,12.329588568469452,11.674545204337553,5.31576944559086,73.75160675780629,77.83743298417143,0.2
69,15,4,11.962363944200735,17.169508428966473,7.049641805909383,73.75160675780629,77.83743298417143,0.2
69,15,5,10.203659902229619,15.532679497781597,6.3527661171402,73.75160675780629,77.83743298417143,0.2
69,15,6,20.840941620419596,27.51744481627521,11.739461485240769,73.75160675780629,77.83743298417143,0.2
69,15,7,14.702577462710531,20.30319116988786,8.361643313207974,73.75160675780629,77.83743298417143,0.2
69,15,8,10.662024733537729,10.228873133974577,4.59879112634415,73.75160675780629,77.83743298417143,0.2
69,15,9,8.799978927059698,13.960671754354728,5.802423578288504,73.75160675780629,77.83743298417143,0.2
69,16,0,13.975929470545735,18.8363618531361,7.479686070426135,82.89910660203657,83.09924897839929,0.2
69,16,1,12.50064718735141,12.464738489658627,5.33239892924115,82.89910660203657,83.09924897839929,0.2
69,16,2,13.934129702379217,19.627434555279994,8.305610983867917,82.89910660203657,83.09924897839929,0.2
69,16,3,10.753666605167478,16.339720402508043,6.726194031976051,82.89910660203657,83.09924897839929,0.2
69,16,4,14.261246361894067,10.778284082116015,5.0888691766505705,82.89910660203657,83.09924897839929,0.2
69,16,5,12.851484539269105,17.769925904258585,6.980239624584097,82.89910660203657,83.09924897839929,0.2
69,16,6,23.74863248465272,29.859379002885568,12.430226499590134,82.89910660203657,83.09924897839929,0.2
69,16,7,16.91539209552229,22.112079612549635,8.876409663035737,82.89910660203657,83.09924897839929,0.2
69,16,8,9.303237671552308,14.86807330823168,5.975063371593311,82.89910660203657,83.09924897839929,0.2
69,16,9,11.738155558012895,16.498724695410278,6.522142315921496,82.89910660203657,83.09924897839929,0.2
69,17,0,15.131214988903166,16.98854523395589,6.958166020996342,80.70679403907357,76.79178679972469,0.2
69,17,1,10.78730762831976,13.314006882919294,5.5841947569438615,80.70679403907357,76.79178679972469,0.2
69,17,2,16.80204011609555,19.07997237148744,8.142758008588741,80.70679403907357,76.79178679972469,0.2
69,17,3,13.606919728531958,15.688660485678415,6.5374482196597015,80.70679403907357,76.79178679972469,0.2
69,17,4,10.294653122776785,13.77261269700072,6.041544551028192,80.70679403907357,76.79178679972469,0.2
69,17,5,14.12084751140168,11.059699174152524,5.008535079494839,80.70679403907357,76.79178679972469,0.2
69,17,6,25.14603256809466,26.91945055853171,11.560292861890392,80.70679403907357,76.79178679972469,0.2
69,17,7,17.95675134976878,19.758106908741283,8.203862195866652,80.70679403907357,76.79178679972469,0.2
69,17,8,12.087401476028544,13.952470470758085,5.71504966131292,80.70679403907357,76.79178679972469,0.2
69,17,9,13.194128288436104,9.74818043182977,4.512544517437171,80.70679403907357,76.79178679972469,0.2
69,18,0,14.076193171858373,7.430459826072773,3.900285841229614,69.40904367710418,65.2450970616582,0.2
69,18,1,11.296684193914242,11.173250233028003,4.939353173572786,69.40904367710418,65.2450970616582,0.2
69,18,2,16.472592682429212,15.97518610065999,7.190833907038986,69.40904367710418,65.2450970616582,0.2
69,18,3,13.225091743035884,12.723654985747688,5.645812822841325,69.40904367710418,65.2450970616582,0.2
69,18,4,12.221891213869602,12.534908477194982,5.656155819357426,69.40904367710418,65.2450970616582,0.2
69,18,5,10.1321392841534,10.744515827583962,4.908188063295652,69.40904367710418,65.2450970616582,0.2
69,18,6,23.386178909241377,21.878938141667955,9.998638589457181,69.40904367710418,65.2450970616582,0.2
69,18,7,16.596204901674607,15.865367780599042,7.035771489905934,69.40904367710418,65.2450970616582,0.2
69,18,8,11.561400342655999,8.656947178181479,4.09184870554058,69.40904367710418,65.2450970616582,0.2
69,18,9,9.128762971792487,10.199278979512972,4.657722794422833,69.40904367710418,65.2450970616582,0.2
69,19,0,7.890179216901017,9.502163139373033,4.632988165166669,60.345273480889645,60.1508682663744,0.2
69,19,1,9.992186045208307,7.809424216919757,3.843949937733412,60.345273480889645,60.1508682663744,0.2
69,19,2,14.546874397190107,14.588541236665794,6.748005322006868,60.345273480889645,60.1508682663744,0.2
69,19,3,11.421335976558082,6.762022618497177,3.6270353651137053,60.345273480889645,60.1508682663744,0.2
69,19,4,11.442259595870581,11.859597246905567,5.441084949871914,60.345273480889645,60.1508682663744,0.2
69,19,5,9.929139818492894,10.417638695833041,4.803180459452268,60.345273480889645,60.1508682663744,0.2
69,19,6,20.22699197117516,19.67322136982694,9.281866923816876,60.345273480889645,60.1508682663744,0.2
69,19,7,14.233187064827838,14.205536703460696,6.512038771480164,60.345273480889645,60.1508682663744,0.2
69,19,8,8.277706027048836,8.908356739347834,4.174673838493109,60.345273480889645,60.1508682663744,0.2
69,19,9,9.422454939624423,10.097921271269755,4.625273243409757,60.345273480889645,60.1508682663744,0.2
69,20,0,9.372417412725312,9.633407307199567,4.677689594429115,61.052392695831195,60.1508682663744,0.2
69,20,1,7.77621311466505,8.027599125579085,3.91881161356029,61.052392695831195,60.1508682663744,0.2
69,20,2,13.651043414410502,14.01716822466497,6.561895489511344,61.052392695831195,60.1508682663744,0.2
69,20,3,7.33740044236424,7.570033139598164,3.9252435016513605,61.052392695831195,60.1508682663744,0.2
69,20,4,11.007176688193118,11.311350356165331,5.263767109800845,61.052392695831195,60.1508682663744,0.2
69,20,5,9.716712102374414,10.018268841003602,4.673532608339934,61.052392695831195,60.1508682663744,0.2
69,20,6,18.776981092558195,19.26315447640195,9.1460103296858,61.052392695831195,60.1508682663744,0.2
69,20,7,13.173689074590458,13.534909435781692,6.295284661766542,61.052392695831195,60.1508682663744,0.2
69,20,8,8.445259167834303,8.753872381217551,4.123864412688308,61.052392695831195,60.1508682663744,0.2
69,20,9,9.356810321915987,9.628181501978059,4.473588116130205,61.052392695831195,60.1508682663744,0.2
70,0,0,2.0,2.0,1.4882657837743754,17.825253888869256,17.825253888869256,0.0
70,0,1,2.0,2.0,1.5122454445038622,17.825253888869256,17.825253888869256,0.0
70,0,2,2.0,2.0,1.5183637126996177,17.825253888869256,17.825253888869256,0.0
70,0,3,2.0,2.0,1.6221017354817275,17.825253888869256,17.825253888869256,0.0
70,0,4,2.0,2.0,1.3462584958357922,17.825253888869256,17.825253888869256,0.0
70,0,5,2.0,2.0,1.6368087814818792,17.825253888869256,17.825253888869256,0.0
70,0,6,2.0,2.0,1.374675579227344,17.825253888869256,17.825253888869256,0.0
70,0,7,2.0,2.0,1.4467838951216672,17.825253888869256,17.825253888869256,0.0
70,0,8,2.0,2.0,1.557305686289514,17.825253888869256,17.825253888869256,0.0
70,0,9,2.0,2.0,1.7110047457046418,17.825253888869256,17.825253888869256,0.0
70,1,0,3.010723889062308,3.619233923323284,2.254193317222949,17.825253888869256,26.99612257945798,0.0
70,1,1,3.059234133802854,3.6825083259316305,2.318472260637541,17.825253888869256,26.99612257945798,0.0
70,1,2,3.0716112350017646,3.6986524144344344,2.334991387113008,17.825253888869256,26.99612257945798,0.0
70,1,3,3.2814706208717404,3.972382785074636,2.6223632847035088,17.825253888869256,26.99612257945798,0.0
70,1,4,2.7234467515517276,2.9984857973147263,1.7874703941419339,17.825253888869256,26.99612257945798,0.0
70,1,5,3.3112226014742236,4.011189820765877,2.664208438614075,17.825253888869256,26.99612257945798,0.0
70,1,6,2.780933789658217,2.7234467515517267,1.7063277058921218,17.825253888869256,26.99612257945798,0.0
70,1,7,2.9268070816669267,3.509776923360883,2.1447581594907272,17.825253888869256,26.99612257945798,0.0
70,1,8,3.1503898587211077,3.8014074176468293,2.4412596042555825,17.825253888869256,26.99612257945798,0.0
70,1,9,3.4613191530397396,4.206968458550039,2.8794443951986306,17.825253888869256,26.99612257945798,0.0
70,2,0,4.5601758400411025,6.366857858471131,3.347396118160096,29.267767964751105,39.64816153525573,0.2
70,2,1,4.690210510334468,6.567399534159213,3.4759754015950284,29.267767964751105,39.64816153525573,0.2
70,2,2,4.723628283724378,6.518154746776012,3.471699171617419,29.267767964751105,39.64816153525573,0.2
70,2,3,5.304974335319188,7.285071158546337,4.009227962673501,29.267767964751105,39.64816153525573,0.2
70,2,4,3.6160072181371867,4.714867578953927,2.45378275447607,29.267767964751105,39.64816153525573,0.2
70,2,5,5.389626019106827,7.371872183062491,4.079260189556219,29.267767964751105,39.64816153525573,0.2
70,2,6,3.4518576202630213,5.247868090901685,2.700643494346448,29.267767964751105,39.64816153525573,0.2
70,2,7,4.338791294834324,4.148973859728132,2.411243988018735,29.267767964751105,39.64816153525573,0.2
70,2,8,4.938606188536382,6.795308161766825,3.6660575807004325,29.267767964751105,39.64816153525573,0.2
70,2,9,5.8250428937936,7.92892179578558,4.487248398178113,29.267767964751105,39.64816153525573,0.2
70,3,0,6.771697346652767,6.634817279746418,3.445401013487344,43.253358661493436,52.07427487417552,0.2
70,3,1,7.031809972029601,9.977230042612995,4.658094318100323,43.253358661493436,52.07427487417552,0.2
70,3,2,7.023159267371148,9.834188176959627,4.62990179236258,43.253358661493436,52.07427487417552,0.2
70,3,3,8.110566362216161,11.231071072532739,5.428150931719251,43.253358661493436,52.07427487417552,0.2
70,3,4,4.96394020343224,7.6097058925385355,3.4305596130344265,43.253358661493436,52.07427487417552,0.2
70,3,5,8.252239778872493,11.376836060851051,5.527032259072651,43.253358661493436,52.07427487417552,0.2
70,3,6,5.463333211658532,5.853326352246913,2.915151553372753,43.253358661493436,52.07427487417552,0.2
70,3,7,4.877885359075384,7.825922748519632,3.7597377968450476,43.253358661493436,52.07427487417552,0.2
70,3,8,7.416341393605588,10.330440716551191,4.915141977130972,43.253358661493436,52.07427487417552,0.2
70,3,9,9.07758956487543,12.409034808783037,6.139695307836389,43.253358661493436,52.07427487417552,0.2
70,4,0,6.969958761262785,9.401238397421555,4.397329873120825,52.809147083171055,56.66386909619011,0.2
70,4,1,9.423206522589888,6.097012185607247,3.299766673904156,52.809147083171055,56.66386909619011,0.2
70,4,2,9.366173758914865,11.441261139647038,5.147383757609717,52.809147083171055,56.66386909619011,0.2
70,4,3,10.981011497903632,13.207267673140679,6.080316382034909,52.809147083171055,56.66386909619011,0.2
70,4,4,6.939934985014016,7.093654583111272,3.266002298926583,52.809147083171055,56.66386909619011,0.2
70,4,5,11.18104591224733,13.425713403096267,6.206304933269638,52.809147083171055,56.66386909619011,0.2
70,4,6,5.897277568068456,8.171006950126786,3.6819011668274673,52.809147083171055,56.66386909619011,0.2
70,4,7,7.6058540920456625,9.763164203427802,4.389308280559135,52.809147083171055,56.66386909619011,0.2
70,4,8,9.943207409601104,12.074319200145645,5.482223404402198,52.809147083171055,56.66386909619011,0.2
70,4,9,12.420447702551723,14.77099528068199,6.936127196111252,52.809147083171055,56.66386909619011,0.2
70,5,0,8.895686671984446,9.131168383029088,4.308518342574124,52.37553334361026,52.644824386051475,0.2
70,5,1,6.675344190376845,7.714969361732482,3.8907670737868547,52.37553334361026,52.644824386051475,0.2
70,5,2,10.413026634197161,10.408437220365872,4.817532886357422,52.37553334361026,52.644824386051475,0.2
70,5,3,12.300325643463601,12.076157144098254,5.710935050178071,52.37553334361026,52.644824386051475,0.2
70,5,4,6.607039717175537,6.971450103095534,3.2265146873028607,52.37553334361026,52.644824386051475,0.2
70,5,5,12.555197283385853,12.35011584566535,5.853918494398826,52.37553334361026,52.644824386051475,0.2
70,5,6,7.448392566024607,6.284576610370094,3.063884841427286,52.37553334361026,52.644824386051475,0.2
70,5,7,8.879459193924342,5.479365249607235,2.9295023083939973,52.37553334361026,52.644824386051475,0.2
70,5,8,11.090398737079655,11.022483595713114,5.143378619485001,52.37553334361026,52.644824386051475,0.2
70,5,9,14.031609188747423,13.675473952941338,6.571883980405372,52.37553334361026,52.644824386051475,0.2
70,6,0,8.716023200878485,8.514184425503915,4.102604361718095,47.5965843821352,48.42827080669822,0.2
70,6,1,7.8709229920742505,7.976781773796733,3.982728350949309,47.5965843821352,48.42827080669822,0.2
70,6,2,9.745746697552557,4.676533184354666,2.751703481751905,47.5965843821352,48.42827080669822,0.2
70,6,3,11.553076588812466,10.938533650469319,5.328788298743883,47.5965843821352,48.42827080669822,0.2
70,6,4,6.527157281569145,5.536912531770596,2.745963903911241,47.5965843821352,48.42827080669822,0.2
70,6,5,11.842328465694356,11.232098411970926,5.477716851112329,47.5965843821352,48.42827080669822,0.2
70,6,6,6.198161233020371,6.285054205808613,3.0640478271914278,47.5965843821352,48.42827080669822,0.2
70,6,7,5.926308781067903,6.486025798699864,3.2966112703723667,47.5965843821352,48.42827080669822,0.2
70,6,8,10.404924341473283,9.991650276905283,4.801743196047505,47.5965843821352,48.42827080669822,0.2
70,6,9,13.29475441259756,12.473105404084915,6.161868584828918,47.5965843821352,48.42827080669822,0.2
70,7,0,8.299464446377714,5.2049652983279655,2.907046556441716,47.07510986526161,50.87551371762943,0.2
70,7,1,8.056958320602407,9.565778089522622,4.5227803762554375,47.07510986526161,50.87551371762943,0.2
70,7,2,5.566626269614191,7.9622322498466955,3.993734665747454,47.07510986526161,50.87551371762943,0.2
70,7,3,10.78000341450848,12.095130857864802,5.717214571722481,47.07510986526161,50.87551371762943,0.2
70,7,4,5.55501524938755,7.134092937091896,3.279023988906292,47.07510986526161,50.87551371762943,0.2
70,7,5,11.081282094209095,12.399426772720423,5.870269976163912,47.07510986526161,50.87551371762943,0.2
70,7,6,6.198490949082535,7.639049631071596,3.512422518509138,47.07510986526161,50.87551371762943,0.2
70,7,7,6.668960889157155,8.287686408034713,3.913686062206875,47.07510986526161,50.87551371762943,0.2
70,7,8,9.71380455500299,6.0974500629225705,3.398260355104196,47.07510986526161,50.87551371762943,0.2
70,7,9,12.46530367886188,13.763438247769363,6.601445986654921,47.07510986526161,50.87551371762943,0.2
70,8,0,5.880881365087048,8.96555591115601,4.25366767071859,54.217966789171086,59.70468787940342,0.2
70,8,1,9.14946985426281,12.065463901959447,5.320863345659867,54.217966789171086,59.70468787940342,0.2
70,8,2,8.07922381595585,10.939934165762232,4.988444158540094,54.217966789171086,59.70468787940342,0.2
70,8,3,11.565779901441,14.661750772036617,6.541648053571531,54.217966789171086,59.70468787940342,0.2
70,8,4,6.633382265344888,7.520138029997807,3.4022445610047676,54.217966789171086,59.70468787940342,0.2
70,8,5,11.875407098092165,14.978387060783836,6.7004270585807815,54.217966789171086,59.70468787940342,0.2
70,8,6,7.105541564045689,6.642844443952699,3.1851293830441314,54.217966789171086,59.70468787940342,0.2
70,8,7,7.917287523666384,10.770206458860976,4.701533000344486,54.217966789171086,59.70468787940342,0.2
70,8,8,6.874594406395789,9.99942958694398,4.804359873061937,54.217966789171086,59.70468787940342,0.2
70,8,9,13.354557600572766,16.679513523408716,7.5519409072231864,54.217966789171086,59.70468787940342,0.2
70,9,0,8.60506168453712,13.338593665916699,5.617415265868916,65.6116204109597,69.1039850257553,0.2
70,9,1,10.763971435657743,7.973410629485955,3.9815500509047554,65.6116204109597,69.1039850257553,0.2
70,9,2,10.09149586123044,14.703601427657746,6.135520680236675,65.6116204109597,69.1039850257553,0.2
70,9,3,13.233587900393188,18.33873813127509,7.650956033840018,65.6116204109597,69.1039850257553,0.2
70,9,4,6.882654353761756,11.270832535646086,4.516236308346311,65.6116204109597,69.1039850257553,0.2
70,9,5,13.554793795653739,18.668190783946443,7.8171511753072895,65.6116204109597,69.1039850257553,0.2
70,9,6,6.443435861950217,11.240939935889912,4.603000898890888,65.6116204109597,69.1039850257553,0.2
70,9,7,9.51108187373195,9.413890446559343,4.27879093215853,65.6116204109597,69.1039850257553,0.2
70,9,8,9.719098026157942,14.57949096772617,6.255651195803246,65.6116204109597,69.1039850257553,0.2
70,9,9,15.277384688977492,20.770367216639748,8.805238818828748,65.6116204109597,69.1039850257553,0.2
70,10,0,11.363888439901684,14.507022770933954,5.9575034854406015,71.95188798905365,71.87228927025573,0.2
70,10,1,8.054574649532833,11.96187984815538,5.2888456533962245,71.95188798905365,71.87228927025573,0.2
70,10,2,12.412002536923763,15.511880036334626,6.3697138867046394,71.95188798905365,71.87228927025573,0.2
70,10,3,15.477689775833548,18.831499331829317,7.79428929959385,71.95188798905365,71.87228927025573,0.2
70,10,4,9.136231371056075,9.782888532895571,4.090104778058707,71.95188798905365,71.87228927025573,0.2
70,10,5,15.813898326830822,19.1827497978132,7.967362056199796,71.95188798905365,71.87228927025573,0.2
70,10,6,9.31175393451566,8.729886346848415,3.8564280533075874,71.95188798905365,71.87228927025573,0.2
70,10,7,8.655885404475475,12.11569343990655,5.105361064796178,71.95188798905365,71.87228927025573,0.2
70,10,8,12.655023519442354,15.922580222993671,6.6536857324534315,71.95188798905365,71.87228927025573,0.2
70,10,9,17.812774539178342,21.397272729065026,8.990443430208098,71.95188798905365,71.87228927025573,0.2
70,11,0,12.051878272239566,8.104526043667105,3.96340849341133,67.96228500515907,64.15521323401035,0.2
70,11,1,10.699200457233228,12.416222661908607,5.428676126437716,67.96228500515907,64.15521323401035,0.2
70,11,2,12.88576944674348,6.782853852813935,3.569797168956703,67.96228500515907,64.15521323401035,0.2
70,11,3,15.767649332793841,16.65815835409326,7.153127766689518,67.96228500515907,64.15521323401035,0.2
70,11,4,8.274178106036533,9.781739229655365,4.089768415495626,67.96228500515907,64.15521323401035,0.2
70,11,5,16.117771124573462,17.03404912652279,7.331612047612352,67.96228500515907,64.15521323401035,0.2
70,11,6,7.801456025614983,9.636430603667806,4.132573242200251,67.96228500515907,64.15521323401035,0.2
70,11,7,10.328015793717054,11.668753680541531,4.972786335365417,67.96228500515907,64.15521323401035,0.2
70,11,8,13.460237279799985,14.67238610961814,6.283525695184406,67.96228500515907,64.15521323401035,0.2
70,11,9,18.187438765100534,18.972051986446186,8.264379111974558,67.96228500515907,64.15521323401035,0.2
70,12,0,8.017874739391962,8.414340480237923,4.068867590240202,57.73975474069209,55.11885007075908,0.2
70,12,1,10.982073953482821,10.31629915118362,4.768349029890529,57.73975474069209,55.11885007075908,0.2
70,12,2,7.221609024987378,8.17924795354896,4.069623016533966,57.73975474069209,55.11885007075908,0.2
70,12,3,14.470595832734654,13.275813819077658,6.1023891504113825,57.73975474069209,55.11885007075908,0.2
70,12,4,8.27349765311267,6.697924741218002,3.1373693138326897,57.73975474069209,55.11885007075908,0.2
70,12,5,14.831665000792576,13.639903257838542,6.275449693411547,57.73975474069209,55.11885007075908,0.2
70,12,6,8.360090730593733,7.847988237015829,3.5793985764515246,57.73975474069209,55.11885007075908,0.2
70,12,7,10.059820482546966,5.890413978858431,3.0816601435641937,57.73975474069209,55.11885007075908,0.2
70,12,8,12.711412923873649,11.87952679104612,5.4201620526307375,57.73975474069209,55.11885007075908,0.2
70,12,9,16.718629086255657,15.225766800320839,7.084931225048697,57.73975474069209,55.11885007075908,0.2
70,13,0,8.231215814355325,9.302928653591383,4.3650908130536346,52.1613218488295,53.574065089976884,0.2
70,13,1,9.646249004845044,10.355733616995241,4.781100769507773,52.1613218488295,53.574065089976884,0.2
70,13,2,8.232744022565083,9.488515590734576,4.515372793825301,52.1613218488295,53.574065089976884,0.2
70,13,3,12.344978293395693,12.85805655058321,5.967326819727549,52.1613218488295,53.574065089976884,0.2
70,13,4,6.346818454706272,7.374960126617651,3.356133545175593,52.1613218488295,53.574065089976884,0.2
70,13,5,12.69507537736096,13.207268813007811,6.13544491807647,52.1613218488295,53.574065089976884,0.2
70,13,6,7.24103242854099,6.554256888423806,3.1553362151540836,52.1613218488295,53.574065089976884,0.2
70,13,7,6.234120217875326,7.742827554675816,3.731748609378704,52.1613218488295,53.574065089976884,0.2
70,13,8,10.964850198369069,5.498476765875985,3.160985825535777,52.1613218488295,53.574065089976884,0.2
70,13,9,14.332635960709148,14.728871061125176,6.922274855343994,52.1613218488295,53.574065089976884,0.2
70,14,0,8.830467872114543,11.521520449638059,5.070098032528083,55.8250707079382,60.16950510571542,0.2
70,14,1,9.672045450285975,6.889293060772135,3.594376362254973,55.8250707079382,60.16950510571542,0.2
70,14,2,9.134484503107286,11.848538754831637,5.274972191107167,55.8250707079382,60.16950510571542,0.2
70,14,3,12.071750628058265,14.9271221594467,6.62430549719745,55.8250707079382,60.16950510571542,0.2
70,14,4,6.789372939635747,8.009304056230025,3.5556893159825895,55.8250707079382,60.16950510571542,0.2
70,14,5,12.411849271997497,15.273302293187395,6.792505717607615,55.8250707079382,60.16950510571542,0.2
70,14,6,6.383165039846166,9.134973767350955,3.980836436820958,55.8250707079382,60.16950510571542,0.2
70,14,7,7.5492326765303135,10.340583936771461,4.569452990488034,55.8250707079382,60.16950510571542,0.2
70,14,8,6.394594058187851,9.768542779547136,4.726435333782006,55.8250707079382,60.16950510571542,0.2
70,14,9,14.003586255127566,17.03418321549903,7.663993663880037,55.8250707079382,60.16950510571542,0.2
70,15,0,10.256679574872406,10.48741478601715,4.747089411329152,66.1299405403396,70.1448826183603,0.2
70,15,1,7.2713321088906495,13.006844125561058,5.608176108348233,66.1299405403396,70.1448826183603,0.2
70,15,2,10.67113479531111,15.655213172555833,6.410857285805246,66.1299405403396,70.1448826183603,0.2
70,15,3,13.400801809929057,8.736728426960955,4.553038025177188,66.1299405403396,70.1448826183603,0.2
70,15,4,7.193069196661268,11.959302205426457,4.707621616179061,66.1299405403396,70.1448826183603,0.2
70,15,5,13.741066584712861,19.260320878604464,7.989901257613973,66.1299405403396,70.1448826183603,0.2
70,15,6,8.053131026362104,13.050035342705996,5.109841182160215,66.1299405403396,70.1448826183603,0.2
70,15,7,9.24388736769828,14.3654656558228,5.751835600859481,66.1299405403396,70.1448826183603,0.2
70,15,8,9.56145866193143,14.920930773866449,6.35784613193585,66.1299405403396,70.1448826183603,0.2
70,15,9,15.50406457034014,21.417757498577515,8.996467492688346,66.1299405403396,70.1448826183603,0.2
70,16,0,9.60324133634059,13.82989337346999,5.761461742716652,74.70631903995711,75.526554347209,0.2
70,16,1,11.345197858847145,15.5421782967938,6.352718460250359,74.70631903995711,75.526554347209,0.2
70,16,2,12.969001498370222,16.869609476861335,6.755046444344876,74.70631903995711,75.526554347209,0.2
70,16,3,9.210680309699434,14.294120820139426,6.426393371754072,74.70631903995711,75.526554347209,0.2
70,16,4,9.523398988957151,10.332647110255785,4.249673630937363,74.70631903995711,75.526554347209,0.2
70,16,5,16.1633673566967,20.51037274599485,8.349460924921603,74.70631903995711,75.526554347209,0.2
70,16,6,10.337078957380939,11.426530158443082,4.656067629120087,74.70631903995711,75.526554347209,0.2
70,16,7,11.63581736425382,15.577014116595343,6.0872567262503186,74.70631903995711,75.526554347209,0.2
70,16,8,12.861761280203957,16.986307435011888,6.961809872232394,74.70631903995711,75.526554347209,0.2
70,16,9,18.199625290529138,22.861686354189906,9.416857547524982,74.70631903995711,75.526554347209,0.2
70,17,0,11.655290804794383,13.907871107851491,5.784182140878108,73.35211979792443,69.29273320700153,0.2
70,17,1,12.851388130591106,14.871660381577438,6.159605658726223,73.35211979792443,69.29273320700153,0.2
70,17,2,13.665287426105166,8.038785545237808,4.0205746410569185,73.35211979792443,69.29273320700153,0.2
70,17,3,13.000430605737073,15.79799963958988,6.892528359343989,73.35211979792443,69.29273320700153,0.2
70,17,4,8.596981843480295,10.840362393042193,4.394789929569651,73.35211979792443,69.29273320700153,0.2
70,17,5,16.890747433366187,18.75806121540644,7.843474944627759,73.35211979792443,69.29273320700153,0.2
70,17,6,9.419106582246556,11.494286186658178,4.675376879847466,73.35211979792443,69.29273320700153,0.2
70,17,7,12.314365783575308,9.392175681127075,4.271879699712668,73.35211979792443,69.29273320700153,0.2
70,17,8,14.083564590380641,16.14323253895397,6.718096290563195,73.35211979792443,69.29273320700153,0.2
70,17,9,19.05006369650458,20.889017101779974,8.84041842333959,73.35211979792443,69.29273320700153,0.2
70,18,0,11.70125359333624,11.002298691851188,4.909055045848076,62.63094721593249,58.87928577361753,0.2
70,18,1,12.46072583681858,11.526086660527657,5.15321905892279,62.63094721593249,58.87928577361753,0.2
70,18,2,8.13352040445976,8.948465547681591,4.3338993222749265,62.63094721593249,58.87928577361753,0.2
70,18,3,13.943409849071934,13.13299006315474,6.056359170354355,62.63094721593249,58.87928577361753,0.2
70,18,4,8.890548430677171,7.451425040529351,3.3804537299421997,62.63094721593249,58.87928577361753,0.2
70,18,5,15.867150643727006,14.617763862422741,6.587090174055648,62.63094721593249,58.87928577361753,0.2
70,18,6,9.458168706148498,6.692090528893207,3.2016399156621436,62.63094721593249,58.87928577361753,0.2
70,18,7,8.64190415673433,8.650150756038105,4.032730894297802,62.63094721593249,58.87928577361753,0.2
70,18,8,13.590538203279591,12.713260138000313,5.683720667518119,62.63094721593249,58.87928577361753,0.2
70,18,9,17.883941985788546,16.326574210919542,7.439722964064571,62.63094721593249,58.87928577361753,0.2
70,19,0,9.93089370218117,6.31958018789528,3.329977203546637,54.45752650211636,53.74237268692502,0.2
70,19,1,10.42483130057778,5.3094658973388755,2.9952761809867967,54.45752650211636,53.74237268692502,0.2
70,19,2,8.767368278314327,9.815112807434556,4.623613529140968,54.45752650211636,53.74237268692502,0.2
70,19,3,12.251860812578999,12.568107851180347,5.872810955100268,54.45752650211636,53.74237268692502,0.2
70,19,4,6.838572055856465,7.61467819411462,3.432128566430035,54.45752650211636,53.74237268692502,0.2
70,19,5,13.325516156221397,13.436307734903595,6.209732737079716,54.45752650211636,53.74237268692502,0.2
70,19,6,6.4768362501847205,7.454688017900498,3.4528670107656474,54.45752650211636,53.74237268692502,0.2
70,19,7,8.158112196082492,8.864338633731968,4.102372627798429,54.45752650211636,53.74237268692502,0.2
70,19,8,11.498022583745842,11.81848385579764,5.400650944318316,54.45752650211636,53.74237268692502,0.2
70,19,9,15.05037063951635,14.97386174453207,7.002673702790693,54.45752650211636,53.74237268692502,0.2
70,20,0,6.736459324708005,6.935573550509897,3.5539979043219265,54.5478483728233,53.74237268692502,0.2
70,20,1,6.059367655128064,6.2441253222571484,3.3553004539884492,54.5478483728233,53.74237268692502,0.2
70,20,2,9.353452762095328,9.61186883964932,4.556383853893286,54.5478483728233,53.74237268692502,0.2
70,20,3,11.880547433957368,12.214092649855719,5.756518954288763,54.5478483728233,53.74237268692502,0.2
70,20,4,6.943108937892919,7.177793138473705,3.2930711686353926,54.5478483728233,53.74237268692502,0.2
70,20,5,12.562131643451464,12.907165502578286,6.037519752254924,54.5478483728233,53.74237268692502,0.2
70,20,6,6.985062284172824,7.236319800483421,3.3817511536454736,54.5478483728233,53.74237268692502,0.2
70,20,7,8.298995654542647,8.572538013510242,4.007368337962948,54.5478483728233,53.74237268692502,0.2
70,20,8,10.925379721698354,11.226873404141493,5.209955936656118,54.5478483728233,53.74237268692502,0.2
70,20,9,14.166231081945375,14.55492560423167,6.8649473389175295,54.5478483728233,53.74237268692502,0.2
71,0,0,2.0,2.0,1.5646294522459214,17.724244211191078,17.724244211191078,0.0
71,0,1,2.0,2.0,1.5462203462507667,17.724244211191078,17.724244211191078,0.0
71,0,2,2.0,2.0,1.3673966841041476,17.724244211191078,17.724244211191078,0.0
71,0,3,2.0,2.0,1.4610532229217437,17.724244211191078,17.724244211191078,0.0
71,0,4,2.0,2.0,1.3574190932108963,17.724244211191078,17.724244211191078,0.0
71,0,5,2.0,2.0,1.3860938413815644,17.724244211191078,17.724244211191078,0.0
71,0,6,2.0,2.0,1.5810422615393425,17.724244211191078,17.724244211191078,0.0
71,0,7,2.0,2.0,1.4191290985446976,17.724244211191078,17.724244211191078,0.0
71,0,8,2.0,2.0,1.351294526992201,17.724244211191078,17.724244211191078,0.0
71,0,9,2.0,2.0,1.4706305097959675,17.724244211191078,17.724244211191078,0.0
71,1,0,3.165205651278628,3.87293339884373,2.4849549751122035,17.724244211191078,26.14239053910826,0.0
71,1,1,3.1279644973126137,3.823455268018459,2.4337143130715764,17.724244211191078,26.14239053910826,0.0
71,1,2,2.766208769656878,3.342831138162664,1.9590865937167687,17.724244211191078,26.14239053910826,0.0
71,1,3,2.95567356946563,3.594551698709095,2.2024007871742626,17.724244211191078,26.14239053910826,0.0
71,1,4,2.746024356640663,2.7336345147012726,1.689317461290809,17.724244211191078,26.14239053910826,0.0
71,1,5,2.8040326440524264,3.393083464053783,2.006724794887694,17.724244211191078,26.14239053910826,0.0
71,1,6,3.198408347708971,3.9170460855567004,2.5310082381737593,17.724244211191078,26.14239053910826,0.0
71,1,7,2.870862130429599,3.4818722828152238,2.0920395663104845,17.724244211191078,26.14239053910826,0.0
71,1,8,2.7336345147012713,3.030631276915506,1.8075994124455856,17.724244211191078,26.14239053910826,0.0
71,1,9,2.9750481776162663,3.6202925604890575,2.227938211451609,17.724244211191078,26.14239053910826,0.0
71,2,0,5.0270008142233555,6.9621453419848125,3.74636997234695,28.342196850325873,38.02759414256511,0.2
71,2,1,4.923342256068617,6.894970336498201,3.677249251401804,28.342196850325873,38.02759414256511,0.2
71,2,2,3.963182432029206,5.832956599684671,2.892648389455672,28.342196850325873,38.02759414256511,0.2
71,2,3,4.455400866919637,6.335991169410318,3.2750296332721964,28.342196850325873,38.02759414256511,0.2
71,2,4,3.41744632737548,5.155992086672037,2.633974257250545,28.342196850325873,38.02759414256511,0.2
71,2,5,4.0595533033217786,4.583258343511211,2.476815594034928,28.342196850325873,38.02759414256511,0.2
71,2,6,5.120165395966986,7.203881321721852,3.877207700120756,28.342196850325873,38.02759414256511,0.2
71,2,7,4.232142919513228,4.0323109241897415,2.318401861564795,28.342196850325873,38.02759414256511,0.2
71,2,8,3.656727711029581,5.904224572296455,2.882989285486764,28.342196850325873,38.02759414256511,0.2
71,2,9,4.507062427761234,6.503285598948275,3.3571871607768458,28.342196850325873,38.02759414256511,0.2
71,3,0,7.578811322535,10.42092690507985,4.968496049557456,41.48543349278569,49.43257754954424,0.2
71,3,1,7.438981859244517,10.340846936662501,4.883595261117293,41.48543349278569,49.43257754954424,0.2
71,3,2,5.851754238886745,6.229742037988119,3.0290229930967625,41.48543349278569,49.43257754954424,0.2
71,3,3,6.6253017853257345,9.383088730613068,4.311090262538798,41.48543349278569,49.43257754954424,0.2
71,3,4,5.32846303794457,5.509963992810476,2.7592883619171342,41.48543349278569,49.43257754954424,0.2
71,3,5,5.0105350529872235,7.562221023181845,3.5166260869596293,41.48543349278569,49.43257754954424,0.2
71,3,6,7.843492723460728,10.92743259873693,5.190212955148674,41.48543349278569,49.43257754954424,0.2
71,3,7,4.690068094797946,7.310260201486329,3.5160406952877397,41.48543349278569,49.43257754954424,0.2
71,3,8,5.832214116831141,9.210615766876955,3.9357824667222787,41.48543349278569,49.43257754954424,0.2
71,3,9,6.791504377242635,9.735816658082078,4.452903109325562,41.48543349278569,49.43257754954424,0.2
71,4,0,10.05114134330063,12.39105781246765,5.608753742963233,50.130170123765424,52.918868401485,0.2
71,4,1,9.87938920417077,12.195827585933127,5.481485630981498,50.130170123765424,52.918868401485,0.2
71,4,2,6.127636599094174,8.526587062922076,3.7732552681711087,50.130170123765424,52.918868401485,0.2
71,4,3,8.721226129658291,10.906445525976114,4.7898653376648035,50.130170123765424,52.918868401485,0.2
71,4,4,5.581970289585686,8.062208245131394,3.601726778603925,50.130170123765424,52.918868401485,0.2
71,4,5,7.114045276279876,9.296908631200136,4.063578285114825,50.130170123765424,52.918868401485,0.2
71,4,6,10.499669013257227,12.875341876318895,5.821750921738872,50.130170123765424,52.918868401485,0.2
71,4,7,7.112861043792487,9.428546402370635,4.20157604309254,50.130170123765424,52.918868401485,0.2
71,4,8,7.961987988907339,6.671935535038186,3.1405470911026927,50.130170123765424,52.918868401485,0.2
71,4,9,9.008109917656181,5.750398468451444,3.0801447928824337,50.130170123765424,52.918868401485,0.2
71,5,0,11.346366399005422,11.51636131394668,5.3285764549608245,48.91395523597342,47.748345417681726,0.2
71,5,1,11.088906240183848,11.146078604818223,5.146782999937753,48.91395523597342,47.748345417681726,0.2
71,5,2,7.633199593289315,7.830627069392131,3.554930416831993,48.91395523597342,47.748345417681726,0.2
71,5,3,9.689775949109084,4.68910409947092,2.6528210296500268,48.91395523597342,47.748345417681726,0.2
71,5,4,7.286201814515555,7.769213343003358,3.509594087808446,48.91395523597342,47.748345417681726,0.2
71,5,5,8.220515684397945,5.581195036672185,2.84302498569716,48.91395523597342,47.748345417681726,0.2
71,5,6,11.777254283034013,11.660977694268341,5.431714781285455,48.91395523597342,47.748345417681726,0.2
71,5,7,8.49968164461163,8.932454087262363,4.045576920150587,48.91395523597342,47.748345417681726,0.2
71,5,8,6.353247017430232,6.472249561284731,3.0744518736415927,48.91395523597342,47.748345417681726,0.2
71,5,9,6.2310547019254034,7.517582136852,3.715671419986724,48.91395523597342,47.748345417681726,0.2
71,6,0,10.779574859914698,10.105778332290551,4.862832847308473,43.16964066808019,42.89380623818321,0.2
71,6,1,10.411811316681812,9.657681633689695,4.65544720687745,43.16964066808019,42.89380623818321,0.2
71,6,2,7.19153396295033,4.155323839984124,2.2813763673177108,43.16964066808019,42.89380623818321,0.2
71,6,3,5.3665895799328815,6.0394835479575315,3.166976942269334,43.16964066808019,42.89380623818321,0.2
71,6,4,7.099819720560492,4.7434465620229975,2.4846130690438626,43.16964066808019,42.89380623818321,0.2
71,6,5,5.751367353169707,6.08156448783461,3.019133786787206,43.16964066808019,42.89380623818321,0.2
71,6,6,10.988221075079279,10.040511153500695,4.891607001381803,43.16964066808019,42.89380623818321,0.2
71,6,7,8.184099380183712,7.8280759934715,3.6885819041120445,43.16964066808019,42.89380623818321,0.2
71,6,8,6.219538070861406,5.401208379520584,2.708773385766127,43.16964066808019,42.89380623818321,0.2
71,6,9,7.516708930638194,7.220062420445159,3.612112277023804,43.16964066808019,42.89380623818321,0.2
71,7,0,9.837387368255227,4.300094349687445,2.6737764472497423,41.695286814214185,45.08234467564429,0.2
71,7,1,9.417851483804075,10.652106145220763,4.986033895446145,41.695286814214185,45.08234467564429,0.2
71,7,2,4.615166460123977,6.523221632990539,3.128218063704556,41.695286814214185,45.08234467564429,0.2
71,7,3,6.406713935207489,8.095518228584762,3.8879108516096474,41.695286814214185,45.08234467564429,0.2
71,7,4,5.026309146929117,6.778794569093189,3.190066141507148,41.695286814214185,45.08234467564429,0.2
71,7,5,6.107630985846426,7.615450288218965,3.533934926405684,41.695286814214185,45.08234467564429,0.2
71,7,6,9.895596751283861,11.111179525939642,5.251152091594477,41.695286814214185,45.08234467564429,0.2
71,7,7,7.461907527907433,5.282336908311858,2.8007811584588214,41.695286814214185,45.08234467564429,0.2
71,7,8,5.479779775558318,6.773058416885857,3.173791522625345,41.695286814214185,45.08234467564429,0.2
71,7,9,7.307211414100147,8.710450530805192,4.119182252768318,41.695286814214185,45.08234467564429,0.2
71,8,0,5.408981857616466,9.353552701916447,4.606532318146793,48.044194304716264,53.569795444728875,0.2
71,8,1,10.08661996019516,6.0571743470472255,3.358454267471163,48.044194304716264,53.569795444728875,0.2
71,8,2,6.328305708074632,9.48392844632265,4.065044587563341,48.044194304716264,53.569795444728875,0.2
71,8,3,7.865144927137773,11.028549883470209,4.827340442072596,48.044194304716264,53.569795444728875,0.2
71,8,4,6.453422798961856,9.373252317867282,4.002360208964793,48.044194304716264,53.569795444728875,0.2
71,8,5,7.149060618956115,7.221706070840501,3.4050187109710346,48.044194304716264,53.569795444728875,0.2
71,8,6,10.622947338860406,14.073792817497893,6.195984024021752,48.044194304716264,53.569795444728875,0.2
71,8,7,5.66590916336349,8.89049696354775,4.0322656368231,48.044194304716264,53.569795444728875,0.2
71,8,8,6.420499658225151,10.076289886756875,4.191210545240973,48.044194304716264,53.569795444728875,0.2
71,8,9,8.333001099010147,11.639259821448448,5.045803442904986,48.044194304716264,53.569795444728875,0.2
71,9,0,9.318897905997076,13.59493118023026,5.984865757841038,58.86976733404589,63.566631535222584,0.2
71,9,1,6.794067701909618,11.392161910797082,5.22606360222792,58.86976733404589,63.566631535222584,0.2
71,9,2,8.223481977017496,8.108632339615562,3.642812782701938,58.86976733404589,63.566631535222584,0.2
71,9,3,9.76558713372122,13.85420713199406,5.663073693497476,58.86976733404589,63.566631535222584,0.2
71,9,4,8.096673070856223,9.166527249140293,3.9403639790242915,58.86976733404589,63.566631535222584,0.2
71,9,5,6.888266388699564,10.697768913362756,4.483084094715274,58.86976733404589,63.566631535222584,0.2
71,9,6,12.534318346056091,17.18274815490352,7.125040203387385,58.86976733404589,63.566631535222584,0.2
71,9,7,8.157170992025446,11.921504666513941,4.951452981096429,58.86976733404589,63.566631535222584,0.2
71,9,8,8.478712505668858,13.553205084751474,5.1577279118732475,58.86976733404589,63.566631535222584,0.2
71,9,9,10.20753223697707,14.601159091107595,5.913623999793563,58.86976733404589,63.566631535222584,0.2
71,10,0,12.10723145449583,16.12667118126155,6.74484254453105,66.18632992524427,65.84668308597307,0.2
71,10,1,10.572193961943539,14.85398831922521,6.292750913936706,66.18632992524427,65.84668308597307,0.2
71,10,2,7.369317757509481,11.460306130746158,4.640992628316361,66.18632992524427,65.84668308597307,0.2
71,10,3,11.456254279590416,15.067230538073721,6.005766497569698,66.18632992524427,65.84668308597307,0.2
71,10,4,7.971256271956029,11.658145755375136,4.662658338152186,66.18632992524427,65.84668308597307,0.2
71,10,5,9.069165284714208,12.619225173006315,5.032624410527477,66.18632992524427,65.84668308597307,0.2
71,10,6,14.413775405401562,18.35680103114835,7.462431924516322,66.18632992524427,65.84668308597307,0.2
71,10,7,10.016663648578383,13.528747172929855,5.409800063557272,66.18632992524427,65.84668308597307,0.2
71,10,8,10.433952595603312,9.384763974174144,3.9877265430613518,66.18632992524427,65.84668308597307,0.2
71,10,9,11.963111187006803,8.111347783291862,3.918751194329191,66.18632992524427,65.84668308597307,0.2
71,11,0,13.64464519588929,14.656012644345706,6.308143812735381,62.26448451789192,58.12292743725194,0.2
71,11,1,12.730075307153692,13.802633321797018,5.977557360453389,62.26448451789192,58.12292743725194,0.2
71,11,2,9.388610238419915,10.274179418266437,4.299287889084013,62.26448451789192,58.12292743725194,0.2
71,11,3,12.149513120234705,7.552927434816032,3.7036143503663674,62.26448451789192,58.12292743725194,0.2
71,11,4,9.432439419260705,10.422549769434273,4.310967422824277,62.26448451789192,58.12292743725194,0.2
71,11,5,10.180871389132365,6.548118138248352,3.1794587235002907,62.26448451789192,58.12292743725194,0.2
71,11,6,15.096310289861913,15.594520818024552,6.6573732405817045,62.26448451789192,58.12292743725194,0.2
71,11,7,10.9438881575953,11.901991506894449,4.9457783985991215,62.26448451789192,58.12292743725194,0.2
71,11,8,8.067069536326043,8.88163378378564,3.8368429606985375,62.26448451789192,58.12292743725194,0.2
71,11,9,7.927534157330994,10.14019053684706,4.581575582851189,62.26448451789192,58.12292743725194,0.2
71,12,0,12.761214750551737,12.07230390916347,5.507361902534182,52.31069161592102,49.02461962890749,0.2
71,12,1,12.092446752162655,11.380615968584872,5.222355411964953,52.31069161592102,49.02461962890749,0.2
71,12,2,8.697350227856774,8.093823954072878,3.6381546265487303,52.31069161592102,49.02461962890749,0.2
71,12,3,7.492317784961222,8.05875443616081,3.875543226646655,52.31069161592102,49.02461962890749,0.2
71,12,4,8.72097762803508,5.907666787666885,2.897237853599185,52.31069161592102,49.02461962890749,0.2
71,12,5,6.431964261688011,7.216095171496982,3.403166626288243,52.31069161592102,49.02461962890749,0.2
71,12,6,13.467697015106635,12.3005589508824,5.638581662052277,52.31069161592102,49.02461962890749,0.2
71,12,7,10.005184112280928,5.075424448970774,2.723526249302838,52.31069161592102,49.02461962890749,0.2
71,12,8,7.761835880590871,6.770711487688717,3.1730216583304762,52.31069161592102,49.02461962890749,0.2
71,12,9,9.268411064220114,8.942040433675459,4.195543373474576,52.31069161592102,49.02461962890749,0.2
71,13,0,11.141253280459107,11.314239256525399,5.262938012829127,46.39409130809305,47.384386262428734,0.2
71,13,1,10.564692387203582,10.728323663860177,5.010980282733444,46.39409130809305,47.384386262428734,0.2
71,13,2,7.359894425896039,5.513937803128526,2.7809733659245235,46.39409130809305,47.384386262428734,0.2
71,13,3,7.840125535888576,8.363743329447072,3.977640484118895,46.39409130809305,47.384386262428734,0.2
71,13,4,5.861038608308869,6.638512703565199,3.1437102429036705,46.39409130809305,47.384386262428734,0.2
71,13,5,6.884519668416239,7.480511712650964,3.489984932983625,46.39409130809305,47.384386262428734,0.2
71,13,6,11.406707521902607,11.414802948947647,5.351190045193431,46.39409130809305,47.384386262428734,0.2
71,13,7,5.5096244438738164,6.683609725380665,3.3022402439026166,46.39409130809305,47.384386262428734,0.2
71,13,8,6.418942242305786,4.941263339930122,2.5451631148177047,46.39409130809305,47.384386262428734,0.2
71,13,9,8.487477707161984,8.762581457484664,4.136423744097385,46.39409130809305,47.384386262428734,0.2
71,14,0,10.646789958238362,7.125950520647613,3.807855555676111,49.37532197920211,53.764875628637135,0.2
71,14,1,10.137085868214085,5.8975564192221315,3.2962554415711116,49.37532197920211,53.764875628637135,0.2
71,14,2,5.625838502045618,9.100079929711349,3.9491640081888524,49.37532197920211,53.764875628637135,0.2
71,14,3,8.046665695200614,11.278331050279407,4.903615694439947,49.37532197920211,53.764875628637135,0.2
71,14,4,6.359645993201738,9.445195230653486,4.023839170852123,49.37532197920211,53.764875628637135,0.2
71,14,5,7.060150898284889,10.084891093749807,4.30171353342914,49.37532197920211,53.764875628637135,0.2
71,14,6,10.825321578728666,14.210175574193283,6.237952919383162,49.37532197920211,53.764875628637135,0.2
71,14,7,6.680348159672401,9.936263044537565,4.358700860978455,49.37532197920211,53.764875628637135,0.2
71,14,8,5.148800351983093,9.05576290066442,3.8893457399481877,49.37532197920211,53.764875628637135,0.2
71,14,9,8.367880198155891,11.6854074776608,5.059799146463232,49.37532197920211,53.764875628637135,0.2
71,15,0,7.703195096307292,12.158214298662816,5.5347672160666175,59.09086375621192,63.59876306754581,0.2
71,15,1,6.668241056527772,11.326533267065283,5.204970712850511,59.09086375621192,63.59876306754581,0.2
71,15,2,7.989058507496915,12.07516801955573,4.813918719430566,59.09086375621192,63.59876306754581,0.2
71,15,3,9.919890032403902,14.033848505303034,5.714375675654723,59.09086375621192,63.59876306754581,0.2
71,15,4,8.140124465339296,7.960088817155668,3.569731044301788,59.09086375621192,63.59876306754581,0.2
71,15,5,8.70225724477261,8.965563440091742,3.9616485790396765,59.09086375621192,63.59876306754581,0.2
71,15,6,12.619220355656621,17.297272212164827,7.158249242017101,59.09086375621192,63.59876306754581,0.2
71,15,7,8.817541161326425,12.57557134424816,5.140085178919034,59.09086375621192,63.59876306754581,0.2
71,15,8,7.868047669810538,12.9229230688425,4.9886329635010185,59.09086375621192,63.59876306754581,0.2
71,15,9,10.235845189882687,14.655852631097261,5.929121325330202,59.09086375621192,63.59876306754581,0.2
71,16,0,11.196693533832462,15.66881727188836,6.610219107813953,67.73451329473167,68.00477047248684,0.2
71,16,1,10.5295235823445,15.108258460934405,6.367962112667582,67.73451329473167,68.00477047248684,0.2
71,16,2,9.73843532963402,8.225559611718865,3.67950454168037,67.73451329473167,68.00477047248684,0.2
71,16,3,11.560036886783976,15.588400869799091,6.150439283103438,67.73451329473167,68.00477047248684,0.2
71,16,4,7.221475256489587,11.338126625867154,4.572691145507999,67.73451329473167,68.00477047248684,0.2
71,16,5,8.01431447730759,12.057275427516235,4.874679467685321,67.73451329473167,68.00477047248684,0.2
71,16,6,14.4809564472728,18.977752520940424,7.638249268468972,67.73451329473167,68.00477047248684,0.2
71,16,7,10.398261794838623,14.160071807517939,5.585302856218728,67.73451329473167,68.00477047248684,0.2
71,16,8,10.091877808872068,9.430986117824007,4.0014647436133295,67.73451329473167,68.00477047248684,0.2
71,16,9,11.99446188304404,16.24317471703114,6.371654460979995,67.73451329473167,68.00477047248684,0.2
71,17,0,13.37230540190174,15.62980096813457,6.5986929075533025,66.0468905756793,61.60983802029696,0.2
71,17,1,12.882225652349288,15.099884863288677,6.365491342740176,66.0468905756793,61.60983802029696,0.2
71,17,2,7.443544254209501,10.261921816441161,4.295696762739573,66.0468905756793,61.60983802029696,0.2
71,17,3,12.442182491695343,6.9199455734179205,3.4835088218687758,66.0468905756793,61.60983802029696,0.2
71,17,4,9.250438073077241,11.300779358511246,4.562142364608417,66.0468905756793,61.60983802029696,0.2
71,17,5,9.861352780456517,11.930131080451382,4.838639737071235,66.0468905756793,61.60983802029696,0.2
71,17,6,15.451984312150646,17.15058595441624,7.1157020606874415,66.0468905756793,61.60983802029696,0.2
71,17,7,11.298925850609347,13.155937305604025,5.305009485973334,66.0468905756793,61.60983802029696,0.2
71,17,8,8.094861567188751,10.17174401403761,4.2189639673131705,66.0468905756793,61.60983802029696,0.2
71,17,9,12.889695179225546,8.174212968513759,3.939986544084273,66.0468905756793,61.60983802029696,0.2
71,18,0,13.348988191459092,12.788426451623964,5.734063276662179,55.68668364551504,51.61843040475173,0.2
71,18,1,12.877227347526373,12.221769480579548,5.489644844000725,55.68668364551504,51.61843040475173,0.2
71,18,2,8.690085470451395,8.372038744299694,3.7252496802105344,55.68668364551504,51.61843040475173,0.2
71,18,3,7.047049889947352,8.176391111402703,3.9150579955256144,55.68668364551504,51.61843040475173,0.2
71,18,4,9.22909815718244,6.534573848565371,3.1091741330145646,55.68668364551504,51.61843040475173,0.2
71,18,5,9.788445320580621,9.490791995274972,4.122715400870933,55.68668364551504,51.61843040475173,0.2
71,18,6,14.394884579842907,13.252086358752276,5.940478960006703,55.68668364551504,51.61843040475173,0.2
71,18,7,10.731899480088735,5.640251544138701,2.9323097157141156,55.68668364551504,51.61843040475173,0.2
71,18,8,8.534856973778634,7.457451423508816,3.3950198981446973,55.68668364551504,51.61843040475173,0.2
71,18,9,7.970492730656572,8.531417308003517,4.059732371289573,55.68668364551504,51.61843040475173,0.2
71,19,0,11.599864403695069,11.460061164794338,5.310328149786301,47.74195211151775,47.42518773221943,0.2
71,19,1,11.105412120934956,10.91960358671096,5.073354358215635,47.74195211151775,47.42518773221943,0.2
71,19,2,7.536085507850329,5.075529373933542,2.6242817928256046,47.74195211151775,47.42518773221943,0.2
71,19,3,7.920062909932709,8.328406303150253,3.965869073108024,47.74195211151775,47.42518773221943,0.2
71,19,4,6.289780319871056,6.897178100251936,3.2289622303454606,47.74195211151775,47.42518773221943,0.2
71,19,5,8.340148567904558,5.73496450859284,2.897631479584051,47.74195211151775,47.42518773221943,0.2
71,19,6,12.017438089590339,11.597769381590737,5.411088163009937,47.74195211151775,47.42518773221943,0.2
71,19,7,5.9319880947880455,7.021982063280815,3.418398657270582,47.74195211151775,47.42518773221943,0.2
71,19,8,6.868039044251604,6.50729322633175,3.0860949559495423,47.74195211151775,47.42518773221943,0.2
71,19,9,8.212735498388694,8.410160697313659,4.019255183985172,47.74195211151775,47.42518773221943,0.2
71,20,0,10.742659001925608,11.036342367416076,5.172114364458855,48.1359832127241,47.42518773221943,0.2
71,20,1,10.26326703905049,10.564096056344143,4.957161017360996,48.1359832127241,47.42518773221943,0.2
71,20,2,5.308855428533537,5.503260951426918,2.777202835530924,48.1359832127241,47.42518773221943,0.2
71,20,3,8.022852429636908,8.272533674550967,3.9472262491716434,48.1359832127241,47.42518773221943,0.2
71,20,4,6.532108598993897,6.74143674893767,3.1777496644752565,48.1359832127241,47.42518773221943,0.2
71,20,5,5.861834903680914,6.039865284510691,3.004628022617906,48.1359832127241,47.42518773221943,0.2
71,20,6,10.946493950079347,11.28316854345649,5.307918363624759,48.1359832127241,47.42518773221943,0.2
71,20,7,6.915333680306748,7.114594697467901,3.449896159750857,48.1359832127241,47.42518773221943,0.2
71,20,8,6.243091730717754,6.5669445183523605,3.105870643352436,48.1359832127241,47.42518773221943,0.2
71,20,9,8.130851176308573,8.409251438326889,4.018951001662416,48.1359832127241,47.42518773221943,0.2
72,0,0,2.0,2.0,1.6266272006000109,17.81904095877366,17.81904095877366,0.0
72,0,1,2.0,2.0,1.3759091607389253,17.81904095877366,17.81904095877366,0.0
72,0,2,2.0,2.0,1.5781341492840126,17.81904095877366,17.81904095877366,0.0
72,0,3,2.0,2.0,1.641409865621502,17.81904095877366,17.81904095877366,0.0
72,0,4,2.0,2.0,1.5602507560097725,17.81904095877366,17.81904095877366,0.0
72,0,5,2.0,2.0,1.3738247791092677,17.81904095877366,17.81904095877366,0.0
72,0,6,2.0,2.0,1.5270382645965102,17.81904095877366,17.81904095877366,0.0
72,0,7,2.0,2.0,1.720082745999547,17.81904095877366,17.81904095877366,0.0
72,0,8,2.0,2.0,1.6238180684231254,17.81904095877366,17.81904095877366,0.0
72,0,9,2.0,2.0,1.7443432413195399,17.81904095877366,17.81904095877366,0.0
72,1,0,3.290625521890952,3.951879248630561,2.620170783079781,17.81904095877366,27.617983232234508,0.0
72,1,1,2.7834292937318272,2.7792126426237043,1.732263716644902,17.81904095877366,27.617983232234508,0.0
72,1,2,3.192525310462094,3.8253185353616566,2.4847931666790832,17.81904095877366,27.617983232234508,0.0
72,1,3,3.3205304778534117,3.9904601293621864,2.6620249743329785,17.81904095877366,27.617983232234508,0.0
72,1,4,3.1563476599810736,3.778645147174401,2.435615230651244,17.81904095877366,27.617983232234508,0.0
72,1,5,2.7792126426237056,3.0467265609656407,1.8445642339783201,17.81904095877366,27.617983232234508,0.0
72,1,6,3.089159633216397,3.691964757126168,2.3453583337734,17.81904095877366,27.617983232234508,0.0
72,1,7,3.4796837171187915,4.195786368593486,2.8893336791853153,17.81904095877366,27.617983232234508,0.0
72,1,8,3.284942718829368,3.944547769948046,2.612248127297003,17.81904095877366,27.617983232234508,0.0
72,1,9,3.528762083104702,4.259103184273884,2.960967653887657,17.81904095877366,27.617983232234508,0.0
72,2,0,5.300538960208551,7.258360299515533,4.010088885652984,29.941956387118147,41.08867007361902,0.2
72,2,1,3.504325511423119,5.272094989212265,2.71179604970217,29.941956387118147,41.08867007361902,0.2
72,2,2,5.026673479871952,7.046580636257026,3.810726840624228,29.941956387118147,41.08867007361902,0.2
72,2,3,5.385208926310848,7.365819054331715,4.088375476783259,29.941956387118147,41.08867007361902,0.2
72,2,4,4.927187764062309,6.84549861413926,3.691959816836184,29.941956387118147,41.08867007361902,0.2
72,2,5,3.731506606343082,4.780151612478456,2.5282471031808877,29.941956387118147,41.08867007361902,0.2
72,2,6,4.744600353570613,4.1743261848567546,2.5558737070460014,29.941956387118147,41.08867007361902,0.2
72,2,7,5.845048664180206,8.007894440032846,4.542460717564216,29.941956387118147,41.08867007361902,0.2
72,2,8,5.284511628739884,7.282286892469363,4.012396303513025,29.941956387118147,41.08867007361902,0.2
72,2,9,5.989962376002476,8.13109560056433,4.656024929557221,29.941956387118147,41.08867007361902,0.2
72,3,0,8.112307987542248,11.164852474192932,5.420809252908941,44.824852270582134,54.38102500346093,0.2
72,3,1,5.485894547946468,6.978035464638792,3.299757205274049,44.824852270582134,54.38102500346093,0.2
72,3,2,7.709003632846833,10.863907509204667,5.159565882865036,44.824852270582134,54.38102500346093,0.2
72,3,3,8.270679773468428,11.361281131853527,5.537263070738942,44.824852270582134,54.38102500346093,0.2
72,3,4,7.468740959573074,6.035698853100822,3.38051368746487,44.824852270582134,54.38102500346093,0.2
72,3,5,5.114579689989872,7.975692376561282,3.617830574755032,44.824852270582134,54.38102500346093,0.2
72,3,6,5.170467608087011,8.124233446453358,4.073583273521811,44.824852270582134,54.38102500346093,0.2
72,3,7,9.189282684987823,12.587831162035084,6.234390177200337,44.824852270582134,54.38102500346093,0.2
72,3,8,8.116975835280881,11.235879487012848,5.435522818696232,44.824852270582134,54.38102500346093,0.2
72,3,9,9.419020202115147,12.780558183044791,6.389925946889483,44.824852270582134,54.38102500346093,0.2
72,4,0,10.966159468097528,12.86810772055515,5.98724892678103,55.14845007214015,60.20053883554008,0.2
72,4,1,6.675325035578575,6.889363912393692,3.2703493899621976,55.14845007214015,60.20053883554008,0.2
72,4,2,10.437670764248127,12.299462991785594,5.627859228266687,55.14845007214015,60.20053883554008,0.2
72,4,3,11.201742584457373,13.121993056462028,6.124856315945568,55.14845007214015,60.20053883554008,0.2
72,4,4,6.838693348402328,9.168166699301478,4.529717895185943,55.14845007214015,60.20053883554008,0.2
72,4,5,7.318779385205764,7.606720494771758,3.499843053664676,55.14845007214015,60.20053883554008,0.2
72,4,6,8.240755521888737,10.19232198531396,4.774414465621701,55.14845007214015,60.20053883554008,0.2
72,4,7,12.612013018689433,14.640320230199581,6.929689027196345,55.14845007214015,60.20053883554008,0.2
72,4,8,10.995924638063837,12.901185916675999,5.987659787965073,55.14845007214015,60.20053883554008,0.2
72,4,9,12.92665793125284,14.974214773501897,7.139236852054503,55.14845007214015,60.20053883554008,0.2
72,5,0,12.112052544745659,12.220359118178656,5.774651921859945,55.64454703457822,55.86599418251988,0.2
72,5,1,6.6158337719549625,7.247310097013066,3.388383483974243,55.64454703457822,55.86599418251988,0.2
72,5,2,11.385016310628977,5.478209646553386,3.194993467291895,55.64454703457822,55.86599418251988,0.2
72,5,3,12.390428798762915,12.475301877458353,5.911964082383138,55.64454703457822,55.86599418251988,0.2
72,5,4,9.163504278894896,9.788936887997563,4.742291815800475,55.64454703457822,55.86599418251988,0.2
72,5,5,7.080093626095528,6.530878949441757,3.145505813878687,55.64454703457822,55.86599418251988,0.2
72,5,6,9.658519227309677,10.072535224480113,4.735066461813388,55.64454703457822,55.86599418251988,0.2
72,5,7,14.018584936516906,13.831840953208541,6.659541553080728,55.64454703457822,55.86599418251988,0.2
72,5,8,12.112883706487983,12.128966782209783,5.734466727650166,55.64454703457822,55.86599418251988,0.2
72,5,9,14.442494865159828,14.346473804823418,6.928393868264001,55.64454703457822,55.86599418251988,0.2
72,6,0,11.681974202263222,11.133467589711548,5.410138058819142,50.50886838753907,51.62811501718653,0.2
72,6,1,6.854613746903151,5.70516161703861,2.865868978014465,50.50886838753907,51.62811501718653,0.2
72,6,2,6.4633906539048835,7.285714407334904,3.9007976384077856,50.50886838753907,51.62811501718653,0.2
72,6,3,11.959753216235775,11.375044441227063,5.541957792731707,50.50886838753907,51.62811501718653,0.2
72,6,4,9.593535922411355,9.341377161362693,4.5894541953905525,50.50886838753907,51.62811501718653,0.2
72,6,5,6.363278387689289,6.3138705570198335,3.0719724754771396,50.50886838753907,51.62811501718653,0.2
72,6,6,9.578919214768797,4.858760046705877,2.84247555807029,50.50886838753907,51.62811501718653,0.2
72,6,7,13.472083456232228,12.552620068310972,6.22217772065432,50.50886838753907,51.62811501718653,0.2
72,6,8,11.600680574798941,10.969506022270894,5.344995233014448,50.50886838753907,51.62811501718653,0.2
72,6,9,14.015964862884726,13.156521231998495,6.520932422035427,50.50886838753907,51.62811501718653,0.2
72,7,0,10.944571913427353,5.429511452391037,3.272649996368984,50.18554546932668,54.48351823765181,0.2
72,7,1,5.797580169550421,7.241836391733726,3.386591870264995,50.18554546932668,54.48351823765181,0.2
72,7,2,7.8912145695964,9.50024500143534,4.697180880834306,50.18554546932668,54.48351823765181,0.2
72,7,3,11.211239887835722,12.380743570742924,5.880560906908357,50.18554546932668,54.48351823765181,0.2
72,7,4,9.284349297325743,10.537856883927265,4.993442024817107,50.18554546932668,54.48351823765181,0.2
72,7,5,6.214522311334043,6.537770860754069,3.147829020617946,50.18554546932668,54.48351823765181,0.2
72,7,6,5.750255875032156,7.887590169696065,3.9901567667759257,50.18554546932668,54.48351823765181,0.2
72,7,7,12.587307529207584,13.714150617331915,6.6198261316091545,50.18554546932668,54.48351823765181,0.2
72,7,8,10.812789630995367,11.973111379933904,5.682785823259352,50.18554546932668,54.48351823765181,0.2
72,7,9,13.191680703827405,14.329754895490437,6.922740993940622,50.18554546932668,54.48351823765181,0.2
72,8,0,6.620487840296624,10.913379378321274,5.33505020003472,58.063012370970604,64.26679062078858,0.2
72,8,1,6.8509893578637655,7.39481098165323,3.4365108502079975,58.063012370970604,64.26679062078858,0.2
72,8,2,9.502277646476168,13.278558131725886,5.937840999781186,58.063012370970604,64.26679062078858,0.2
72,8,3,11.896225389670711,8.318395645142825,4.451678000579515,58.063012370970604,64.26679062078858,0.2
72,8,4,10.101606417798086,13.63796878062066,5.9813358568506665,58.063012370970604,64.26679062078858,0.2
72,8,5,6.367978175929652,9.836517059683894,4.18985789001552,58.063012370970604,64.26679062078858,0.2
72,8,6,8.071985817189988,11.620041023704797,5.23328378342103,58.063012370970604,64.26679062078858,0.2
72,8,7,13.391740167088406,17.38202119980216,7.8144521322264975,58.063012370970604,64.26679062078858,0.2
72,8,8,11.496131417548842,15.168494114268729,6.70619379917021,58.063012370970604,64.26679062078858,0.2
72,8,9,14.004529241671893,17.961479318930863,8.108684852147094,58.063012370970604,64.26679062078858,0.2
72,9,0,10.792671081811468,15.87680045362075,6.935872864497372,70.62507854925812,74.19435144844432,0.2
72,9,1,6.951974186696466,11.543168468976065,4.693494238457054,70.62507854925812,74.19435144844432,0.2
72,9,2,12.012101563039806,17.173466392947052,7.109245239746921,70.62507854925812,74.19435144844432,0.2
72,9,3,9.0056315537721,14.37324550144995,6.5280644424270005,70.62507854925812,74.19435144844432,0.2
72,9,4,12.100090554427037,8.514738129940186,4.3012363935512115,70.62507854925812,74.19435144844432,0.2
72,9,5,8.475976118495723,10.036130890978598,4.249196059407041,70.62507854925812,74.19435144844432,0.2
72,9,6,10.586800205155235,15.216016304537156,6.32032772695039,70.62507854925812,74.19435144844432,0.2
72,9,7,15.808438231215145,21.42940010670155,9.04764083554196,70.62507854925812,74.19435144844432,0.2
72,9,8,13.566459765431388,18.66646250081526,7.754606915186627,70.62507854925812,74.19435144844432,0.2
72,9,9,16.403663552166968,21.96008648124465,9.333720294238239,70.62507854925812,74.19435144844432,0.2
72,10,0,14.031094682350785,17.87768729676098,7.536764914202279,77.25203782168707,77.20351576009571,0.2
72,10,1,9.494819662561847,10.811524469032467,4.483215551547981,77.25203782168707,77.20351576009571,0.2
72,10,2,14.381822595038201,18.104390878985438,7.37686206564419,77.25203782168707,77.20351576009571,0.2
72,10,3,13.206108599976261,17.24968198665302,7.417248124804598,77.25203782168707,77.20351576009571,0.2
72,10,4,8.701292002915565,13.24831319740193,5.861190206718929,77.25203782168707,77.20351576009571,0.2
72,10,5,8.596015728401424,12.170612853750166,4.86327761795046,77.25203782168707,77.20351576009571,0.2
72,10,6,12.78586249962273,9.387459863973056,4.5072597622143755,77.25203782168707,77.20351576009571,0.2
72,10,7,18.303147663677986,22.32087902406372,9.309497681347072,77.25203782168707,77.20351576009571,0.2
72,10,8,15.687372876792287,19.397814254594653,7.966055540600088,77.25203782168707,77.20351576009571,0.2
72,10,9,18.881879144208664,22.8933317151008,9.609642928859058,77.25203782168707,77.20351576009571,0.2
72,11,0,15.246684040459984,16.226490334426295,7.042457749476652,73.0034815192585,69.11203446453214,0.2
72,11,1,9.069431218548694,10.26286078665759,4.322715682785881,73.0034815192585,69.11203446453214,0.2
72,11,2,14.923204638237875,7.948374830021708,4.145889839490043,73.0034815192585,69.11203446453214,0.2
72,11,3,15.004904610396718,16.129220091486648,7.0766122538716605,73.0034815192585,69.11203446453214,0.2
72,11,4,11.857038955067429,13.3577133862573,5.895028230104556,73.0034815192585,69.11203446453214,0.2
72,11,5,9.838287127969911,9.257168312488833,4.015550207643661,73.0034815192585,69.11203446453214,0.2
72,11,6,9.118072046172488,11.480057612863561,5.189072876978553,73.0034815192585,69.11203446453214,0.2
72,11,7,18.832877413414323,19.303319722529906,8.409511045531145,73.0034815192585,69.11203446453214,0.2
72,11,8,16.115128076691587,16.77705533985184,7.196434692452208,73.0034815192585,69.11203446453214,0.2
72,11,9,19.44006362754679,20.006401081554575,8.74438417639826,73.0034815192585,69.11203446453214,0.2
72,12,0,14.246713198155302,13.738318767376041,6.267878159342803,62.20089870259945,59.47948896614203,0.2
72,12,1,8.744744059613998,7.338381060892245,3.4181329197619714,62.20089870259945,59.47948896614203,0.2
72,12,2,8.387029868762804,9.557758134476646,4.717068098393384,62.20089870259945,59.47948896614203,0.2
72,12,3,14.315806893261527,13.848003477993338,6.360145590102452,62.20089870259945,59.47948896614203,0.2
72,12,4,11.925492417128073,11.73524155544145,5.384158399268797,62.20089870259945,59.47948896614203,0.2
72,12,5,8.123356103250112,8.111697775285844,3.660906029838502,62.20089870259945,59.47948896614203,0.2
72,12,6,10.497362664069064,10.774491515177894,4.963713096337391,62.20089870259945,59.47948896614203,0.2
72,12,7,17.012227302507377,15.871684654050025,7.332709178246175,62.20089870259945,59.47948896614203,0.2
72,12,8,14.558204643860385,6.120436631651222,3.5527451613830703,62.20089870259945,59.47948896614203,0.2
72,12,9,17.68966714282259,16.629857368386673,7.683036863192621,62.20089870259945,59.47948896614203,0.2
72,13,0,12.679758356203752,6.071772406296094,3.5390595655831927,56.287980670568274,58.01130377784712,0.2
72,13,1,6.914796100074699,8.001963934591307,3.6316699957064333,56.287980670568274,58.01130377784712,0.2
72,13,2,9.542508982602332,10.687455834073857,5.100760753087169,56.287980670568274,58.01130377784712,0.2
72,13,3,12.866413025684883,13.552222072793025,6.264745014002392,56.287980670568274,58.01130377784712,0.2
72,13,4,10.892015721858154,11.671158530945936,5.363560483941915,56.287980670568274,58.01130377784712,0.2
72,13,5,7.405919937025166,7.24328624816208,3.381935357898358,56.287980670568274,58.01130377784712,0.2
72,13,6,10.041465550389905,10.970526408605544,5.026759991763129,56.287980670568274,58.01130377784712,0.2
72,13,7,14.833884468205374,15.277178818399287,7.139348070193012,56.287980670568274,58.01130377784712,0.2
72,13,8,7.18711324666732,9.466113241779976,4.820993650293473,56.287980670568274,58.01130377784712,0.2
72,13,9,15.54258847898579,16.0101700783925,7.481490206125658,56.287980670568274,58.01130377784712,0.2
72,14,0,7.159427633882321,10.8059211772776,5.298223688760402,60.44874753892594,65.17278396095026,0.2
72,14,1,7.346776182366216,8.710681087676564,3.8539426249638415,60.44874753892594,65.17278396095026,0.2
72,14,2,10.31870947994538,13.363268270710247,5.96433188316542,60.44874753892594,65.17278396095026,0.2
72,14,3,12.673420082740021,15.60920416760807,6.916120880166892,60.44874753892594,65.17278396095026,0.2
72,14,4,10.85034666219446,13.69879478106184,5.9999973210078075,60.44874753892594,65.17278396095026,0.2
72,14,5,6.8415693515888165,9.64775428989805,4.133412155712917,60.44874753892594,65.17278396095026,0.2
72,14,6,10.169007818887195,7.550346915463591,3.869953595321347,60.44874753892594,65.17278396095026,0.2
72,14,7,14.442719856629873,17.62065203001386,7.889395444102449,60.44874753892594,65.17278396095026,0.2
72,14,8,9.752747735116055,12.951394496326854,6.0039621406443855,60.44874753892594,65.17278396095026,0.2
72,14,9,15.134864709610905,18.291442022568937,8.212672625280089,60.44874753892594,65.17278396095026,0.2
72,15,0,10.718171984638632,16.664930301212344,7.175125215767079,71.62884787923325,75.67751673477524,0.2
72,15,1,7.796428067188034,13.006507253488188,5.102479240330349,71.62884787923325,75.67751673477524,0.2
72,15,2,12.065691947443462,17.953622243091846,7.333805347837303,71.62884787923325,75.67751673477524,0.2
72,15,3,13.991136919612098,9.256048451123863,4.797267943364402,71.62884787923325,75.67751673477524,0.2
72,15,4,12.137842222546622,11.053803338841563,5.163350634842512,71.62884787923325,75.67751673477524,0.2
72,15,5,8.361787831327337,13.691411302017586,5.281096464770647,71.62884787923325,75.67751673477524,0.2
72,15,6,7.82881785365491,13.706523491809628,5.874596512550248,71.62884787923325,75.67751673477524,0.2
72,15,7,15.960046648105672,22.302806080619067,9.304220589588788,71.62884787923325,75.67751673477524,0.2
72,15,8,12.14586295199281,18.03635356613308,7.570428999480854,71.62884787923325,75.67751673477524,0.2
72,15,9,16.614028176654877,22.889098114877726,9.60839893515405,71.62884787923325,75.67751673477524,0.2
72,16,0,14.515096113637629,18.94756074441215,7.849723313040066,80.59873362536635,80.97484203726123,0.2
72,16,1,10.322185936000812,10.826799951400872,4.487648612094433,80.59873362536635,80.97484203726123,0.2
72,16,2,14.836101991453207,19.287864824985153,7.71119753224951,80.59873362536635,80.97484203726123,0.2
72,16,3,9.704751232465105,14.891937914182973,6.692091868552653,80.59873362536635,80.97484203726123,0.2
72,16,4,10.445327221392404,15.07624432729942,6.416210766323741,80.59873362536635,80.97484203726123,0.2
72,16,5,10.68352404541873,11.951768072188587,4.801897198160545,80.59873362536635,80.97484203726123,0.2
72,16,6,11.884159571338042,16.04146697442912,6.558428373654512,80.59873362536635,80.97484203726123,0.2
72,16,7,18.822201990788432,23.677299238114042,9.701990757289927,80.59873362536635,80.97484203726123,0.2
72,16,8,15.314785630146872,19.77564772511004,8.074355645836388,80.59873362536635,80.97484203726123,0.2
72,16,9,19.437547059870276,24.255529131983348,10.006414228283964,80.59873362536635,80.97484203726123,0.2
72,17,0,15.87979093436037,17.844195600983102,7.526878679152479,78.6435494783655,73.99236451445395,0.2
72,17,1,9.078399187465518,11.231363166258491,4.604383558808531,78.6435494783655,73.99236451445395,0.2
72,17,2,15.599556797404382,9.533863812271269,4.708810155570591,78.6435494783655,73.99236451445395,0.2
72,17,3,13.537931917882208,16.21528136172813,7.103022405488232,78.6435494783655,73.99236451445395,0.2
72,17,4,12.979831453518274,15.22317777811011,6.459919827864817,78.6435494783655,73.99236451445395,0.2
72,17,5,9.714116097367096,8.484534370366061,3.7778956468204026,78.6435494783655,73.99236451445395,0.2
72,17,6,13.267534061818614,15.246829131141457,6.329284186943296,78.6435494783655,73.99236451445395,0.2
72,17,7,19.62688093947526,21.26715806654772,8.999636404415282,78.6435494783655,73.99236451445395,0.2
72,17,8,16.334216439521487,18.129991170894773,7.597919491396418,78.6435494783655,73.99236451445395,0.2
72,17,9,20.242721891075046,21.964424549402047,9.335010925793947,78.6435494783655,73.99236451445395,0.2
72,18,0,15.226684437995276,14.569152469854407,6.530869942628329,66.87875714821055,62.33985323028553,0.2
72,18,1,9.31455102041919,6.926775585858344,3.2827706923110274,66.87875714821055,62.33985323028553,0.2
72,18,2,9.525803373965653,10.328445673551192,4.98020705682329,66.87875714821055,62.33985323028553,0.2
72,18,3,14.369233959349222,14.036488611689167,6.420620140947626,66.87875714821055,62.33985323028553,0.2
72,18,4,13.068253775112254,12.629523435090283,5.668188425422226,66.87875714821055,62.33985323028553,0.2
72,18,5,7.642586961463763,7.981491662441767,3.61967179199535,66.87875714821055,62.33985323028553,0.2
72,18,6,12.803981190757108,5.830931431765809,3.2295757609345355,66.87875714821055,62.33985323028553,0.2
72,18,7,18.2060359184846,16.89276976515632,7.659826746166921,66.87875714821055,62.33985323028553,0.2
72,18,8,15.370398197226363,14.531416809766018,6.507766239146394,66.87875714821055,62.33985323028553,0.2
72,18,9,18.88449005907287,17.665352558703173,8.014871547869696,66.87875714821055,62.33985323028553,0.2
72,19,0,13.21178405564352,13.317873921892092,6.132978790710423,57.65820975612928,57.30416892528935,0.2
72,19,1,6.64096175119268,7.5639976153525,3.4913608162375684,57.65820975612928,57.30416892528935,0.2
72,19,2,10.074832413621959,10.675384647021403,5.096727251345209,57.65820975612928,57.30416892528935,0.2
72,19,3,12.988751506415204,13.211464676086875,6.154059912471125,57.65820975612928,57.30416892528935,0.2
72,19,4,11.466601252395863,11.683506924740378,5.367532205799744,57.65820975612928,57.30416892528935,0.2
72,19,5,7.322504120928923,5.507791422525065,2.791866117573235,57.65820975612928,57.30416892528935,0.2
72,19,6,6.533349755796222,8.464770969626903,4.192369677464237,57.65820975612928,57.30416892528935,0.2
72,19,7,15.495635001616993,15.23322402031099,7.124963153645944,57.65820975612928,57.30416892528935,0.2
72,19,8,13.1650458501716,6.225495752664675,3.595324807749271,57.65820975612928,57.30416892528935,0.2
72,19,9,16.21388161981378,15.989569740502526,7.4747503843888135,57.65820975612928,57.30416892528935,0.2
72,20,0,12.406860358958324,12.737894836938313,5.944774627448242,58.16302781934703,57.30416892528935,0.2
72,20,1,7.06293427516983,7.303454952054899,3.40673704924487,58.16302781934703,57.30416892528935,0.2
72,20,2,10.310549808344051,10.627554322520572,5.080731613157959,58.16302781934703,57.30416892528935,0.2
72,20,3,12.449506932967578,12.781255781515645,6.013087322313126,58.16302781934703,57.30416892528935,0.2
72,20,4,10.858381354658968,11.169786098260204,5.201214974551897,58.16302781934703,57.30416892528935,0.2
72,20,5,5.647874262031464,5.85658888063647,2.9144839321902234,58.16302781934703,57.30416892528935,0.2
72,20,6,8.481057400722692,8.71498529525502,4.278736913542507,58.16302781934703,57.30416892528935,0.2
72,20,7,14.413619535731147,14.817137737405625,6.988168450598244,58.16302781934703,57.30416892528935,0.2
72,20,8,7.273250790041751,7.476262620278429,4.086914541126774,58.16302781934703,57.30416892528935,0.2
72,20,9,15.121230221381474,15.521108671101123,7.3207717698203405,58.16302781934703,57.30416892528935,0.2
73,0,0,2.0,2.0,1.5992358197308256,17.935319870778233,17.935319870778233,0.0
73,0,1,2.0,2.0,1.6591671626042266,17.935319870778233,17.935319870778233,0.0
73,0,2,2.0,2.0,1.7547764826442998,17.935319870778233,17.935319870778233,0.0
73,0,3,2.0,2.0,1.3735355089778567,17.935319870778233,17.935319870778233,0.0
73,0,4,2.0,2.0,1.4998677066461086,17.935319870778233,17.935319870778233,0.0
73,0,5,2.0,2.0,1.4549545401645778,17.935319870778233,17.935319870778233,0.0
73,0,6,2.0,2.0,1.4234185063542555,17.935319870778233,17.935319870778233,0.0
73,0,7,2.0,2.0,1.400057027552632,17.935319870778233,17.935319870778233,0.0
73,0,8,2.0,2.0,1.393910655165681,17.935319870778233,17.935319870778233,0.0
73,0,9,2.0,2.0,1.587075560500682,17.935319870778233,17.935319870778233,0.0
73,1,0,3.23521345394156,3.9314631509935305,2.5667256946535337,17.935319870778233,27.173528912196424,0.0
73,1,1,3.3564530387386577,4.090660679575338,2.737944031985714,17.935319870778233,27.173528912196424,0.0
73,1,2,3.549868265373534,4.344630751494449,3.0204233479302443,17.935319870778233,27.173528912196424,0.0
73,1,3,2.7786274564932927,3.0701577925778563,1.8540924363594498,17.935319870778233,27.173528912196424,0.0
73,1,4,3.034194284424351,3.66750847778788,2.2929350132271096,17.935319870778233,27.173528912196424,0.0
73,1,5,2.9433360891116536,3.548204207904478,2.1733739220140795,17.935319870778233,27.173528912196424,0.0
73,1,6,2.879539493507459,3.4644340401897193,2.091000896347175,17.935319870778233,27.173528912196424,0.0
73,1,7,2.8322798151094952,3.4023782024440035,2.0308251824089893,17.935319870778233,27.173528912196424,0.0
73,1,8,2.819845859845446,2.778627456493293,1.7546688524289198,17.935319870778233,27.173528912196424,0.0
73,1,9,3.2106135583042805,3.8991614683757687,2.532540860637895,17.935319870778233,27.173528912196424,0.0
73,2,0,5.192420903452673,7.183098600044403,3.9139005935693936,29.4601025256416,39.96706884864846,0.2
73,2,1,5.53879125213071,7.64014579009294,4.239750489228286,29.4601025256416,39.96706884864846,0.2
73,2,2,6.110239735292982,8.359560261811357,4.775613942026749,29.4601025256416,39.96706884864846,0.2
73,2,3,3.7507819178105897,5.478004034180088,2.7807025673246777,29.4601025256416,39.96706884864846,0.2
73,2,4,4.638549307290147,6.522194816885099,3.430896322699824,29.4601025256416,39.96706884864846,0.2
73,2,5,4.396680255779388,6.257944514068154,3.2331855028738863,29.4601025256416,39.96706884864846,0.2
73,2,6,4.2300417165523845,4.779515600741966,2.6192703660497156,29.4601025256416,39.96706884864846,0.2
73,2,7,4.10830777529654,4.231690016931085,2.3658348327712866,29.4601025256416,39.96706884864846,0.2
73,2,8,3.549650532180873,5.3898200634318645,2.790075320714841,29.4601025256416,39.96706884864846,0.2
73,2,9,5.123265852294071,7.079408462654511,3.844806489260289,29.4601025256416,39.96706884864846,0.2
73,3,0,7.917721515165167,10.935519521970411,5.252657768891756,43.60126413483255,52.35547095138566,0.2
73,3,1,8.57690757978104,11.777174192445594,5.73981527730645,43.60126413483255,52.35547095138566,0.2
73,3,2,9.660945737618801,13.108600599655444,6.543200680721121,43.60126413483255,52.35547095138566,0.2
73,3,3,5.625290683354514,6.633408384477789,3.179322687678811,43.60126413483255,52.35547095138566,0.2
73,3,4,6.9406161401170525,9.78435635499811,4.557267703973286,43.60126413483255,52.35547095138566,0.2
73,3,5,6.5406521720774,5.789524440518379,3.061811509526024,43.60126413483255,52.35547095138566,0.2
73,3,6,5.298717439421006,7.964134764586168,3.7446275760097842,43.60126413483255,52.35547095138566,0.2
73,3,7,4.7860237910838705,7.624841733835169,3.572615782263201,43.60126413483255,52.35547095138566,0.2
73,3,8,5.644251525460613,8.408581931542251,3.8090780622749794,43.60126413483255,52.35547095138566,0.2
73,3,9,7.777945896653518,10.739265549719327,5.147055057911773,43.60126413483255,52.35547095138566,0.2
73,4,0,10.625993285799158,12.89985779712649,5.896590352904448,53.09431139964943,57.1976890445392,0.2
73,4,1,11.611500554937951,13.975158004087724,6.470217136274895,53.09431139964943,57.1976890445392,0.2
73,4,2,13.236728825690967,15.739343398203204,7.436891338921837,53.09431139964943,57.1976890445392,0.2
73,4,3,6.431689064675512,8.617311761949901,3.818380101849671,53.09431139964943,57.1976890445392,0.2
73,4,4,9.219236842499763,6.377448147632712,3.3774179944324287,53.09431139964943,57.1976890445392,0.2
73,4,5,6.193966935232208,8.801129069968894,4.104925694538559,53.09431139964943,57.1976890445392,0.2
73,4,6,7.57528649898956,9.696669106041911,4.29781199878184,53.09431139964943,57.1976890445392,0.2
73,4,7,7.227311008133413,9.368648543449217,4.126659082968129,53.09431139964943,57.1976890445392,0.2
73,4,8,7.7056681961137095,7.378363308946092,3.4760496104572027,53.09431139964943,57.1976890445392,0.2
73,4,9,10.412361683054888,12.666822854427997,5.7775537548653215,53.09431139964943,57.1976890445392,0.2
73,5,0,11.928652551885293,11.756724584592789,5.525759165377535,52.86895366506378,53.3446560508282,0.2
73,5,1,13.089084968546427,12.77857693387034,6.0772470463499015,52.86895366506378,53.3446560508282,0.2
73,5,2,15.044642333756022,14.557716804199323,7.041514778320306,52.86895366506378,53.3446560508282,0.2
73,5,3,7.7244859859667425,5.808524679459809,2.897109976624185,52.86895366506378,53.3446560508282,0.2
73,5,4,6.83243084000659,7.810936232338343,3.8924596757311436,52.86895366506378,53.3446560508282,0.2
73,5,5,8.30416044372794,8.53613333528796,4.018012284793081,52.86895366506378,53.3446560508282,0.2
73,5,6,8.694364539252739,8.797184587185347,4.014691737867655,52.86895366506378,53.3446560508282,0.2
73,5,7,8.348126536645317,6.5028179862483215,3.1959196183196497,52.86895366506378,53.3446560508282,0.2
73,5,8,7.031960094673396,7.3867514544832895,3.4788153794135233,52.86895366506378,53.3446560508282,0.2
73,5,9,11.68784453674689,11.568296616811619,5.422070971569903,52.86895366506378,53.3446560508282,0.2
73,6,0,11.178470476029759,10.55829980344981,5.125158541077614,48.229307489758696,48.724991097331284,0.2
73,6,1,12.294116455312432,11.48846192398533,5.64095284468925,48.229307489758696,48.724991097331284,0.2
73,6,2,14.244805591450866,13.176640337426381,6.566955792524881,48.229307489758696,48.724991097331284,0.2
73,6,3,5.860779916435622,6.193118622193044,3.030089617899489,48.229307489758696,48.724991097331284,0.2
73,6,4,7.874347082827327,7.907174143027055,3.9259690362705078,48.229307489758696,48.724991097331284,0.2
73,6,5,8.128336822803897,7.85046979588709,3.789268503597111,48.229307489758696,48.724991097331284,0.2
73,6,6,8.121619440692362,5.296573191227143,2.8145443445505567,48.229307489758696,48.724991097331284,0.2
73,6,7,6.465264233916289,6.499863866326484,3.1949032525977357,48.229307489758696,48.724991097331284,0.2
73,6,8,7.037555175040898,4.673604454232652,2.525051896211325,48.229307489758696,48.724991097331284,0.2
73,6,9,10.968711892909848,10.407978413106651,5.035389557957421,48.229307489758696,48.724991097331284,0.2
73,7,0,10.368065585517344,11.67787384590583,5.499790634473812,47.36353933111137,50.810513524897665,0.2
73,7,1,11.411504364165793,12.705133824206525,6.052776217646853,47.36353933111137,50.810513524897665,0.2
73,7,2,13.284784813656737,14.54964622838052,7.03878195526834,47.36353933111137,50.810513524897665,0.2
73,7,3,6.129794353985299,7.633330476534643,3.5076700936519005,47.36353933111137,50.810513524897665,0.2
73,7,4,7.942135668295715,9.431102232449282,4.441459173530299,47.36353933111137,50.810513524897665,0.2
73,7,5,7.665593961932243,5.854825459590241,3.085945088856053,47.36353933111137,50.810513524897665,0.2
73,7,6,5.693751739338669,7.581676913772206,3.617822891254298,47.36353933111137,50.810513524897665,0.2
73,7,7,6.463208151869419,7.920188766111611,3.6689314848010124,47.36353933111137,50.810513524897665,0.2
73,7,8,5.108115867426294,7.033795100895317,3.36160545599322,47.36353933111137,50.810513524897665,0.2
73,7,9,10.186465212167787,4.782207129138447,2.9215712003635854,47.36353933111137,50.810513524897665,0.2
73,8,0,11.12593679743009,14.215378617214292,6.311352159509642,54.14869617088542,59.685515064294606,0.2
73,8,1,12.244612590233592,15.527358705176843,6.965261997606237,54.14869617088542,59.685515064294606,0.2
73,8,2,14.23927715981128,17.79526783321546,8.10427144050877,54.14869617088542,59.685515064294606,0.2
73,8,3,7.095927529237758,7.520497741728828,3.4712948505206915,54.14869617088542,59.685515064294606,0.2
73,8,4,8.984959126138072,11.90102138832312,5.22686065890605,54.14869617088542,59.685515064294606,0.2
73,8,5,6.242788553393198,9.305217850372854,4.2681238072299434,54.14869617088542,59.685515064294606,0.2
73,8,6,7.3187638416788845,10.060220664812658,4.409982496627424,54.14869617088542,59.685515064294606,0.2
73,8,7,7.422155228624052,6.621132616445053,3.2365128041076003,54.14869617088542,59.685515064294606,0.2
73,8,8,6.800442476271651,9.661778828276848,4.198110881406023,54.14869617088542,59.685515064294606,0.2
73,8,9,5.9102643509169,9.427828332529195,4.698559957911254,54.14869617088542,59.685515064294606,0.2
73,9,0,12.767705154606562,17.591494561815693,7.326615973459019,65.590550717577,69.47026206133552,0.2
73,9,1,14.09054815235215,19.2407867415327,8.093290422707483,65.590550717577,69.47026206133552,0.2
73,9,2,16.394735332492342,22.004202596893926,9.40274704743031,65.590550717577,69.47026206133552,0.2
73,9,3,7.022341336059388,11.26142576249252,4.605049037270331,65.590550717577,69.47026206133552,0.2
73,9,4,10.573806387363744,8.041065335619102,3.9723862610836598,65.590550717577,69.47026206133552,0.2
73,9,5,8.634306081615106,13.158414484096175,5.439649545258189,65.590550717577,69.47026206133552,0.2
73,9,6,8.921282608050396,9.413965065195956,4.209712322203369,65.590550717577,69.47026206133552,0.2
73,9,7,6.5473832179830875,11.220564547915657,4.682038977000692,65.590550717577,69.47026206133552,0.2
73,9,8,8.492671710510608,12.889092740181907,5.136527113513903,65.590550717577,69.47026206133552,0.2
73,9,9,9.505067484383947,14.366837108072424,6.3100009468598275,65.590550717577,69.47026206133552,0.2
73,10,0,14.821558069645626,18.254003555988316,7.518690418517325,72.33325997834207,72.16223946214512,0.2
73,10,1,16.372521012321176,19.992785798324313,8.313434242008862,72.33325997834207,72.16223946214512,0.2
73,10,2,19.0215185131208,22.91314327141153,9.672975279992066,72.33325997834207,72.16223946214512,0.2
73,10,3,9.315897266448923,8.691828896954512,3.841463511199819,72.33325997834207,72.16223946214512,0.2
73,10,4,8.036036535420749,12.067589876297907,5.277962946469613,72.33325997834207,72.16223946214512,0.2
73,10,5,11.004272901108763,14.237889521442066,5.748312370434683,72.33325997834207,72.16223946214512,0.2
73,10,6,8.516141130648409,11.93885803539125,4.9714784660263565,72.33325997834207,72.16223946214512,0.2
73,10,7,9.471645959518929,12.72977422465383,5.114453326081919,72.33325997834207,72.16223946214512,0.2
73,10,8,10.39106391887395,9.736335549628114,4.220761514410091,72.33325997834207,72.16223946214512,0.2
73,10,9,12.76497168572731,16.333393089506675,6.902876396286999,72.33325997834207,72.16223946214512,0.2
73,11,0,15.21011979465475,15.795430697910641,6.794594485142755,68.23646129449904,64.21820961724973,0.2
73,11,1,16.81786636865879,17.275532281212914,7.505353514105538,68.23646129449904,64.21820961724973,0.2
73,11,2,19.568183365691315,19.858974312424724,8.751259825534742,68.23646129449904,64.21820961724973,0.2
73,11,3,7.771183136925385,9.361544357252379,4.046337873776602,68.23646129449904,64.21820961724973,0.2
73,11,4,10.677185017465124,11.96520009800776,5.246575581748437,68.23646129449904,64.21820961724973,0.2
73,11,5,11.628689958569797,6.878128391657571,3.454280667326587,68.23646129449904,64.21820961724973,0.2
73,11,6,10.057174696084752,11.150053248414402,4.739204726429066,68.23646129449904,64.21820961724973,0.2
73,11,7,10.346409207418436,7.962645029438061,3.6826875853050867,68.23646129449904,64.21820961724973,0.2
73,11,8,8.538493365910616,9.837949878229175,4.251548765759237,68.23646129449904,64.21820961724973,0.2
73,11,9,13.964343665040076,14.836688203257822,6.453755170263203,68.23646129449904,64.21820961724973,0.2
73,12,0,13.745292108396402,12.763350764121991,5.8528420620986275,57.79645154730274,55.05906777412614,0.2
73,12,1,15.183139575693543,13.944168957586955,6.460170678793228,57.79645154730274,55.05906777412614,0.2
73,12,2,17.703576406432425,16.093775017457677,7.553728245582651,57.79645154730274,55.05906777412614,0.2
73,12,3,8.185638770046252,8.031033707803225,3.634619133902239,57.79645154730274,55.05906777412614,0.2
73,12,4,10.61368917565312,10.143157597343547,4.673617640445588,57.79645154730274,55.05906777412614,0.2
73,12,5,6.987922075498643,7.652788896858732,3.722221732874552,57.79645154730274,55.05906777412614,0.2
73,12,6,9.587290819003416,6.27042818269332,3.167522070635731,57.79645154730274,55.05906777412614,0.2
73,12,7,7.449983470635317,7.535302377362805,3.543196252809571,57.79645154730274,55.05906777412614,0.2
73,12,8,8.600775193609675,5.521098349658045,2.837473272244831,57.79645154730274,55.05906777412614,0.2
73,12,9,13.055782829323256,12.277847185231995,5.65278104194748,57.79645154730274,55.05906777412614,0.2
73,13,0,11.840150870484884,5.036844286384039,3.0528290031069334,52.10474730833148,53.16695218788372,0.2
73,13,1,13.068761240170575,13.641370001998691,6.361649518532171,52.10474730833148,53.16695218788372,0.2
73,13,2,15.28100042909283,15.709129612804059,7.426895180173762,52.10474730833148,53.16695218788372,0.2
73,13,3,7.352742214048903,6.164762499399909,3.0203713307720768,52.10474730833148,53.16695218788372,0.2
73,13,4,9.45460980951084,10.3053384977161,4.725802205405921,52.10474730833148,53.16695218788372,0.2
73,13,5,7.529960047278262,8.748636368044279,4.087772174626102,52.10474730833148,53.16695218788372,0.2
73,13,6,6.407816716050273,7.972493746292761,3.747378338524581,52.10474730833148,53.16695218788372,0.2
73,13,7,7.16779604709844,8.191420937631147,3.7564377784910628,52.10474730833148,53.16695218788372,0.2
73,13,8,5.74013637783023,7.321963756558058,3.45742878397421,52.10474730833148,53.16695218788372,0.2
73,13,9,11.435432506865936,12.176508555387437,5.62008070024296,52.10474730833148,53.16695218788372,0.2
73,14,0,6.175795552839054,10.600309705795425,5.139424606014224,55.40085226367242,59.9291005298199,0.2
73,14,1,12.86945543470897,16.286819021951647,7.202023534596235,55.40085226367242,59.9291005298199,0.2
73,14,2,15.02442035844099,18.661891180962908,8.378567355548602,55.40085226367242,59.9291005298199,0.2
73,14,3,6.11013450590288,9.346026615559394,4.041641644945141,55.40085226367242,59.9291005298199,0.2
73,14,4,9.56017785930363,7.961821416564408,3.9449423417201874,55.40085226367242,59.9291005298199,0.2
73,14,5,8.269459308524144,11.438353428959413,4.931543691550812,55.40085226367242,59.9291005298199,0.2
73,14,6,7.580851221706919,10.664273768797976,4.593709323873607,55.40085226367242,59.9291005298199,0.2
73,14,7,7.599178238712872,10.701147775520706,4.529246755293983,55.40085226367242,59.9291005298199,0.2
73,14,8,6.994290635536701,10.181127434254789,4.354828458226169,55.40085226367242,59.9291005298199,0.2
73,14,9,11.369280545957036,6.652444907554257,3.680980422443939,55.40085226367242,59.9291005298199,0.2
73,15,0,10.396925472626108,15.165978926096665,6.603905124608699,65.86572131032159,70.15205822672796,0.2
73,15,1,14.569510729600358,19.629366232414416,8.207361096479277,65.86572131032159,70.15205822672796,0.2
73,15,2,16.9496290034254,22.477884990381508,9.54398218023941,65.86572131032159,70.15205822672796,0.2
73,15,3,8.176138418371483,12.19004983672393,4.867687970642861,65.86572131032159,70.15205822672796,0.2
73,15,4,7.980518183431524,12.567278602816604,5.4300124790279165,65.86572131032159,70.15205822672796,0.2
73,15,5,9.976387661383924,14.334667605992262,5.77563535136317,65.86572131032159,70.15205822672796,0.2
73,15,6,9.292957314196542,8.79698828263084,4.014629027641191,65.86572131032159,70.15205822672796,0.2
73,15,7,9.162551174857109,9.962259953611078,4.3079954690776585,65.86572131032159,70.15205822672796,0.2
73,15,8,8.809707388890422,13.093060597512928,5.193292279301924,65.86572131032159,70.15205822672796,0.2
73,15,9,7.446529923517178,12.452863840438155,5.70906614406102,65.86572131032159,70.15205822672796,0.2
73,16,0,13.359532374208403,17.75655411605139,7.37467004608706,74.71396126941148,74.86378552396386,0.2
73,16,1,16.603283088766414,21.156958495258046,8.64940853871055,74.71396126941148,74.86378552396386,0.2
73,16,2,19.307233600411763,24.246098791864593,10.063524719256542,74.71396126941148,74.86378552396386,0.2
73,16,3,9.847209159474609,9.161785027511803,3.985703265864977,74.71396126941148,74.86378552396386,0.2
73,16,4,10.984777360838814,15.158311211279685,6.191381013018987,74.71396126941148,74.86378552396386,0.2
73,16,5,11.683963655176033,15.626757835374157,6.135311882114782,74.71396126941148,74.86378552396386,0.2
73,16,6,8.121492579496625,12.278904120645985,5.070179520419217,74.71396126941148,74.86378552396386,0.2
73,16,7,8.714965441072454,12.854085001992743,5.1493634507113,74.71396126941148,74.86378552396386,0.2
73,16,8,10.505898407826017,10.31824777005745,4.39580185067967,74.71396126941148,74.86378552396386,0.2
73,16,9,11.549295839194778,16.04087773727503,6.8161053935905205,74.71396126941148,74.86378552396386,0.2
73,17,0,14.918770238335725,16.626734465801405,7.042978851579324,72.70843230891873,68.51223879920906,0.2
73,17,1,17.497533839495457,18.96039985368044,8.01055102586702,72.70843230891873,68.51223879920906,0.2
73,17,2,20.358254964106635,21.778856350119668,9.335237205072154,72.70843230891873,68.51223879920906,0.2
73,17,3,8.062976497934828,10.357419798086903,4.3430517049828445,72.70843230891873,68.51223879920906,0.2
73,17,4,12.525006571681692,14.205166095674372,5.9162208661998745,72.70843230891873,68.51223879920906,0.2
73,17,5,12.411580143625184,8.613168247499278,4.043360634852503,72.70843230891873,68.51223879920906,0.2
73,17,6,10.256844422806948,12.137339518165348,5.029190209490481,72.70843230891873,68.51223879920906,0.2
73,17,7,10.417031503071344,7.572614001133427,3.5554682350371705,72.70843230891873,68.51223879920906,0.2
73,17,8,8.892595521387046,10.946054054868597,4.581358240368494,72.70843230891873,68.51223879920906,0.2
73,17,9,13.78880812996002,15.714635151219547,6.718767591206464,72.70843230891873,68.51223879920906,0.2
73,18,0,14.247767374476668,13.704421635345039,6.1516838777374145,61.925489344747774,57.671575531370365,0.2
73,18,1,16.205141313513323,15.274345475004115,6.885618761560569,61.925489344747774,57.671575531370365,0.2
73,18,2,18.88494781630678,17.59026819327253,8.038805688766498,61.925489344747774,57.671575531370365,0.2
73,18,3,8.785883316126112,8.940796343495155,3.9181606271462566,61.925489344747774,57.671575531370365,0.2
73,18,4,11.968364581804575,5.598112636464032,3.0829118014573536,61.925489344747774,57.671575531370365,0.2
73,18,5,8.17961589130379,8.998390504437094,4.169114402781682,61.925489344747774,57.671575531370365,0.2
73,18,6,10.173924087639142,6.660488360777381,3.304196467551959,61.925489344747774,57.671575531370365,0.2
73,18,7,7.1926219555225925,8.048357743691206,3.710392209589316,61.925489344747774,57.671575531370365,0.2
73,18,8,9.2679713858966,9.158798696313678,4.043904589779788,61.925489344747774,57.671575531370365,0.2
73,18,9,13.591896227434592,13.245543993713875,5.961087087263128,61.925489344747774,57.671575531370365,0.2
73,19,0,12.4447002750359,12.14653502441325,5.6533802367097845,53.34051375884151,53.21741030417007,0.2
73,19,1,13.9294319082114,13.419860647994954,6.289161557376033,53.34051375884151,53.21741030417007,0.2
73,19,2,16.26229977908869,15.503671490092763,7.358766094199723,53.34051375884151,53.21741030417007,0.2
73,19,3,7.926339454916183,6.018937926630978,2.9701802062154234,53.34051375884151,53.21741030417007,0.2
73,19,4,6.236652290009855,7.446444291959036,3.7644039368238,53.34051375884151,53.21741030417007,0.2
73,19,5,8.434012570560764,8.624819187128242,4.047188445645728,53.34051375884151,53.21741030417007,0.2
73,19,6,6.684305550440659,7.4538118312279735,3.575003805558476,53.34051375884151,53.21741030417007,0.2
73,19,7,7.506029222059157,7.696713198086766,3.5961553253593337,53.34051375884151,53.21741030417007,0.2
73,19,8,8.180716298309049,5.30921095091314,2.760799883627539,53.34051375884151,53.21741030417007,0.2
73,19,9,12.059127807728185,11.848873102403932,5.5137940555597424,53.34051375884151,53.21741030417007,0.2
73,20,0,11.436644662654734,11.754992043959684,5.525189136736004,54.01501800035782,53.21741030417007,0.2
73,20,1,12.722814129975935,13.079989503444999,6.1772378472945455,54.01501800035782,53.21741030417007,0.2
73,20,2,14.886596947516482,15.298418009664289,7.290433866846935,54.01501800035782,53.21741030417007,0.2
73,20,3,6.008599135427328,6.198831328982741,3.0320458752105197,54.01501800035782,53.21741030417007,0.2
73,20,4,7.615293574735446,7.841301987729033,3.903046123449505,54.01501800035782,53.21741030417007,0.2
73,20,5,8.187359455338935,8.444940311793772,3.9879163143824137,54.01501800035782,53.21741030417007,0.2
73,20,6,7.2321419186207105,7.4456510725853455,3.5722635062076997,54.01501800035782,53.21741030417007,0.2
73,20,7,7.274930906077586,7.526351770149569,3.5402496440515243,54.01501800035782,53.21741030417007,0.2
73,20,8,5.585028059623787,5.776165485246579,2.928610936888243,54.01501800035782,53.21741030417007,0.2
73,20,9,11.15426536269824,11.460322337492293,5.386595823879988,54.01501800035782,53.21741030417007,0.2
74,0,0,2.0,2.0,1.8518347925261005,17.77133560501923,17.77133560501923,0.0
74,0,1,2.0,2.0,1.6445382852884938,17.77133560501923,17.77133560501923,0.0
74,0,2,2.0,2.0,1.4419076097365917,17.77133560501923,17.77133560501923,0.0
74,0,3,2.0,2.0,1.7915456548066142,17.77133560501923,17.77133560501923,0.0
74,0,4,2.0,2.0,1.663243788176922,17.77133560501923,17.77133560501923,0.0
74,0,5,2.0,2.0,1.5923426094205935,17.77133560501923,17.77133560501923,0.0
74,0,6,2.0,2.0,1.4922665672323931,17.77133560501923,17.77133560501923,0.0
74,0,7,2.0,2.0,1.5098051937049985,17.77133560501923,17.77133560501923,0.0
74,0,8,2.0,2.0,1.2764020895881794,17.77133560501923,17.77133560501923,0.0
74,0,9,2.0,2.0,2.00275758988516,17.77133560501923,17.77133560501923,0.0
74,1,0,3.746214761664045,4.491233719419579,3.262399948630513,17.77133560501923,27.885461993434305,0.0
74,1,1,3.326859191399817,3.9576389969608314,2.6517239747630965,17.77133560501923,27.885461993434305,0.0
74,1,2,2.916942480156368,2.5821290155756014,1.724253012450723,17.77133560501923,27.885461993434305,0.0
74,1,3,3.624251366978796,4.336045548922174,3.0794458236323567,17.77133560501923,27.885461993434305,0.0
74,1,4,3.364699948754521,4.005788180732469,2.7046837997405935,17.77133560501923,27.885461993434305,0.0
74,1,5,3.221268664523158,3.8232839248497736,2.5062310437540973,17.77133560501923,27.885461993434305,0.0
74,1,6,3.0188173724060374,3.56568166870093,2.236789987304163,17.77133560501923,27.885461993434305,0.0
74,1,7,3.054297568402009,3.610827236514239,2.283098321820347,17.77133560501923,27.885461993434305,0.0
74,1,8,2.5821290155756023,2.818919019802235,1.6230217113353054,17.77133560501923,27.885461993434305,0.0
74,1,9,4.0515277483408365,4.87971883787456,3.7392435124041294,17.77133560501923,27.885461993434305,0.0
74,2,0,6.599752254001023,8.7255923227302,5.193231528495359,30.23194270997814,41.867789283396455,0.2
74,2,1,5.364370265754122,7.246318296821778,4.04953517902009,30.23194270997814,41.867789283396455,0.2
74,2,2,3.488120060254,5.12298649626617,2.7853686594086713,30.23194270997814,41.867789283396455,0.2
74,2,3,6.229640704881415,8.331776500254874,4.864332026268643,30.23194270997814,41.867789283396455,0.2
74,2,4,5.471506646875467,7.354591271880774,4.138337367922068,30.23194270997814,41.867789283396455,0.2
74,2,5,5.070041760822979,6.86691695910557,3.776145991623868,30.23194270997814,41.867789283396455,0.2
74,2,6,4.524969345537923,3.966017744415714,2.409759323507371,30.23194270997814,41.867789283396455,0.2
74,2,7,4.6186499303572415,6.343473375209019,3.387106895658387,30.23194270997814,41.867789283396455,0.2
74,2,8,3.283331708662593,4.475691589429695,2.243203202624634,30.23194270997814,41.867789283396455,0.2
74,2,9,7.564394675032776,9.942541267946757,6.153972778901199,30.23194270997814,41.867789283396455,0.2
74,3,0,10.50577551048698,13.807730398894103,7.160887511160717,45.67481658962368,55.782797574788034,0.2
74,3,1,8.192106837364701,11.079292417029231,5.451065604871746,45.67481658962368,55.782797574788034,0.2
74,3,2,5.634730069154419,8.104882988635627,3.840070178961158,45.67481658962368,55.782797574788034,0.2
74,3,3,9.84042016922302,13.101784491549656,6.677873672194041,45.67481658962368,55.782797574788034,0.2
74,3,4,8.3717514105606,11.261006758845035,5.576208018079338,45.67481658962368,55.782797574788034,0.2
74,3,5,7.639047453430143,10.384680243902851,5.044181553790005,45.67481658962368,55.782797574788034,0.2
74,3,6,4.87488192046896,7.53296904986013,3.775737039726247,45.67481658962368,55.782797574788034,0.2
74,3,7,6.852031241156565,5.5575485082030545,3.0875798747649523,45.67481658962368,55.782797574788034,0.2
74,3,8,4.537943117280545,6.358751389093387,2.8683147180664803,45.67481658962368,55.782797574788034,0.2
74,3,9,12.4493306639682,16.194649759302756,8.658994848960837,45.67481658962368,55.782797574788034,0.2
74,4,0,14.486293598756802,16.531151587207475,8.122569167648306,56.57000445912363,61.943002620859474,0.2
74,4,1,11.027367299819138,12.844716226094468,6.045471125939676,56.57000445912363,61.943002620859474,0.2
74,4,2,7.768364461187442,6.004863736354897,3.1129249232667946,56.57000445912363,61.943002620859474,0.2
74,4,3,13.509168867691203,15.498200217624822,7.51110390788849,56.57000445912363,61.943002620859474,0.2
74,4,4,11.280527223998462,13.115138142018635,6.204059035391466,56.57000445912363,61.943002620859474,0.2
74,4,5,10.204251196482073,11.959410187545101,5.568168290251591,56.57000445912363,61.943002620859474,0.2
74,4,6,7.638220154125767,9.44569880002209,4.4237367740553335,56.57000445912363,61.943002620859474,0.2
74,4,7,6.246095683774803,8.35328105333103,4.1067652994056205,56.57000445912363,61.943002620859474,0.2
74,4,8,5.8025278395710025,6.762611739830618,2.9946538333375745,56.57000445912363,61.943002620859474,0.2
74,4,9,17.51692670170674,19.742109357833385,9.946788340099728,56.57000445912363,61.943002620859474,0.2
74,5,0,16.431751169861684,16.05750468890508,7.958951948794109,57.25514072582628,58.31524809180969,0.2
74,5,1,12.229834575208068,12.11688034778635,5.803587878936023,57.25514072582628,58.31524809180969,0.2
74,5,2,6.297368073307551,7.271472219321317,3.5591974480150976,57.25514072582628,58.31524809180969,0.2
74,5,3,15.194772476296782,14.793276614050418,7.270293567992472,57.25514072582628,58.31524809180969,0.2
74,5,4,12.550653889008364,12.463241471365107,5.986550077983746,57.25514072582628,58.31524809180969,0.2
74,5,5,11.264263058755631,4.925221311831909,2.992357959474687,57.25514072582628,58.31524809180969,0.2
74,5,6,8.949107162024873,9.161339420380795,4.330087712968952,57.25514072582628,58.31524809180969,0.2
74,5,7,8.307881917660945,8.809796242836347,4.262614155237194,57.25514072582628,58.31524809180969,0.2
74,5,8,6.058108661636953,5.846849848737999,2.704654955961644,57.25514072582628,58.31524809180969,0.2
74,5,9,20.12210023335772,19.323976431661617,9.798846144437771,57.25514072582628,58.31524809180969,0.2
74,6,0,16.100757690849502,14.746742708631656,7.498398455803638,52.72325739398572,53.848240271376824,0.2
74,6,1,11.740510908657752,10.857594467479815,5.374480891532845,52.72325739398572,53.848240271376824,0.2
74,6,2,7.2001660586810825,7.0731437070776115,3.490962423983414,52.72325739398572,53.848240271376824,0.2
74,6,3,14.707619273580896,13.394251982806901,6.781875431817151,52.72325739398572,53.848240271376824,0.2
74,6,4,12.11063879137461,11.232530245652258,5.56633360064747,52.72325739398572,53.848240271376824,0.2
74,6,5,6.053464167111426,6.8223484095997975,3.758973341769698,52.72325739398572,53.848240271376824,0.2
74,6,6,8.759657489476487,4.175004405875813,2.497958787371294,52.72325739398572,53.848240271376824,0.2
74,6,7,8.623160195540294,8.217017690047852,4.059755449090596,52.72325739398572,53.848240271376824,0.2
74,6,8,5.471448296643082,4.872513658487573,2.38063960940473,52.72325739398572,53.848240271376824,0.2
74,6,9,19.82281692822779,17.873382642059234,9.277951895201149,52.72325739398572,53.848240271376824,0.2
74,7,0,15.169069669358503,15.695920684559969,7.833069849343533,52.3436369831206,56.50025529834636,0.2
74,7,1,10.872438369449148,11.494737674533752,5.593354388954353,52.3436369831206,56.50025529834636,0.2
74,7,2,7.062128337756044,4.483465790414549,2.537149971005277,52.3436369831206,56.50025529834636,0.2
74,7,3,13.719561786493458,14.258680410019931,7.085368096658467,52.3436369831206,56.50025529834636,0.2
74,7,4,11.260551528274743,11.883373668020505,5.7901890094870785,52.3436369831206,56.50025529834636,0.2
74,7,5,7.604307618840027,8.666379286963416,4.444285028397989,52.3436369831206,56.50025529834636,0.2
74,7,6,5.053307196217864,6.444382093082421,3.3849504033369127,52.3436369831206,56.50025529834636,0.2
74,7,7,8.212782184194152,8.938864014960432,4.306233244175826,52.3436369831206,56.50025529834636,0.2
74,7,8,4.81597347827583,5.179469460095575,2.4846556220281606,52.3436369831206,56.50025529834636,0.2
74,7,9,18.769061089082847,19.163155918332606,9.741690161365579,52.3436369831206,56.50025529834636,0.2
74,8,0,15.846101400183464,20.17085821325334,9.336590390049203,60.212246353866746,65.83757901026493,0.2
74,8,1,11.31521389688105,15.127275039424223,6.7788415647428,60.212246353866746,65.83757901026493,0.2
74,8,2,5.132589965528205,9.074982964307722,4.156315528514734,60.212246353866746,65.83757901026493,0.2
74,8,3,14.333519740882236,18.592086304996922,8.53171956166356,60.212246353866746,65.83757901026493,0.2
74,8,4,11.713405335999852,5.7980463678976735,3.5037417815336274,60.212246353866746,65.83757901026493,0.2
74,8,5,8.990675758778515,12.782357331772062,5.83368785458002,60.212246353866746,65.83757901026493,0.2
74,8,6,6.8476687119500035,10.610786095359423,4.798977391326275,60.212246353866746,65.83757901026493,0.2
74,8,7,8.711400504844201,7.219242364965835,3.7080369536526407,60.212246353866746,65.83757901026493,0.2
74,8,8,5.026395230535805,8.323280109765792,3.4631608790453456,60.212246353866746,65.83757901026493,0.2
74,8,9,19.707191825833867,24.591540882353378,11.599984495397946,60.212246353866746,65.83757901026493,0.2
74,9,0,18.88768527515394,24.707274641580575,10.761148694983461,72.35127418341736,76.85858033672756,0.2
74,9,1,13.71342435044099,8.344596394139456,4.469991801279737,72.35127418341736,76.85858033672756,0.2
74,9,2,8.408120772920372,12.69052825693209,5.255962127441329,72.35127418341736,76.85858033672756,0.2
74,9,3,17.259452027404027,22.978612001129886,9.895404172725758,72.35127418341736,76.85858033672756,0.2
74,9,4,7.0879806535740695,12.699119921787354,6.065637474650077,72.35127418341736,76.85858033672756,0.2
74,9,5,11.801402395057279,16.52713829705001,6.983190383505243,72.35127418341736,76.85858033672756,0.2
74,9,6,9.708209402283986,14.202629295247121,5.885502361841809,72.35127418341736,76.85858033672756,0.2
74,9,7,7.501264599106246,12.266757947982944,5.374162263130609,72.35127418341736,76.85858033672756,0.2
74,9,8,7.005886518310593,9.840532580877486,3.8938528202683322,72.35127418341736,76.85858033672756,0.2
74,9,9,23.466474075938034,30.22309840708379,13.401230557783606,72.35127418341736,76.85858033672756,0.2
74,10,0,21.769530552245854,25.51240886629414,11.005436413930411,80.02606450734794,80.13816353748604,0.2
74,10,1,9.04267990754655,13.140210977120882,6.1424924060085715,80.02606450734794,80.13816353748604,0.2
74,10,2,10.632677919237413,8.679321998036382,4.028621789932579,80.02606450734794,80.13816353748604,0.2
74,10,3,20.018151367557664,23.682922266273735,10.106751454931812,80.02606450734794,80.13816353748604,0.2
74,10,4,12.270630586565387,15.892284121903398,7.096845288583804,80.02606450734794,80.13816353748604,0.2
74,10,5,14.126816821770577,17.26275897309006,7.19933966972692,80.02606450734794,80.13816353748604,0.2
74,10,6,11.906221827522785,14.870857000274613,6.077998805397224,80.02606450734794,80.13816353748604,0.2
74,10,7,10.871793792282352,14.010884934565746,5.8982858294419875,80.02606450734794,80.13816353748604,0.2
74,10,8,7.877165378849959,9.740562698926913,3.866120106509662,80.02606450734794,80.13816353748604,0.2
74,10,9,27.11034912112692,31.34885443236439,13.748729324393375,80.02606450734794,80.13816353748604,0.2
74,11,0,22.263718404480738,22.2086046974505,9.987254897741717,75.7784782622563,72.0736506561088,0.2
74,11,1,12.42610616112737,13.578246709409637,6.285120061005157,75.7784782622563,72.0736506561088,0.2
74,11,2,8.149799582294078,9.623491333398485,4.330612235134426,75.7784782622563,72.0736506561088,0.2
74,11,3,20.445701552721783,20.37515216410198,9.096566223740709,75.7784782622563,72.0736506561088,0.2
74,11,4,14.356737808707011,15.132471435450721,6.857594753942163,75.7784782622563,72.0736506561088,0.2
74,11,5,14.56408133912108,14.958096968449476,6.5122184527619345,75.7784782622563,72.0736506561088,0.2
74,11,6,12.295637244775758,6.769709606718058,3.5036800469586553,75.7784782622563,72.0736506561088,0.2
74,11,7,11.932082457867523,12.546881757202527,5.4597779679610525,75.7784782622563,72.0736506561088,0.2
74,11,8,7.821062803132601,7.7796805657738295,3.303237081298737,75.7784782622563,72.0736506561088,0.2
74,11,9,27.813330301946923,27.286399584516822,12.475838770416104,75.7784782622563,72.0736506561088,0.2
74,12,0,20.203963051900708,18.319402609469734,8.728088829369925,64.86635617546224,62.08489391543853,0.2
74,12,1,12.714638285443316,12.028487001995211,5.773919088831658,64.86635617546224,62.08489391543853,0.2
74,12,2,8.760718584498054,8.58521085344997,3.9979937700520805,64.86635617546224,62.08489391543853,0.2
74,12,3,18.402122481642323,16.58686436840838,7.87665617451994,64.86635617546224,62.08489391543853,0.2
74,12,4,13.872740052412617,12.976784529294004,6.158172906063837,64.86635617546224,62.08489391543853,0.2
74,12,5,13.174052565260837,12.209387338150885,5.649385745653329,64.86635617546224,62.08489391543853,0.2
74,12,6,7.087855766096528,7.715166015448414,3.839433104536604,64.86635617546224,62.08489391543853,0.2
74,12,7,11.044992189115884,5.031189994744507,2.879847036016646,64.86635617546224,62.08489391543853,0.2
74,12,8,6.682364736412072,5.918129271710025,2.727693838552359,64.86635617546224,62.08489391543853,0.2
74,12,9,25.238305033743814,22.492933908209892,10.897820851851868,64.86635617546224,62.08489391543853,0.2
74,13,0,17.6567020695718,17.700285994256816,8.520546304868382,58.75358664624309,60.09719333121029,0.2
74,13,1,11.680491699655816,12.204753315483591,5.833017716817411,58.75358664624309,60.09719333121029,0.2
74,13,2,8.08783987581273,8.79831370347636,4.067204849932329,58.75358664624309,60.09719333121029,0.2
74,13,3,15.93427542922836,16.0204279534662,7.6873873061100255,58.75358664624309,60.09719333121029,0.2
74,13,4,12.457827414564443,12.903946722410547,6.133956701676215,58.75358664624309,60.09719333121029,0.2
74,13,5,11.428563908679584,4.786441524468582,2.9330836556354716,58.75358664624309,60.09719333121029,0.2
74,13,6,7.767075675803793,8.729406976459286,4.186149470005367,58.75358664624309,60.09719333121029,0.2
74,13,7,5.825857425944192,7.54972265565451,3.8260585920723518,58.75358664624309,60.09719333121029,0.2
74,13,8,5.518055371098058,5.827261765513113,2.698308980098655,58.75358664624309,60.09719333121029,0.2
74,13,9,22.046014855076383,21.718305724763557,10.633728039627742,58.75358664624309,60.09719333121029,0.2
74,14,0,17.236848812629745,20.115103072067583,9.31851751958552,62.62227929556754,66.98827983350729,0.2
74,14,1,11.800046723380317,14.33912352136037,6.529633650798657,62.62227929556754,66.98827983350729,0.2
74,14,2,8.227852132934443,6.691459127922064,3.3580025190670573,62.62227929556754,66.98827983350729,0.2
74,14,3,15.551389314536962,18.37907492035264,8.463177250093658,62.62227929556754,66.98827983350729,0.2
74,14,4,12.408838648010041,14.946261080229453,6.7984155658064065,62.62227929556754,66.98827983350729,0.2
74,14,5,5.933553755596303,8.970139161636425,4.552761982184183,62.62227929556754,66.98827983350729,0.2
74,14,6,8.468474078983043,10.826697298632606,4.8671262131408115,62.62227929556754,66.98827983350729,0.2
74,14,7,7.740019376707426,10.213652752662417,4.727447123624242,62.62227929556754,66.98827983350729,0.2
74,14,8,5.4586105486155345,6.025334021947451,2.7621884111568367,62.62227929556754,66.98827983350729,0.2
74,14,9,21.511761802052245,24.77634265072315,11.66093644389609,62.62227929556754,66.98827983350729,0.2
74,15,0,18.851124317130072,25.118123389251206,10.886098889077125,73.62418810834916,76.75813446129474,0.2
74,15,1,13.209283068665233,18.628130086410042,7.842264302242919,73.62418810834916,76.75813446129474,0.2
74,15,2,6.793153826359352,11.837319496212526,5.006034008063997,73.62418810834916,76.75813446129474,0.2
74,15,3,17.12079267159212,23.282891304842078,9.98694643361797,73.62418810834916,76.75813446129474,0.2
74,15,4,13.753022057550318,6.955604867751354,3.9798742039181874,73.62418810834916,76.75813446129474,0.2
74,15,5,9.210121881734143,14.629123793048846,6.411628342661053,73.62418810834916,76.75813446129474,0.2
74,15,6,9.846072738312667,8.728600782516416,4.185878841476218,73.62418810834916,76.75813446129474,0.2
74,15,7,9.563505487089907,14.564875904599125,6.060586723818408,73.62418810834916,76.75813446129474,0.2
74,15,8,5.587837015556693,10.223572427562738,3.9993405280113565,73.62418810834916,76.75813446129474,0.2
74,15,9,23.589778319997762,30.820960660310813,13.586253357915588,73.62418810834916,76.75813446129474,0.2
74,16,0,22.02230162203872,26.91522632093344,11.425622412881234,81.74962260862726,82.214998139269,0.2
74,16,1,15.864701544924301,20.070480801701642,8.262537336221028,81.74962260862726,82.214998139269,0.2
74,16,2,10.12707968015848,13.77885553430449,5.567569404789992,81.74962260862726,82.214998139269,0.2
74,16,3,20.203339036811194,25.002345397298093,10.497681892229773,81.74962260862726,82.214998139269,0.2
74,16,4,8.051184453633766,13.275639854410908,6.257109233282096,81.74962260862726,82.214998139269,0.2
74,16,5,12.97056132681008,17.050526187517463,7.137267429071154,81.74962260862726,82.214998139269,0.2
74,16,6,8.467926604340642,12.678355513305062,5.435874984092654,81.74962260862726,82.214998139269,0.2
74,16,7,12.260413045886569,8.989376622377215,4.323252699845463,81.74962260862726,82.214998139269,0.2
74,16,8,8.090564332966139,10.219462198464589,3.9982149490430596,81.74962260862726,82.214998139269,0.2
74,16,9,27.484645547512418,33.124775904637616,14.289415135161661,81.74962260862726,82.214998139269,0.2
74,17,0,23.113744010580767,23.99738222971068,10.543770656146085,79.84800107487821,76.35088091571868,0.2
74,17,1,16.714903220674454,17.694728988377975,7.565083609790336,79.84800107487821,76.35088091571868,0.2
74,17,2,11.263051528674307,7.512886661214364,3.6415076185108313,79.84800107487821,76.35088091571868,0.2
74,17,3,21.236543900484165,22.08485488975488,9.624386783262123,79.84800107487821,76.35088091571868,0.2
74,17,4,12.65797309223814,14.562147799775772,6.675637066578553,79.84800107487821,76.35088091571868,0.2
74,17,5,14.438510772474045,15.62208889536319,6.713251118826342,79.84800107487821,76.35088091571868,0.2
74,17,6,10.996637059718267,12.419885977937726,5.3580620451071495,79.84800107487821,76.35088091571868,0.2
74,17,7,8.745830431489063,10.910167708150126,4.950874489416885,79.84800107487821,76.35088091571868,0.2
74,17,8,8.088287315295085,8.482249946786819,3.5093303755860603,79.84800107487821,76.35088091571868,0.2
74,17,9,28.907123967503566,29.56586721074416,13.196562675049423,79.84800107487821,76.35088091571868,0.2
74,18,0,21.329780299555495,19.85145868502719,9.2328533907317,69.01052637420202,65.02466266988108,0.2
74,18,1,15.303972042538362,5.4127922977615786,3.3015505047274183,69.01052637420202,65.02466266988108,0.2
74,18,2,7.366677443492887,8.424440620903932,3.9454376842547547,69.01052637420202,65.02466266988108,0.2
74,18,3,19.469890070613694,18.04066767841514,8.353792961691964,69.01052637420202,65.02466266988108,0.2
74,18,4,13.50464427132517,13.392253450085125,6.2955325690213755,69.01052637420202,65.02466266988108,0.2
74,18,5,13.580736543889318,13.10186861497623,5.935383534566058,69.01052637420202,65.02466266988108,0.2
74,18,6,10.839223460053516,10.682736976826213,4.8217333237419995,69.01052637420202,65.02466266988108,0.2
74,18,7,10.015493374600297,10.284280408831284,4.750306746647784,69.01052637420202,65.02466266988108,0.2
74,18,8,7.099286237431047,6.647268544155445,2.958807879077426,69.01052637420202,65.02466266988108,0.2
74,18,9,26.69631119148449,24.349442386720096,11.519926372618523,69.01052637420202,65.02466266988108,0.2
74,19,0,18.67782795972688,17.716266190250444,8.525930347678145,60.14139343080998,60.01629524308157,0.2
74,19,1,6.678952834835512,8.11850947277708,4.384866774184117,60.14139343080998,60.01629524308157,0.2
74,19,2,7.981520248800727,8.236555507300785,3.8836347423900732,60.14139343080998,60.01629524308157,0.2
74,19,3,16.899511033749274,16.00238098764588,7.681324407588552,60.14139343080998,60.01629524308157,0.2
74,19,4,12.73570252475545,12.485160181479944,5.993917985204415,60.14139343080998,60.01629524308157,0.2
74,19,5,12.007130173311985,11.700487653633632,5.48350562658886,60.14139343080998,60.01629524308157,0.2
74,19,6,9.754244075719907,4.874867372583074,2.7841932448223354,60.14139343080998,60.01629524308157,0.2
74,19,7,9.609749923992428,9.598131420415239,4.526167298465313,60.14139343080998,60.01629524308157,0.2
74,19,8,5.985593206404512,5.688074795125347,2.6530303515626734,60.14139343080998,60.01629524308157,0.2
74,19,9,23.30451852647011,21.761631118962278,10.64857270142222,60.14139343080998,60.01629524308157,0.2
74,20,0,17.247740594516966,17.689854199483218,8.51703084104387,60.91580272961567,60.01629524308157,0.2
74,20,1,8.870474139310792,9.115552193466524,4.755225086681262,60.91580272961567,60.01629524308157,0.2
74,20,2,7.856494466769758,8.088870286261711,3.834757863225188,60.91580272961567,60.01629524308157,0.2
74,20,3,15.539124224783123,15.96347721427515,7.668247658836113,60.91580272961567,60.01629524308157,0.2
74,20,4,12.125543880588852,12.451202982221666,5.982501723050285,60.91580272961567,60.01629524308157,0.2
74,20,5,11.09299264000382,11.39830694771112,5.383984031970198,60.91580272961567,60.01629524308157,0.2
74,20,6,5.63235223529355,5.8008621824700395,3.1446346499099707,60.91580272961567,60.01629524308157,0.2
74,20,7,9.156321511889317,9.424406579938895,4.468664273075293,60.91580272961567,60.01629524308157,0.2
74,20,8,5.367013032846856,5.565775950022641,2.6129705408564026,60.91580272961567,60.01629524308157,0.2
74,20,9,21.54179217591217,22.100927234691625,10.764521650676944,60.91580272961567,60.01629524308157,0.2
75,0,0,2.0,2.0,1.6938857496786042,18.18733416146579,18.18733416146579,0.0
75,0,1,2.0,2.0,1.4025199326254334,18.18733416146579,18.18733416146579,0.0
75,0,2,2.0,2.0,1.4205280746946223,18.18733416146579,18.18733416146579,0.0
75,0,3,2.0,2.0,1.5197827968895588,18.18733416146579,18.18733416146579,0.0
75,0,4,2.0,2.0,1.5208865467512305,18.18733416146579,18.18733416146579,0.0
75,0,5,2.0,2.0,1.6890218385494475,18.18733416146579,18.18733416146579,0.0
75,0,6,2.0,2.0,1.5847293826431221,18.18733416146579,18.18733416146579,0.0
75,0,7,2.0,2.0,1.760495698152364,18.18733416146579,18.18733416146579,0.0
75,0,8,2.0,2.0,1.3456175098921652,18.18733416146579,18.18733416146579,0.0
75,0,9,2.0,2.0,1.9094323467783836,18.18733416146579,18.18733416146579,0.0
75,1,0,3.4266878587815035,4.121760163235505,2.8100951129660623,18.18733416146579,28.23911248614879,0.0
75,1,1,2.8372622095312567,2.7221500532643197,1.7403094883964394,18.18733416146579,28.23911248614879,0.0
75,1,2,2.873692223656713,3.409626112669625,2.0635906682629854,18.18733416146579,28.23911248614879,0.0
75,1,3,3.0744820062832297,3.668198210045759,2.3236862251320485,18.18733416146579,28.23911248614879,0.0
75,1,4,3.0767148642258855,3.671073629072679,2.326649630087292,18.18733416146579,28.23911248614879,0.0
75,1,5,3.4168482900764507,4.109089010928548,2.795993466639852,18.18733416146579,28.23911248614879,0.0
75,1,6,3.2058673000749,3.837392929695828,2.5006879596667324,18.18733416146579,28.23911248614879,0.0
75,1,7,3.5614380931183844,4.2952881697836425,3.006135728627631,18.18733416146579,28.23911248614879,0.0
75,1,8,2.722150053264319,2.9843094121990013,1.780702329520256,18.18733416146579,28.23911248614879,0.0
75,1,9,3.8627331513424843,4.68328846598886,3.4639284654973905,18.18733416146579,28.23911248614879,0.0
75,2,0,5.684751056822515,7.6576130746809845,4.335393382343399,30.615351865530844,42.16006476167441,0.2
75,2,1,3.520601903370305,5.131762645648588,2.7125305492502334,30.615351865530844,42.16006476167441,0.2
75,2,2,4.174591521165626,4.123458190600971,2.3572841777148135,30.615351865530844,42.16006476167441,0.2
75,2,3,4.700758228108725,6.4967012605298295,3.4669338487452976,30.615351865530844,42.16006476167441,0.2
75,2,4,4.70675312108348,6.610291499115697,3.511803838969395,30.615351865530844,42.16006476167441,0.2
75,2,5,5.656223784387509,7.636969900719979,4.314783638130644,30.615351865530844,42.16006476167441,0.2
75,2,6,5.0588282424696995,6.947583866984373,3.788940383161135,30.615351865530844,42.16006476167441,0.2
75,2,7,6.081336244249123,8.158178537161307,4.710090101061234,30.615351865530844,42.16006476167441,0.2
75,2,8,3.6023155952689083,4.6265423968828365,2.4203613835683417,30.615351865530844,42.16006476167441,0.2
75,2,9,7.007439326211768,9.24526911882553,5.576053971759842,30.615351865530844,42.16006476167441,0.2
75,3,0,8.7703907238942,11.691049121048863,5.829892639971883,45.99366860193387,55.812500737275954,0.2
75,3,1,5.4873804218810625,5.626467037378409,2.893031020793877,45.99366860193387,55.812500737275954,0.2
75,3,2,4.768726033031295,7.13392222594112,3.459861257132159,45.99366860193387,55.812500737275954,0.2
75,3,3,7.013519140206628,9.647490613274185,4.57246702878624,45.99366860193387,55.812500737275954,0.2
75,3,4,7.104289991046911,9.914461581443199,4.664060929851801,45.99366860193387,55.812500737275954,0.2
75,3,5,8.728697734694757,11.662732948583862,5.803293024668462,45.99366860193387,55.812500737275954,0.2
75,3,6,7.6649301826222205,10.449341095259527,5.041924609695771,45.99366860193387,55.812500737275954,0.2
75,3,7,9.528392671191586,12.621731342979027,6.392889878810273,45.99366860193387,55.812500737275954,0.2
75,3,8,4.896329618754334,6.342135694004446,3.0183215442871933,45.99366860193387,55.812500737275954,0.2
75,3,9,11.280215592205819,14.643382451853276,7.693647107951261,45.99366860193387,55.812500737275954,0.2
75,4,0,11.79372477227685,14.373790125443131,6.736945390394493,56.60012679266452,61.00513832105598,0.2
75,4,1,5.85252829236778,8.445313455534889,3.844316066014956,56.60012679266452,61.00513832105598,0.2
75,4,2,6.999211466967472,9.349918398151505,4.181136045085777,56.60012679266452,61.00513832105598,0.2
75,4,3,9.249984690640117,6.020598154617418,3.2870648785326173,56.60012679266452,61.00513832105598,0.2
75,4,4,9.435276826653034,7.0748914779246785,3.682813013827309,56.60012679266452,61.00513832105598,0.2
75,4,5,11.73991442596171,14.314292861541691,6.698124209404568,56.60012679266452,61.00513832105598,0.2
75,4,6,10.199685455889991,12.621115226112206,5.754432836714666,56.60012679266452,61.00513832105598,0.2
75,4,7,12.932653890265518,15.612826094541793,7.419096787931721,56.60012679266452,61.00513832105598,0.2
75,4,8,6.105987839894163,8.368083965021714,3.664703586995141,56.60012679266452,61.00513832105598,0.2
75,4,9,15.564052734706715,18.45464387318645,9.046013815783402,56.60012679266452,61.00513832105598,0.2
75,5,0,13.628669453603363,13.231364490416414,6.357499881534885,56.38825423025793,57.55445123358029,0.2
75,5,1,7.776953782881522,7.964838277037285,3.689877248096765,56.38825423025793,57.55445123358029,0.2
75,5,2,8.458332047676544,5.628072986188833,2.930762520218372,56.38825423025793,57.55445123358029,0.2
75,5,3,6.649648780876744,7.60664200204228,3.8716457333949217,56.38825423025793,57.55445123358029,0.2
75,5,4,7.450237209350768,7.971797402519524,4.003733836158063,56.38825423025793,57.55445123358029,0.2
75,5,5,13.550135190246479,13.128169239110658,6.304594875274169,56.38825423025793,57.55445123358029,0.2
75,5,6,11.641071506437282,11.270677593316401,5.316173325257914,56.38825423025793,57.55445123358029,0.2
75,5,7,15.008644408959814,14.468567833666128,7.034153682220396,56.38825423025793,57.55445123358029,0.2
75,5,8,7.413602298721727,6.334340117578584,3.015724039502723,56.38825423025793,57.55445123358029,0.2
75,5,9,18.29985624402131,17.578604271182265,8.743239018823276,56.38825423025793,57.55445123358029,0.2
75,6,0,12.861060824435135,12.246812526441877,6.022534080180724,52.03541519330069,53.048642695143315,0.2
75,6,1,7.464527975895871,5.722491626073552,2.927505106441597,52.03541519330069,53.048642695143315,0.2
75,6,2,5.9288581575880706,6.702927570497202,3.3121804771282677,52.03541519330069,53.048642695143315,0.2
75,6,3,7.832241006009314,8.121840323757013,4.053392318470088,52.03541519330069,53.048642695143315,0.2
75,6,4,8.099451883787712,8.100700974539002,4.048942805976804,52.03541519330069,53.048642695143315,0.2
75,6,5,12.75403534018583,12.12053716593171,5.961829824054529,52.03541519330069,53.048642695143315,0.2
75,6,6,10.754483643478219,4.8042448702082305,2.926656199246959,52.03541519330069,53.048642695143315,0.2
75,6,7,14.229914280960964,13.42047212628342,6.673465617903453,52.03541519330069,53.048642695143315,0.2
75,6,8,6.100733153673583,6.432766082609911,3.0484499161896697,52.03541519330069,53.048642695143315,0.2
75,6,9,17.68735051812737,16.56181540784979,8.386076819668384,52.03541519330069,53.048642695143315,0.2
75,7,0,12.183433514077807,13.410785385898585,6.41772444714809,51.56638140239929,56.10060876581811,0.2
75,7,1,5.922268492233119,7.57602426435154,3.562845542231785,51.56638140239929,56.10060876581811,0.2
75,7,2,6.700456999075682,8.191014022719765,3.811230303915702,51.56638140239929,56.10060876581811,0.2
75,7,3,8.19990973252776,9.630605536566998,4.566863631919195,51.56638140239929,56.10060876581811,0.2
75,7,4,8.190908481740253,9.5663274915991,4.548806808225284,51.56638140239929,56.10060876581811,0.2
75,7,5,12.060630345396884,5.585527246936474,3.4662444740816247,51.56638140239929,56.10060876581811,0.2
75,7,6,5.920551174534656,8.323594765137148,4.299834730115869,51.56638140239929,56.10060876581811,0.2
75,7,7,13.50025148579501,14.704073111061001,7.1141059467952905,51.56638140239929,56.10060876581811,0.2
75,7,8,6.166936771203526,6.735575657123266,3.1482045038287327,51.56638140239929,56.10060876581811,0.2
75,7,9,16.964820458651992,18.123263683957124,8.932001040216617,51.56638140239929,56.10060876581811,0.2
75,8,0,12.982893591389056,16.25769848166456,7.343523056848673,59.786343579728936,66.20016695738016,0.2
75,8,1,7.207546060645434,9.849110927149601,4.281204422222062,59.786343579728936,66.20016695738016,0.2
75,8,2,7.710022126301047,8.055308373448552,3.76691953974445,59.786343579728936,66.20016695738016,0.2
75,8,3,9.238649161065068,12.177457750839801,5.382080252898725,59.786343579728936,66.20016695738016,0.2
75,8,4,9.202120665248968,12.306461624394645,5.425865982019554,59.786343579728936,66.20016695738016,0.2
75,8,5,7.012124552767299,10.636536812807442,5.440946319928639,59.786343579728936,66.20016695738016,0.2
75,8,6,8.69845647337829,11.861572531732502,5.509772936942784,59.786343579728936,66.20016695738016,0.2
75,8,7,14.391655681969185,17.870232894164335,8.154646136546573,59.786343579728936,66.20016695738016,0.2
75,8,8,6.3687377689304325,7.265791601909346,3.3196988565177503,59.786343579728936,66.20016695738016,0.2
75,8,9,18.0692112941746,21.901053772845227,10.197853919016302,59.786343579728936,66.20016695738016,0.2
75,9,0,14.855760670021551,20.113831360064314,8.523333477081493,72.74973506809305,76.4693664734725,0.2
75,9,1,8.660767833588281,9.53334227957483,4.184655159715864,72.74973506809305,76.4693664734725,0.2
75,9,2,7.62038257556525,11.922635366062105,4.956663173922543,72.74973506809305,76.4693664734725,0.2
75,9,3,10.887811684521845,8.140129992740816,4.059779679994985,72.74973506809305,76.4693664734725,0.2
75,9,4,10.976389102682841,15.974225445670005,6.512829185109353,72.74973506809305,76.4693664734725,0.2
75,9,5,11.006896243338101,16.345824972964117,7.350198349588512,72.74973506809305,76.4693664734725,0.2
75,9,6,11.146130741844345,16.131863185238323,6.833029322331623,72.74973506809305,76.4693664734725,0.2
75,9,7,16.49664206341283,22.100758609883936,9.462349782477604,72.74973506809305,76.4693664734725,0.2
75,9,8,6.715666489666498,10.866358488947126,4.400068654222516,72.74973506809305,76.4693664734725,0.2
75,9,9,20.629999524201047,26.820700497423715,11.752015620437213,72.74973506809305,76.4693664734725,0.2
75,10,0,17.24248719124224,21.1292516910706,8.822303599390183,79.62081042131692,79.13711714843248,0.2
75,10,1,8.46545112721238,12.012881049381123,4.91972773490153,79.62081042131692,79.13711714843248,0.2
75,10,2,10.027203736363253,13.330363733159698,5.359425326429226,79.62081042131692,79.13711714843248,0.2
75,10,3,8.212831202698435,12.625314425407215,5.519885500198206,79.62081042131692,79.13711714843248,0.2
75,10,4,13.175288061291344,8.899906482125292,4.324596889156173,79.62081042131692,79.13711714843248,0.2
75,10,5,14.869264617728627,18.979885976689005,8.160556711918957,79.62081042131692,79.13711714843248,0.2
75,10,6,13.823044808054174,17.567879175049875,7.253333536130263,79.62081042131692,79.13711714843248,0.2
75,10,7,19.14209333263002,23.233024392018994,9.7991407362326,79.62081042131692,79.13711714843248,0.2
75,10,8,8.901227156607336,10.337156245990277,4.248947737669669,79.62081042131692,79.13711714843248,0.2
75,10,9,23.77402918136814,28.23121213707091,12.181308616982614,79.62081042131692,79.13711714843248,0.2
75,11,0,17.84729615692838,18.120551835920203,7.922880599240479,74.83189091006525,71.35850356456588,0.2
75,11,1,9.952484281124857,7.592986093972186,3.568427424102844,74.83189091006525,71.35850356456588,0.2
75,11,2,10.84198134355029,8.527491771014926,3.9201595280241763,74.83189091006525,71.35850356456588,0.2
75,11,3,11.166588200521883,12.200881752919008,5.3893250704621245,74.83189091006525,71.35850356456588,0.2
75,11,4,8.74854969233165,10.497567558279172,4.854426122352624,74.83189091006525,71.35850356456588,0.2
75,11,5,16.508599007304003,17.03756503452764,7.566578404354686,74.83189091006525,71.35850356456588,0.2
75,11,6,14.673309559789512,15.055570285457078,6.5106171940767625,74.83189091006525,71.35850356456588,0.2
75,11,7,19.823412879948165,19.95597639638514,8.809779900609122,74.83189091006525,71.35850356456588,0.2
75,11,8,8.59551337983235,9.540324271489535,4.01693522241375,74.83189091006525,71.35850356456588,0.2
75,11,9,24.642478012348132,24.582309454851497,11.056537813427445,74.83189091006525,71.35850356456588,0.2
75,12,0,16.027786266661806,14.95763179801059,6.927349578724121,64.22272309269793,61.149149683339495,0.2
75,12,1,7.218838065929934,7.897037488069742,3.6678619797208243,64.22272309269793,61.149149683339495,0.2
75,12,2,7.930383180634152,8.4200412333573,3.885516675557119,64.22272309269793,61.149149683339495,0.2
75,12,3,10.902467766485046,10.578208536897382,4.876957986801012,64.22272309269793,61.149149683339495,0.2
75,12,4,9.820380777141398,9.672264044254781,4.584009637545412,64.22272309269793,61.149149683339495,0.2
75,12,5,15.306995973984748,14.388739760286729,6.722490519792262,64.22272309269793,61.149149683339495,0.2
75,12,6,13.170813259601474,5.749841514733282,3.31889280255023,64.22272309269793,61.149149683339495,0.2
75,12,7,17.82196103230841,16.47112526568864,7.702296987811441,64.22272309269793,61.149149683339495,0.2
75,12,8,8.12615795296034,6.831821801878286,3.179627201732231,64.22272309269793,61.149149683339495,0.2
75,12,9,22.367095238046076,20.539392857054146,9.749775141773338,64.22272309269793,61.149149683339495,0.2
75,13,0,14.013852291663179,14.375388529037693,6.737469797987466,57.86805191545601,59.35146869416902,0.2
75,13,1,7.4199916470047595,8.341925576351617,3.8113116540798746,57.86805191545601,59.35146869416902,0.2
75,13,2,7.8603015697787875,5.692352298439036,2.9541535408435435,57.86805191545601,59.35146869416902,0.2
75,13,3,9.865962166769155,6.501040648793852,3.468554672176877,57.86805191545601,59.35146869416902,0.2
75,13,4,9.273335095058611,9.944458124896546,4.673934346215639,57.86805191545601,59.35146869416902,0.2
75,13,5,13.59942761742739,14.012200510961442,6.598856865568987,57.86805191545601,59.35146869416902,0.2
75,13,6,6.714035862958322,8.62764019178325,4.409187127085307,57.86805191545601,59.35146869416902,0.2
75,13,7,15.581551222017577,15.82926264033992,7.490942280250223,57.86805191545601,59.35146869416902,0.2
75,13,8,6.4323050888730595,7.423952814406298,3.370119299605481,57.86805191545601,59.35146869416902,0.2
75,13,9,19.72354753589696,19.756719924236158,9.488196465889217,57.86805191545601,59.35146869416902,0.2
75,14,0,13.629730316847674,16.363949113821807,7.377085240592948,61.84522176742285,66.27891277675276,0.2
75,14,1,7.710186695617446,6.472876626758437,3.191215816653377,61.84522176742285,66.27891277675276,0.2
75,14,2,5.976177598344917,8.557999367761479,3.9299714866904996,61.84522176742285,66.27891277675276,0.2
75,14,3,7.016798024851165,9.817600090794409,4.628755739735982,61.84522176742285,66.27891277675276,0.2
75,14,4,9.455250497241549,12.078907487203178,5.355440268778665,61.84522176742285,66.27891277675276,0.2
75,14,5,13.34931987436144,16.096834932610417,7.271644041285898,61.84522176742285,66.27891277675276,0.2
75,14,6,8.919673595663502,11.69596053462861,5.455810022298682,61.84522176742285,66.27891277675276,0.2
75,14,7,15.15398601554851,18.03721985023011,8.20791197767153,61.84522176742285,66.27891277675276,0.2
75,14,8,6.817665765707337,7.351955273521612,3.347207471067042,61.84522176742285,66.27891277675276,0.2
75,14,9,19.19438051684722,22.337103646242646,10.33956053134494,61.84522176742285,66.27891277675276,0.2
75,15,0,14.923656115492136,9.75478185203229,5.135886417928316,72.84455062916376,76.17707158235865,0.2
75,15,1,6.455748562588994,12.461960684006309,5.0477578046189615,72.84455062916376,76.17707158235865,0.2
75,15,2,7.950232523861187,13.553644691314837,5.422107102078116,72.84455062916376,76.17707158235865,0.2
75,15,3,9.363855323552958,15.545388250336327,6.385304733667727,72.84455062916376,76.17707158235865,0.2
75,15,4,10.833919673115721,17.115083691199377,6.835041256438923,72.84455062916376,76.17707158235865,0.2
75,15,5,14.710351246760947,7.757133828431963,4.362195915835861,72.84455062916376,76.17707158235865,0.2
75,15,6,11.036965135798901,17.416466913433343,7.209516741999145,72.84455062916376,76.17707158235865,0.2
75,15,7,16.604397507429827,23.507960067296075,9.880170342203519,72.84455062916376,76.17707158235865,0.2
75,15,8,6.771315718373833,12.255014977047043,4.786524930193704,72.84455062916376,76.17707158235865,0.2
75,15,9,20.916668402587757,28.44920479581261,12.247074808401436,72.84455062916376,76.17707158235865,0.2
75,16,0,10.389767807973481,15.50769920867058,7.104708690473284,81.13077391723728,81.77030421615169,0.2
75,16,1,10.211485861097364,13.795433148392046,5.420043647235316,81.13077391723728,81.77030421615169,0.2
75,16,2,10.9687849840105,9.890275519725233,4.348852695885165,81.13077391723728,81.77030421615169,0.2
75,16,3,12.917309334251637,16.934221041171075,6.779476884083436,81.13077391723728,81.77030421615169,0.2
75,16,4,13.827114899664224,18.039875034073162,7.091519291355707,81.13077391723728,81.77030421615169,0.2
75,16,5,8.824611568553074,14.277466448421539,6.686056953839093,81.13077391723728,81.77030421615169,0.2
75,16,6,14.584669297901529,18.83407986821052,7.61544347177784,81.13077391723728,81.77030421615169,0.2
75,16,7,19.98733371524363,24.76783770365372,10.247917876879052,81.13077391723728,81.77030421615169,0.2
75,16,8,9.683018389617974,11.01336390833209,4.4416529880917395,81.13077391723728,81.77030421615169,0.2
75,16,9,24.775521347588384,30.054528572328607,12.726829401468816,81.13077391723728,81.77030421615169,0.2
75,17,0,14.372645271054171,16.966542695344316,7.5662112979964675,79.41611003729753,75.39928635057403,0.2
75,17,1,10.964610667260798,8.296593299350329,3.7968016201430386,79.41611003729753,75.39928635057403,0.2
75,17,2,8.797618573417022,11.339419074534083,4.785666037325141,79.41611003729753,75.39928635057403,0.2
75,17,3,13.714709585334445,15.323330534147122,6.321319565694411,79.41611003729753,75.39928635057403,0.2
75,17,4,14.345963451557548,9.352700669495722,4.477460321484893,79.41611003729753,75.39928635057403,0.2
75,17,5,13.525723438661183,16.313968135480856,7.340167910043164,79.41611003729753,75.39928635057403,0.2
75,17,6,15.405848764551779,16.994091232279853,7.086677594018676,79.41611003729753,75.39928635057403,0.2
75,17,7,20.731277639683974,22.28016125705999,9.516051902190707,79.41611003729753,75.39928635057403,0.2
75,17,8,8.985351208074338,10.881019438336883,4.4042234311228015,79.41611003729753,75.39928635057403,0.2
75,17,9,25.74605270696169,27.28294842767135,11.893431893083827,79.41611003729753,75.39928635057403,0.2
75,18,0,15.306253327143995,14.710617907033033,6.847069847072102,68.150417871879,64.06091594068918,0.2
75,18,1,7.680833265416325,8.371926483562703,3.82090138886619,68.150417871879,64.06091594068918,0.2
75,18,2,9.681280871154724,9.683369537341393,4.2849659816093695,68.150417871879,64.06091594068918,0.2
75,18,3,12.78786896421614,6.178144456452735,3.347042048215483,68.150417871879,64.06091594068918,0.2
75,18,4,9.057788534273545,9.47834624637528,4.519481572905557,68.150417871879,64.06091594068918,0.2
75,18,5,14.848973293231207,14.332093062818785,6.703953628498977,68.150417871879,64.06091594068918,0.2
75,18,6,14.336168820789892,13.369653405030041,5.991260697845715,68.150417871879,64.06091594068918,0.2
75,18,7,19.250731357152414,17.777588311077558,8.125029800133783,68.150417871879,64.06091594068918,0.2
75,18,8,8.909632164774418,7.192672862226205,3.296278125898817,68.150417871879,64.06091594068918,0.2
75,18,9,24.060110709950706,22.115722754452555,10.267721356373434,68.150417871879,64.06091594068918,0.2
75,19,0,13.851448433073301,13.965195134839913,6.602311692581474,59.25002285189218,59.14007580206207,0.2
75,19,1,7.729586485578154,8.462489725637543,3.8497874578608036,59.25002285189218,59.14007580206207,0.2
75,19,2,8.668377372711573,6.670994676023484,3.3011270571458624,59.25002285189218,59.14007580206207,0.2
75,19,3,6.770981072145709,8.419521433858426,4.156824719905116,59.25002285189218,59.14007580206207,0.2
75,19,4,9.14279645885247,9.672899578643298,4.584220476178967,59.25002285189218,59.14007580206207,0.2
75,19,5,13.561927957048107,13.705447122314126,6.497398649359431,59.25002285189218,59.14007580206207,0.2
75,19,6,12.120168255738667,5.594654890660571,3.25593273955439,59.25002285189218,59.14007580206207,0.2
75,19,7,16.436728966896993,16.12403278361051,7.588318342532735,59.25002285189218,59.14007580206207,0.2
75,19,8,6.668286946346698,7.515840334387386,3.3992641542892694,59.25002285189218,59.14007580206207,0.2
75,19,9,20.771339575831615,20.126705027907192,9.612230038093655,59.25002285189218,59.14007580206207,0.2
75,20,0,13.356308901679325,13.722537837295832,6.521796198615871,60.026450756108915,59.14007580206207,0.2
75,20,1,7.788022269650692,8.025553387949415,3.709544086675049,60.026450756108915,59.14007580206207,0.2
75,20,2,6.678096211130623,6.876082952625266,3.371844977915141,60.026450756108915,59.14007580206207,0.2
75,20,3,8.409150854173225,8.664995936600024,4.241294034211145,60.026450756108915,59.14007580206207,0.2
75,20,4,9.273761616260469,9.586540397039316,4.555532570174093,60.026450756108915,59.14007580206207,0.2
75,20,5,13.144072479296643,13.509906919163106,6.432368518267113,60.026450756108915,59.14007580206207,0.2
75,20,6,6.586669254261781,6.784226870581739,3.726356206361006,60.026450756108915,59.14007580206207,0.2
75,20,7,15.350975316876976,15.770932938230093,7.471609071803201,60.026450756108915,59.14007580206207,0.2
75,20,8,6.876625066657733,7.0975880745044435,3.2657142860829462,60.026450756108915,59.14007580206207,0.2
75,20,9,19.44529728383395,19.94305226775448,9.550748693563307,60.026450756108915,59.14007580206207,0.2
76,0,0,2.0,2.0,1.3503910474629632,17.744071719153755,17.744071719153755,0.0
76,0,1,2.0,2.0,1.8157113215790452,17.744071719153755,17.744071719153755,0.0
76,0,2,2.0,2.0,1.7868526375019846,17.744071719153755,17.744071719153755,0.0
76,0,3,2.0,2.0,1.4460425777350916,17.744071719153755,17.744071719153755,0.0
76,0,4,2.0,2.0,1.381641810859981,17.744071719153755,17.744071719153755,0.0
76,0,5,2.0,2.0,1.4258371127528195,17.744071719153755,17.744071719153755,0.0
76,0,6,2.0,2.0,1.3434137595984041,17.744071719153755,17.744071719153755,0.0
76,0,7,2.0,2.0,1.5041948201589401,17.744071719153755,17.744071719153755,0.0
76,0,8,2.0,2.0,1.3861289649916435,17.744071719153755,17.744071719153755,0.0
76,0,9,2.0,2.0,1.5832461710236012,17.744071719153755,17.744071719153755,0.0
76,1,0,2.7318067985556667,2.7176919223798417,1.673704214138739,17.744071719153755,26.701290021097613,0.0
76,1,1,3.673137897220969,4.490572122171404,3.1984309383940133,17.744071719153755,26.701290021097613,0.0
76,1,2,3.614757512141256,4.414263093121492,3.1100580137924285,17.744071719153755,26.701290021097613,0.0
76,1,3,2.9253074154181467,3.513082544423996,2.1450722847424064,17.744071719153755,26.701290021097613,0.0
76,1,4,2.7950262993576143,3.3427920357789507,1.9794795592412642,17.744071719153755,26.701290021097613,0.0
76,1,5,2.884432272836114,3.4596546261522563,2.092530706726623,17.744071719153755,26.701290021097613,0.0
76,1,6,2.7176919223798413,2.9920178753649647,1.780999197845537,17.744071719153755,26.701290021097613,0.0
76,1,7,3.0429479251824736,3.66685051057898,2.2992613309889096,17.744071719153755,26.701290021097613,0.0
76,1,8,2.804103698223723,3.354657108145734,1.9908399035073223,17.744071719153755,26.701290021097613,0.0
76,1,9,3.2028668006317824,3.8758805485896533,2.515861436344932,17.744071719153755,26.701290021097613,0.0
76,2,0,3.3858611248538204,5.046124354229293,2.581125475755901,28.94812610206704,39.122721790077875,0.2
76,2,1,6.47034457065681,8.673155969218389,5.070488639993598,28.94812610206704,39.122721790077875,0.2
76,2,2,6.291568388240303,8.437868510944327,4.89475172312829,28.94812610206704,39.122721790077875,0.2
76,2,3,4.339426762241892,6.066611390780451,3.144288642829833,28.94812610206704,39.122721790077875,0.2
76,2,4,4.004436883446957,4.498073328426635,2.4366493850189896,28.94812610206704,39.122721790077875,0.2
76,2,5,4.233136484103555,5.929003290274181,3.0509571045530803,28.94812610206704,39.122721790077875,0.2
76,2,6,3.6029161523525777,4.03077423949819,2.1941217735910525,28.94812610206704,39.122721790077875,0.2
76,2,7,4.651347287478167,6.5111473684278875,3.4367137407271846,28.94812610206704,39.122721790077875,0.2
76,2,8,4.027418571424121,5.753083379854857,2.904110316808256,28.94812610206704,39.122721790077875,0.2
76,2,9,5.089523800489806,6.962237084988265,3.790981064488813,28.94812610206704,39.122721790077875,0.2
76,3,0,5.221551294969311,7.852638196357939,3.517624397906246,42.68014081549136,50.92720997846571,0.2
76,3,1,10.25746976385645,13.819342982383665,7.025334084201306,42.68014081549136,50.92720997846571,0.2
76,3,2,9.901958443523126,13.364901534237848,6.753731252117605,42.68014081549136,50.92720997846571,0.2
76,3,3,6.360816081565065,9.10241616318756,4.1770508765147145,42.68014081549136,50.92720997846571,0.2
76,3,4,4.92927983208799,7.488106393237161,3.4812472924433706,42.68014081549136,50.92720997846571,0.2
76,3,5,6.172008749597705,5.317015458876153,2.826939172254242,42.68014081549136,50.92720997846571,0.2
76,3,6,4.438652632669684,7.048667268581822,3.2446189650878283,42.68014081549136,50.92720997846571,0.2
76,3,7,6.9523846290647855,9.915417791380063,4.613184291756293,42.68014081549136,50.92720997846571,0.2
76,3,8,5.874941426868452,6.124894337598707,3.0342521090217223,42.68014081549136,50.92720997846571,0.2
76,3,9,7.6690584291291195,10.65916766852314,5.107798485664288,42.68014081549136,50.92720997846571,0.2
76,4,0,7.116064833974784,6.771589791286949,3.17118809371699,51.64589480672848,55.49219030257216,0.2
76,4,1,14.212072458124283,16.613098976149885,7.991738436624102,51.64589480672848,55.49219030257216,0.2
76,4,2,13.662626825626054,16.022516630001377,7.6679496458999745,51.64589480672848,55.49219030257216,0.2
76,4,3,8.450067855391916,5.883890054326381,3.07769279584286,51.64589480672848,55.49219030257216,0.2
76,4,4,7.042474873346742,8.94042534688492,3.941170261295989,51.64589480672848,55.49219030257216,0.2
76,4,5,5.71882616104153,8.118562631513928,3.80175669577351,51.64589480672848,55.49219030257216,0.2
76,4,6,6.56378177580645,8.437940187854387,3.6800549622019196,51.64589480672848,55.49219030257216,0.2
76,4,7,9.332354679695618,11.32080643484992,5.061709856245937,51.64589480672848,55.49219030257216,0.2
76,4,8,6.138214967827496,8.288957291135905,3.7500112720823235,51.64589480672848,55.49219030257216,0.2
76,4,9,10.332946634239844,12.420330140555372,5.68487143319418,51.64589480672848,55.49219030257216,0.2
76,5,0,6.415232987652385,6.811001752562986,3.184096691969603,51.292527493463254,51.664247613981836,0.2
76,5,1,16.16708392318273,15.596908930264844,7.646325469445482,51.292527493463254,51.664247613981836,0.2
76,5,2,15.512067421512274,15.032342618890796,7.333079723260905,51.292527493463254,51.664247613981836,0.2
76,5,3,6.226094374177875,7.142641170465493,3.525017412403804,51.292527493463254,51.664247613981836,0.2
76,5,4,7.972887360517758,5.26489211256875,2.7204898102485875,51.292527493463254,51.664247613981836,0.2
76,5,5,7.690857257592601,8.010589047071866,3.7662924047037163,51.292527493463254,51.664247613981836,0.2
76,5,6,7.444657740947773,5.9656335483730905,2.8870107157060736,51.292527493463254,51.664247613981836,0.2
76,5,7,10.239710507254472,9.966339234437255,4.629755515826029,51.292527493463254,51.664247613981836,0.2
76,5,8,7.5861775794361845,7.670686544606031,3.551948064734184,51.292527493463254,51.664247613981836,0.2
76,5,9,11.500350553487134,11.321758055915105,5.328036094976611,51.292527493463254,51.664247613981836,0.2
76,6,0,6.441346754129557,6.450642991358069,3.0652129930490277,46.710037497056405,47.109418846221416,0.2
76,6,1,15.46832226164726,14.398669792326464,7.230219215764374,46.710037497056405,47.109418846221416,0.2
76,6,2,14.834634071360929,13.88080836085416,6.935185332302299,46.710037497056405,47.109418846221416,0.2
76,6,3,7.131020714572626,7.3168938647761665,3.584997131269521,46.710037497056405,47.109418846221416,0.2
76,6,4,5.503481804771324,6.202824849973037,3.0513156251247118,46.710037497056405,47.109418846221416,0.2
76,6,5,7.619113897302679,7.561379059306555,3.6171758685678017,46.710037497056405,47.109418846221416,0.2
76,6,6,5.84034936804868,6.133322325716457,2.9435800264535787,46.710037497056405,47.109418846221416,0.2
76,6,7,9.365877845195822,4.470438525618242,2.6413635525884462,46.710037497056405,47.109418846221416,0.2
76,6,8,7.185500740387289,5.283485812137121,2.7360688625045744,46.710037497056405,47.109418846221416,0.2
76,6,9,10.778481725387987,10.294196625025583,4.984736098921055,46.710037497056405,47.109418846221416,0.2
76,7,0,6.200848050025419,5.7617706880143365,2.8322248699417165,45.79310867254353,49.615976462007346,0.2
76,7,1,14.626549876630946,15.37228860321818,7.569074418223724,45.79310867254353,49.615976462007346,0.2
76,7,2,14.029703822178647,14.79692638483205,7.252501040717398,45.79310867254353,49.615976462007346,0.2
76,7,3,7.252358162773768,8.235100497830693,3.894290239411986,45.79310867254353,49.615976462007346,0.2
76,7,4,6.172734027610206,7.24571159511687,3.401975650205257,45.79310867254353,49.615976462007346,0.2
76,7,5,7.317454931213942,5.027902656248299,2.718439802030066,45.79310867254353,49.615976462007346,0.2
76,7,6,5.9547876472271275,6.925809397486565,3.204927207024797,45.79310867254353,49.615976462007346,0.2
76,7,7,5.343411394776867,7.005602235403643,3.6173865921513406,45.79310867254353,49.615976462007346,0.2
76,7,8,5.5349978318865185,6.731699950739229,3.2416786960657933,45.79310867254353,49.615976462007346,0.2
76,7,9,10.083994550779833,10.925047006745107,5.196653611327498,45.79310867254353,49.615976462007346,0.2
76,8,0,5.72951899324364,8.377880278436502,3.680717262959796,52.87567962379592,58.38264216309567,0.2
76,8,1,15.312045346660561,18.853953192741514,8.731874834863138,52.87567962379592,58.38264216309567,0.2
76,8,2,14.671625442708828,18.10622056710106,8.353090854940119,52.87567962379592,58.38264216309567,0.2
76,8,3,7.8780502666701935,10.567509912827685,4.63704113380351,52.87567962379592,58.38264216309567,0.2
76,8,4,6.882110354042795,6.238298652278502,3.063520451329572,52.87567962379592,58.38264216309567,0.2
76,8,5,5.499334690201087,8.360520891744361,3.880719502922522,52.87567962379592,58.38264216309567,0.2
76,8,6,6.483486357137222,7.081495339767542,3.2551895058393754,52.87567962379592,58.38264216309567,0.2
76,8,7,7.3178812196725405,10.290307472363565,4.734596121043367,52.87567962379592,58.38264216309567,0.2
76,8,8,6.557833686237085,9.261980186783187,4.052988160956288,52.87567962379592,58.38264216309567,0.2
76,8,9,10.512698297159494,13.440427001550065,6.007815623358048,52.87567962379592,58.38264216309567,0.2
76,9,0,7.445997558563164,11.45794721603772,4.582614502700432,64.15877701146773,67.5973345621899,0.2
76,9,1,17.664361062546583,23.282628480242067,10.121577628609236,64.15877701146773,67.5973345621899,0.2
76,9,2,16.898090689618876,22.33157777623437,9.674116792762893,64.15877701146773,67.5973345621899,0.2
76,9,3,9.380616465360662,8.535480606224253,3.993187193459708,64.15877701146773,67.5973345621899,0.2
76,9,4,6.197424081105648,10.258399050576788,4.339404975815822,64.15877701146773,67.5973345621899,0.2
76,9,5,7.85059701135354,12.014726308398139,5.002056986999723,64.15877701146773,67.5973345621899,0.2
76,9,6,6.585165711329228,10.562982729472502,4.306648172911033,64.15877701146773,67.5973345621899,0.2
76,9,7,9.577967727334402,14.127715981013965,5.91062573831154,64.15877701146773,67.5973345621899,0.2
76,9,8,8.199092132140107,7.397645747397868,3.4629650865746004,64.15877701146773,67.5973345621899,0.2
76,9,9,12.153658449671113,16.737290920686952,7.00498266468794,64.15877701146773,67.5973345621899,0.2
76,10,0,9.270512772693857,8.639503367735998,3.7608039811010254,70.38314567480491,69.84215564884518,0.2
76,10,1,20.47569452559038,24.29139941478528,10.42659678903207,70.38314567480491,69.84215564884518,0.2
76,10,2,19.57049261704028,23.287101532596065,9.962046080396746,70.38314567480491,69.84215564884518,0.2
76,10,3,8.078116293419697,11.504266149516376,4.9210902297278585,70.38314567480491,69.84215564884518,0.2
76,10,4,8.778506075622571,11.665026984908032,4.747822713207744,70.38314567480491,69.84215564884518,0.2
76,10,5,10.1190342675339,13.075722380632076,5.307315450789537,70.38314567480491,69.84215564884518,0.2
76,10,6,8.712239895139243,7.661869375356036,3.4397201908446733,70.38314567480491,69.84215564884518,0.2
76,10,7,11.957045780163487,15.134487321207205,6.202410291206882,70.38314567480491,69.84215564884518,0.2
76,10,8,7.005490435114031,10.441516585453414,4.407751984809967,70.38314567480491,69.84215564884518,0.2
76,10,9,14.170902053232068,17.379058414035363,7.191936090700775,70.38314567480491,69.84215564884518,0.2
76,11,0,7.608010955721902,8.898637492461965,3.839414614736204,66.04259493854588,62.16074324410821,0.2
76,11,1,21.092740541778287,21.23810149572801,9.490886700643651,66.04259493854588,62.16074324410821,0.2
76,11,2,20.152966254538995,20.390004904691732,9.077366525828017,66.04259493854588,62.16074324410821,0.2
76,11,3,9.955240573560706,11.007887551813344,4.7714774185630935,66.04259493854588,62.16074324410821,0.2
76,11,4,9.604724787420254,6.134620431913996,3.027790751037326,66.04259493854588,62.16074324410821,0.2
76,11,5,10.736564388356582,7.083106426980332,3.4554574923978643,66.04259493854588,62.16074324410821,0.2
76,11,6,6.958466601309716,8.530987766677416,3.708414910702002,66.04259493854588,62.16074324410821,0.2
76,11,7,12.547318521389492,13.042996648796473,5.589169233326925,66.04259493854588,62.16074324410821,0.2
76,11,8,8.916770339283037,9.885789244559799,4.242194582865844,66.04259493854588,62.16074324410821,0.2
76,11,9,14.549104086750171,15.070745815906559,6.509112398808063,66.04259493854588,62.16074324410821,0.2
76,12,0,7.767038271407094,7.679944063834349,3.4632926640044506,55.9447297965061,52.88671517513931,0.2
76,12,1,19.199822793442348,17.59680183039169,8.320116833376888,55.9447297965061,52.88671517513931,0.2
76,12,2,18.36328198030262,16.92348295655061,7.967288883915129,55.9447297965061,52.88671517513931,0.2
76,12,3,9.652577655690509,9.38000040880385,4.2658156558990585,55.9447297965061,52.88671517513931,0.2
76,12,4,6.125143804698239,7.147223383255389,3.369540024936808,55.9447297965061,52.88671517513931,0.2
76,12,5,6.990302762734735,7.722205567696887,3.670860397651395,55.9447297965061,52.88671517513931,0.2
76,12,6,7.502029196619644,7.570257476930734,3.4108785095459155,55.9447297965061,52.88671517513931,0.2
76,12,7,11.306747433320366,5.681868033771551,3.1241141341259344,55.9447297965061,52.88671517513931,0.2
76,12,8,8.581851919146983,4.926172732107753,2.605189907012196,55.9447297965061,52.88671517513931,0.2
76,12,9,13.167769096984141,12.393914011948862,5.676405138620717,55.9447297965061,52.88671517513931,0.2
76,13,0,7.006153115936449,5.267101988899447,2.659737414983963,50.04895726664106,51.164898608648876,0.2
76,13,1,16.831385081305353,16.604710947877457,7.98891367742255,50.04895726664106,51.164898608648876,0.2
76,13,2,16.117623098899642,15.96063574804879,7.647207437201527,50.04895726664106,51.164898608648876,0.2
76,13,3,8.62963675008358,8.948495534691263,4.127481179940456,50.04895726664106,51.164898608648876,0.2
76,13,4,6.8164939077621245,7.470301024964465,3.4754507782665294,50.04895726664106,51.164898608648876,0.2
76,13,5,7.426057370339519,7.999352068305791,3.762593368259615,50.04895726664106,51.164898608648876,0.2
76,13,6,6.900120612418759,4.627319496838765,2.4166816022731488,50.04895726664106,51.164898608648876,0.2
76,13,7,6.320003562748109,7.438317496286922,3.772379621355558,50.04895726664106,51.164898608648876,0.2
76,13,8,5.270233028333013,6.3225655938320005,3.102472798043084,50.04895726664106,51.164898608648876,0.2
76,13,9,11.483223454549522,11.621326257794863,5.4263329161487475,50.04895726664106,51.164898608648876,0.2
76,14,0,5.380581251835753,8.01113906223194,3.5671760419264134,53.31467899244204,57.17738769076257,0.2
76,14,1,16.161369507047063,19.25737115949806,8.86224404384779,53.31467899244204,57.17738769076257,0.2
76,14,2,15.470106460021945,18.487148999106324,8.475721921909885,53.31467899244204,57.17738769076257,0.2
76,14,3,8.349789617944836,6.17990051123894,3.185276387356006,53.31467899244204,57.17738769076257,0.2
76,14,4,7.0307486723578005,5.335927869231203,2.7461321676810595,53.31467899244204,57.17738769076257,0.2
76,14,5,7.611630840505845,10.081343685364441,4.423966321498415,53.31467899244204,57.17738769076257,0.2
76,14,6,4.888885514634795,7.588368028152899,3.416588423924722,53.31467899244204,57.17738769076257,0.2
76,14,7,7.631428182016743,10.431468383406294,4.779967063609017,53.31467899244204,57.17738769076257,0.2
76,14,8,6.276223689390662,8.877960373527202,3.9346117392534525,53.31467899244204,57.17738769076257,0.2
76,14,9,10.977333698569348,13.614889046221801,6.062298601203058,53.31467899244204,57.17738769076257,0.2
76,15,0,7.2163065515633456,11.570792736232553,4.614160883388491,62.84142177335125,66.16704301698954,0.2
76,15,1,17.928094661858943,23.891296776278605,10.306082407676762,62.84142177335125,66.16704301698954,0.2
76,15,2,17.146170224129666,22.918810832256085,9.851496255148472,62.84142177335125,66.16704301698954,0.2
76,15,3,6.443733247940261,11.336134249867142,4.87063482919666,62.84142177335125,66.16704301698954,0.2
76,15,4,5.555355642721173,10.181924031572194,4.316734785244469,62.84142177335125,66.16704301698954,0.2
76,15,5,8.949571530673333,8.16371787775244,3.816546070692356,62.84142177335125,66.16704301698954,0.2
76,15,6,6.9116716242153045,11.177470197691182,4.480528659273653,62.84142177335125,66.16704301698954,0.2
76,15,7,9.66975199204097,14.555864066468565,6.0354504065031565,62.84142177335125,66.16704301698954,0.2
76,15,8,7.9596196369661705,12.463683629381109,4.989248477049977,62.84142177335125,66.16704301698954,0.2
76,15,9,12.263876130366036,6.6325897219003,3.6644233592285365,62.84142177335125,66.16704301698954,0.2
76,16,0,9.334330299768975,9.333358299785676,3.9697678480890373,70.46980536629967,71.14402054735051,0.2
76,16,1,20.84894300851658,25.590107335802738,10.813748875096564,70.46980536629967,71.14402054735051,0.2
76,16,2,19.929326765251975,24.522584663942222,10.329138728708235,70.46980536629967,71.14402054735051,0.2
76,16,3,9.853170579499407,13.498224920202748,5.503687238847489,70.46980536629967,71.14402054735051,0.2
76,16,4,8.732644855760572,12.095732203883639,4.869865699512108,70.46980536629967,71.14402054735051,0.2
76,16,5,7.7207757875070255,11.568407674935829,4.871250093563206,70.46980536629967,71.14402054735051,0.2
76,16,6,9.063995703705945,8.316084522858459,3.6427722665337354,70.46980536629967,71.14402054735051,0.2
76,16,7,12.209562914243985,16.046319919642617,6.461686809812367,70.46980536629967,71.14402054735051,0.2
76,16,8,10.093122977151886,13.585959434362707,5.299633799982472,70.46980536629967,71.14402054735051,0.2
76,16,9,7.413035405065707,12.173546459024628,5.605565501347817,70.46980536629967,71.14402054735051,0.2
76,17,0,8.030739552421954,10.132365269928503,4.204710888022056,69.09576059970352,65.31406134194931,0.2
76,17,1,21.87593938093899,23.36536577264024,10.146741899056456,69.09576059970352,65.31406134194931,0.2
76,17,2,20.895585360494398,22.424777705775245,9.7023613044899,69.09576059970352,65.31406134194931,0.2
76,17,3,11.133819529131614,12.856034687017935,5.319061460972765,69.09576059970352,65.31406134194931,0.2
76,17,4,9.851614649678057,11.60046933308132,4.729414325393765,69.09576059970352,65.31406134194931,0.2
76,17,5,9.85441524368953,11.850162273191037,4.953999129715262,69.09576059970352,65.31406134194931,0.2
76,17,6,7.369235794330031,9.728229737872363,4.065485981665218,69.09576059970352,65.31406134194931,0.2
76,17,7,13.071828334723198,6.907508075128316,3.5818555930950358,69.09576059970352,65.31406134194931,0.2
76,17,8,10.721024603833945,8.107584485140073,3.692382465129623,69.09576059970352,65.31406134194931,0.2
76,17,9,11.339916667176414,13.909908446479731,6.153956746989142,69.09576059970352,65.31406134194931,0.2
76,18,0,8.506023356300965,8.334251061522476,3.667289191298696,59.03478386608755,55.81703194252032,0.2
76,18,1,20.526601205709124,18.88439931234161,8.741742852788164,59.03478386608755,55.81703194252032,0.2
76,18,2,19.627630547051503,18.153668555249936,8.368407536688807,59.03478386608755,55.81703194252032,0.2
76,18,3,10.76032626869097,5.7738809966537055,3.0372991155096924,59.03478386608755,55.81703194252032,0.2
76,18,4,9.567485086316523,6.6625346788934126,3.2079095030499296,59.03478386608755,55.81703194252032,0.2
76,18,5,10.021814442579965,9.766028866186174,4.3266475635246575,59.03478386608755,55.81703194252032,0.2
76,18,6,8.224374906077275,8.21213034119546,3.610836957026937,59.03478386608755,55.81703194252032,0.2
76,18,7,7.246002910819822,8.428465366453986,4.11724818201172,59.03478386608755,55.81703194252032,0.2
76,18,8,7.4695959663383995,7.888070176193905,3.622114524402437,59.03478386608755,55.81703194252032,0.2
76,18,9,12.449298231817206,12.166304712509188,5.603231062863479,59.03478386608755,55.81703194252032,0.2
76,19,0,7.418832910571603,5.8444726705258185,2.860620757246137,51.625244028372315,51.827267570771006,0.2
76,19,1,17.684323812230463,16.71353391280704,8.02552783649779,51.625244028372315,51.827267570771006,0.2
76,19,2,16.92907594786018,16.06725140956564,7.682929588955389,51.625244028372315,51.827267570771006,0.2
76,19,3,6.144378984580064,6.987566035458213,3.471268691760045,51.625244028372315,51.827267570771006,0.2
76,19,4,6.489519466266661,7.045721095362056,3.3359711309021365,51.625244028372315,51.827267570771006,0.2
76,19,5,8.752698154506348,8.669138269476102,3.980449043529617,51.625244028372315,51.827267570771006,0.2
76,19,6,7.304631474130668,5.203081092240685,2.623440455437702,51.625244028372315,51.827267570771006,0.2
76,19,7,8.329088522981387,8.549076605770601,4.158402640483888,51.625244028372315,51.827267570771006,0.2
76,19,8,7.327445706560186,7.424883331707921,3.4718854319602217,51.625244028372315,51.827267570771006,0.2
76,19,9,11.335194157400965,11.123769588461366,5.262642135650086,51.625244028372315,51.827267570771006,0.2
76,20,0,5.786963152204093,5.983289794127609,2.908014580383011,52.60404019556725,51.827267570771006,0.2
76,20,1,16.235439021113418,16.67067740568919,8.011117061878767,52.60404019556725,51.827267570771006,0.2
76,20,2,15.542371465927884,15.955577028476148,7.645510710166959,52.60404019556725,51.827267570771006,0.2
76,20,3,7.02228841755085,7.236987797909322,3.5575463900354523,52.60404019556725,51.827267570771006,0.2
76,20,4,6.748584887544464,6.946575675022993,3.3030413468746085,52.60404019556725,51.827267570771006,0.2
76,20,5,8.052347339570796,8.299186860932076,3.8607688261531607,52.60404019556725,51.827267570771006,0.2
76,20,6,5.3071534243618785,5.480260200574931,2.720505577068511,52.60404019556725,51.827267570771006,0.2
76,20,7,8.412342947435963,8.678780145053725,4.2024656526232755,52.60404019556725,51.827267570771006,0.2
76,20,8,7.023536067314931,7.2628596055777574,3.4186764177997215,52.60404019556725,51.827267570771006,0.2
76,20,9,10.64619140621837,10.945100779692007,5.2033289774445315,52.60404019556725,51.827267570771006,0.2
77,0,0,2.0,2.0,1.4440765875491652,18.253056367114464,18.253056367114464,0.0
77,0,1,2.0,2.0,1.5169305017605905,18.253056367114464,18.253056367114464,0.0
77,0,2,2.0,2.0,1.4443786684299458,18.253056367114464,18.253056367114464,0.0
77,0,3,2.0,2.0,1.3864131840477523,18.253056367114464,18.253056367114464,0.0
77,0,4,2.0,2.0,1.5264764894755207,18.253056367114464,18.253056367114464,0.0
77,0,5,2.0,2.0,1.5534429519851642,18.253056367114464,18.253056367114464,0.0
77,0,6,2.0,2.0,1.4367355972972122,18.253056367114464,18.253056367114464,0.0
77,0,7,2.0,2.0,1.57810725253988,18.253056367114464,18.253056367114464,0.0
77,0,8,2.0,2.0,1.3848617704753152,18.253056367114464,18.253056367114464,0.0
77,0,9,2.0,2.0,1.5897949619295946,18.253056367114464,18.253056367114464,0.0
77,1,0,2.9213302671943797,3.5401120141022706,2.15367979021664,18.253056367114464,27.411279684013472,0.0
77,1,1,3.0687118856656186,3.7352414463555874,2.348917497144017,18.253056367114464,27.411279684013472,0.0
77,1,2,2.9219413691454634,3.540921097202326,2.154474922966079,18.253056367114464,27.411279684013472,0.0
77,1,3,2.80467866615706,2.8015401958950457,1.7552924437918342,18.253056367114464,27.411279684013472,0.0
77,1,4,3.088023176411784,3.76080909338284,2.3750131828817915,18.253056367114464,27.411279684013472,0.0
77,1,5,3.142575645309769,3.8330351443279795,2.449369315572488,18.253056367114464,27.411279684013472,0.0
77,1,6,2.9064796303243474,3.5204501568699524,2.134394018476393,18.253056367114464,27.411279684013472,0.0
77,1,7,3.1924708990317026,3.899095163425922,2.5181999050968713,18.253056367114464,27.411279684013472,0.0
77,1,8,2.801540195895044,3.105343529163566,1.8843526614251007,18.253056367114464,27.411279684013472,0.0
77,1,9,3.216114838341246,3.930399124541017,2.551089983000169,18.253056367114464,27.411279684013472,0.0
77,2,0,4.356839527245993,4.150509898568314,2.4073556075960565,29.71785933506862,40.04540022874619,0.2
77,2,1,4.751800450691583,6.72300716036539,3.5443711159753954,29.71785933506862,40.04540022874619,0.2
77,2,2,4.358448060607315,4.742546459197557,2.643432253656663,29.71785933506862,40.04540022874619,0.2
77,2,3,3.5509120416732016,5.334523799441107,2.7551080936468106,29.71785933506862,40.04540022874619,0.2
77,2,4,4.8045913602917,6.928422273454263,3.6426141241770655,29.71785933506862,40.04540022874619,0.2
77,2,5,4.955011928600691,7.042286616497474,3.7495046771835754,29.71785933506862,40.04540022874619,0.2
77,2,6,4.31782490073882,6.310975270349477,3.211614352672031,29.71785933506862,40.04540022874619,0.2
77,2,7,5.094254463394273,7.182328578371486,3.8619016307728784,29.71785933506862,40.04540022874619,0.2
77,2,8,3.8119975847209093,5.639649825341718,2.8612903278429047,29.71785933506862,40.04540022874619,0.2
77,2,9,5.160790255815334,7.275508343773193,3.925766453696755,29.71785933506862,40.04540022874619,0.2
77,3,0,4.870019264217896,7.61821169205756,3.6827001163101394,43.68671816716654,52.3880166372759,0.2
77,3,1,7.170172765449618,9.96882513417226,4.669769794039925,43.68671816716654,52.3880166372759,0.2
77,3,2,5.34759632450737,7.970510109117494,3.801897033632786,43.68671816716654,52.3880166372759,0.2
77,3,3,5.573513713024321,5.794739024661793,2.9194120736940543,43.68671816716654,52.3880166372759,0.2
77,3,4,7.368915876358197,10.414239984236467,4.845163419538659,43.68671816716654,52.3880166372759,0.2
77,3,5,7.585152750819975,10.568317470073318,4.981709602304906,43.68671816716654,52.3880166372759,0.2
77,3,6,6.497014282974978,9.33704335228391,4.224763650988581,43.68671816716654,52.3880166372759,0.2
77,3,7,7.812528933836787,10.794761153395207,5.136468688368797,43.68671816716654,52.3880166372759,0.2
77,3,8,5.788317676518957,6.534578600498838,3.172033315212716,43.68671816716654,52.3880166372759,0.2
77,3,9,7.94172584889319,10.966419914558067,5.231973425008256,43.68671816716654,52.3880166372759,0.2
77,4,0,7.450008820540337,9.931675300200379,4.433890757889529,53.12731637028518,56.44122805600754,0.2
77,4,1,9.446825713940497,11.821700144765225,5.261634113747387,53.12731637028518,56.44122805600754,0.2
77,4,2,7.6911411575183175,10.097377197231875,4.486483500372915,53.12731637028518,56.44122805600754,0.2
77,4,3,5.905896492491114,8.529659739345,3.8266952515739576,53.12731637028518,56.44122805600754,0.2
77,4,4,9.801642564556438,6.07314237540803,3.321685774759612,53.12731637028518,56.44122805600754,0.2
77,4,5,10.077872024977152,12.515800006669826,5.607836492556519,53.12731637028518,56.44122805600754,0.2
77,4,6,8.5465895865827,7.170479016231257,3.5118792392703924,53.12731637028518,56.44122805600754,0.2
77,4,7,10.390945726288988,12.86602126104933,5.807998614379385,53.12731637028518,56.44122805600754,0.2
77,4,8,6.4169428492755385,8.895755539782293,3.936528658025721,53.12731637028518,56.44122805600754,0.2
77,4,9,10.584149383360106,13.078689662137426,5.91854676784233,53.12731637028518,56.44122805600754,0.2
77,5,0,8.96964841348147,9.09918316184727,4.1703347321286985,52.1697418329045,52.242133585150185,0.2
77,5,1,10.644152203505895,10.609366468756264,4.877837215260941,52.1697418329045,52.242133585150185,0.2
77,5,2,9.076042196038554,5.58543473778739,2.9641484907531424,52.1697418329045,52.242133585150185,0.2
77,5,3,7.74130732271249,8.13527500547488,3.701964498400741,52.1697418329045,52.242133585150185,0.2
77,5,4,6.719685974815996,7.875443738689747,3.984388207911273,52.1697418329045,52.242133585150185,0.2
77,5,5,11.344510824724368,11.136767172971961,5.167800151019642,52.1697418329045,52.242133585150185,0.2
77,5,6,7.104442523941191,7.712538734004472,3.6956769900048094,52.1697418329045,52.242133585150185,0.2
77,5,7,11.749433714457929,11.584782141888137,5.39680875657925,52.1697418329045,52.242133585150185,0.2
77,5,8,7.963497514966176,6.430719508279378,3.1366576960309756,52.1697418329045,52.242133585150185,0.2
77,5,9,11.973069821765675,11.77322166502536,5.4985331039020275,52.1697418329045,52.242133585150185,0.2
77,6,0,8.43648126584197,4.879154775779276,2.695941390450658,47.232508579650684,47.67409980521312,0.2
77,6,1,9.867740823617353,9.385957070661624,4.47692358380991,47.232508579650684,47.67409980521312,0.2
77,6,2,5.996397128210405,6.696148876102658,3.365407354298279,47.232508579650684,47.67409980521312,0.2
77,6,3,7.488980176329429,5.616630849809308,2.8563064421489393,47.232508579650684,47.67409980521312,0.2
77,6,4,8.060316169087736,7.973328407981731,4.01898957274682,47.232508579650684,47.67409980521312,0.2
77,6,5,10.454328479632236,9.78349256931466,4.71976152587337,47.232508579650684,47.67409980521312,0.2
77,6,6,7.476260706503076,7.286057648689532,3.5514088894716016,47.232508579650684,47.67409980521312,0.2
77,6,7,10.917607073466844,10.259479837390272,4.95682125536795,47.232508579650684,47.67409980521312,0.2
77,6,8,6.345378869963506,6.5684279114337425,3.183526256866613,47.232508579650684,47.67409980521312,0.2
77,6,9,11.123392845015827,10.421748683745417,5.048688044117429,47.232508579650684,47.67409980521312,0.2
77,7,0,5.453820974877809,7.628882439475916,3.686310181115492,46.34201157038723,49.82636212611692,0.2
77,7,1,9.056702727586428,6.14320422558627,3.327523676939891,46.34201157038723,49.82636212611692,0.2
77,7,2,6.8081336200012315,8.52905160484272,3.9864891678127035,46.34201157038723,49.82636212611692,0.2
77,7,3,5.778235402315809,7.590327400758835,3.5265824267962014,46.34201157038723,49.82636212611692,0.2
77,7,4,8.13031385151805,9.710247682712223,4.613498016400055,46.34201157038723,49.82636212611692,0.2
77,7,5,9.547957718000175,5.135602883883035,3.005995429385709,46.34201157038723,49.82636212611692,0.2
77,7,6,7.1844100025223545,8.665205768903917,4.009600203507083,46.34201157038723,49.82636212611692,0.2
77,7,7,10.027523531113152,11.401839390006016,5.337009331374185,46.34201157038723,49.82636212611692,0.2
77,7,8,6.440192778401259,7.9844994863767464,3.6497138677906156,46.34201157038723,49.82636212611692,0.2
77,7,9,10.213367711981203,11.584571020244558,5.436709010913026,46.34201157038723,49.82636212611692,0.2
77,8,0,7.457311889971239,10.352501750626013,4.564581321836648,53.099887344093744,59.09541571202464,0.2
77,8,1,6.7314959026849275,9.911954334387088,4.651105512785218,53.099887344093744,59.09541571202464,0.2
77,8,2,8.064566357618682,10.823236714364478,4.7098825659607755,53.099887344093744,59.09541571202464,0.2
77,8,3,7.134186698948057,6.904263056177429,3.3003029954916245,53.099887344093744,59.09541571202464,0.2
77,8,4,9.332989336683543,12.527546391068636,5.51410887048767,53.099887344093744,59.09541571202464,0.2
77,8,5,6.081052422445333,9.576438554490815,4.649616465485443,53.099887344093744,59.09541571202464,0.2
77,8,6,8.11131939597019,11.085754098329252,4.764216884125688,53.099887344093744,59.09541571202464,0.2
77,8,7,10.796634354763007,13.937693035066223,6.142556297005643,53.099887344093744,59.09541571202464,0.2
77,8,8,7.383278477404712,7.7655644711198155,3.5793696422514936,53.099887344093744,59.09541571202464,0.2
77,8,9,10.998324274797445,14.184006469725688,6.264398312267881,53.099887344093744,59.09541571202464,0.2
77,9,0,9.234032105722742,13.682854039983214,5.548721353746392,64.9420693992575,68.8338131507969,0.2
77,9,1,9.409068346904071,14.098608989098112,5.9520705907306715,64.9420693992575,68.8338131507969,0.2
77,9,2,9.527972832953294,9.297973424236556,4.234790003754009,64.9420693992575,68.8338131507969,0.2
77,9,3,6.676429155329487,10.990130940690488,4.569552690385878,64.9420693992575,68.8338131507969,0.2
77,9,4,11.154902225303347,16.18861669908876,6.5980551458801076,64.9420693992575,68.8338131507969,0.2
77,9,5,9.406056042027986,14.424890660364923,6.193741602427868,64.9420693992575,68.8338131507969,0.2
77,9,6,9.637889778890292,8.001926417051871,3.7922070619174835,64.9420693992575,68.8338131507969,0.2
77,9,7,12.426235410992062,17.363535113131555,7.164109636888509,64.9420693992575,68.8338131507969,0.2
77,9,8,7.240973895389052,11.60009248329002,4.740328575831345,64.9420693992575,68.8338131507969,0.2
77,9,9,12.672718713934897,17.686096614251134,7.310759791365511,64.9420693992575,68.8338131507969,0.2
77,10,0,11.224922400021411,9.956527507398393,4.441654348328708,71.67058183170894,70.94447014379367,0.2
77,10,1,12.040887664198802,16.03525291317522,6.51325013219579,71.67058183170894,70.94447014379367,0.2
77,10,2,8.566872643628118,12.848264819994743,5.3106930975825275,71.67058183170894,70.94447014379367,0.2
77,10,3,9.244089058059942,12.924543499533598,5.118731287564989,71.67058183170894,70.94447014379367,0.2
77,10,4,13.347698015788895,8.404205392250557,4.1698149605073995,71.67058183170894,70.94447014379367,0.2
77,10,5,12.529781984113447,16.754012516456886,6.877925968961926,71.67058183170894,70.94447014379367,0.2
77,10,6,7.671538590795584,12.386114434334083,5.148852099331714,71.67058183170894,70.94447014379367,0.2
77,10,7,14.492811877284726,18.52999963721053,7.497704264471408,71.67058183170894,70.94447014379367,0.2
77,10,8,9.589564337806333,13.251851025004187,5.203301736547211,71.67058183170894,70.94447014379367,0.2
77,10,9,14.78948141590628,18.871923323437308,7.650528436698451,71.67058183170894,70.94447014379367,0.2
77,11,0,8.985353959799182,10.425404601217796,4.5870584380467,67.08494119788523,63.527722098754,0.2
77,11,1,13.176139626558102,13.747266353976505,5.847848732561252,67.08494119788523,63.527722098754,0.2
77,11,2,10.74339728205026,11.675855483950675,4.966634106207429,67.08494119788523,63.527722098754,0.2
77,11,3,10.355063414868468,7.411899500016523,3.468345458051784,67.08494119788523,63.527722098754,0.2
77,11,4,8.435429781050638,10.470688445427339,4.863532126155489,67.08494119788523,63.527722098754,0.2
77,11,5,13.913869584127326,14.378050985792793,6.179656362760199,67.08494119788523,63.527722098754,0.2
77,11,6,10.41599705221518,11.171020292205009,4.789838205179392,67.08494119788523,63.527722098754,0.2
77,11,7,15.16766533792099,15.49349080715394,6.614850205033789,67.08494119788523,63.527722098754,0.2
77,11,8,10.526147285663216,8.349478970972694,3.765711046213073,67.08494119788523,63.527722098754,0.2
77,11,9,15.476824757674127,15.769377612488263,6.746683024410658,67.08494119788523,63.527722098754,0.2
77,12,0,9.279502741054564,9.404170407543537,4.267696955388337,57.17501210443113,54.10204051409894,0.2
77,12,1,11.830049491626324,6.547441485631566,3.4793236181639253,57.17501210443113,54.10204051409894,0.2
77,12,2,10.047374679183827,5.608417314632363,2.972680907878725,57.17501210443113,54.10204051409894,0.2
77,12,3,7.0163747899886735,7.959715813183649,3.645859903068721,57.17501210443113,54.10204051409894,0.2
77,12,4,9.838801991605962,9.940553082010393,4.689823591113447,57.17501210443113,54.10204051409894,0.2
77,12,5,12.501287901932056,11.886994957977109,5.409096967637421,57.17501210443113,54.10204051409894,0.2
77,12,6,9.689721060780073,9.386343241955586,4.240366133902484,57.17501210443113,54.10204051409894,0.2
77,12,7,13.381673993980076,12.673745033958255,5.747103188305045,57.17501210443113,54.10204051409894,0.2
77,12,8,7.617937823838535,8.145883532745625,3.7011967070998826,57.17501210443113,54.10204051409894,0.2
77,12,9,13.648368439950454,12.881924487949227,5.856075182745301,57.17501210443113,54.10204051409894,0.2
77,13,0,8.633442571178579,9.174511500930116,4.194471951134041,51.199071539256146,52.21920558398668,0.2
77,13,1,7.038583329127261,8.383797467655246,4.136692432498359,51.199071539256146,52.21920558398668,0.2
77,13,2,6.013657991391905,7.464799911893958,3.631389126136263,51.199071539256146,52.21920558398668,0.2
77,13,3,7.3754820046359955,8.125952471510368,3.698994428248199,51.199071539256146,52.21920558398668,0.2
77,13,4,9.48739403619443,9.981434628609783,4.703316444376306,51.199071539256146,52.21920558398668,0.2
77,13,5,10.942465812403148,11.251842764668162,5.205121486358983,51.199071539256146,52.21920558398668,0.2
77,13,6,8.578153013323885,6.120803308841169,3.1435599844883644,51.199071539256146,52.21920558398668,0.2
77,13,7,11.626243813826282,11.906054611590706,5.501144185023965,51.199071539256146,52.21920558398668,0.2
77,13,8,7.487426954024305,5.386697513544717,2.77083868075499,51.199071539256146,52.21920558398668,0.2
77,13,9,11.846691391454515,12.10410820092084,5.606257966148573,51.199071539256146,52.21920558398668,0.2
77,14,0,8.485310246973695,6.112464033392927,3.1566079913589986,54.413284471553176,58.567844298377864,0.2
77,14,1,8.368423747968261,11.177825969046886,5.059351202077971,54.413284471553176,58.567844298377864,0.2
77,14,2,7.346207990357878,10.003663732824194,4.457295512978859,54.413284471553176,58.567844298377864,0.2
77,14,3,7.482971799829789,7.104766215307119,3.3671040489425876,54.413284471553176,58.567844298377864,0.2
77,14,4,9.51468973572135,12.357793809717018,5.4616992774359865,54.413284471553176,58.567844298377864,0.2
77,14,5,10.52982859332355,13.303146037723575,5.85251267748762,54.413284471553176,58.567844298377864,0.2
77,14,6,6.359342024243086,9.309061633653045,4.215896973638016,54.413284471553176,58.567844298377864,0.2
77,14,7,11.128674995822356,13.902778388468963,6.1317810489468565,54.413284471553176,58.567844298377864,0.2
77,14,8,5.6053362912975775,8.432898724840724,3.792008035090654,54.413284471553176,58.567844298377864,0.2
77,14,9,11.341317505884593,14.148657830243843,6.25346595841245,54.413284471553176,58.567844298377864,0.2
77,15,0,6.385737810814512,12.044529742022226,5.074837306714073,64.36961803529437,67.94770126281477,0.2
77,15,1,10.23493900976595,15.507915759875177,6.362562922431078,64.36961803529437,67.94770126281477,0.2
77,15,2,9.016995638710553,13.919142656074996,5.616798046937798,64.36961803529437,67.94770126281477,0.2
77,15,3,6.811565990182524,11.799825313367418,4.802690355970298,64.36961803529437,67.94770126281477,0.2
77,15,4,11.048878949395892,16.70256700945488,6.743997160238154,64.36961803529437,67.94770126281477,0.2
77,15,5,11.839484533780878,7.706687048321466,3.9937577529108035,64.36961803529437,67.94770126281477,0.2
77,15,6,8.52865252345393,13.906254405997817,5.5834544103486,64.36961803529437,67.94770126281477,0.2
77,15,7,12.404437357784868,9.30839656225766,4.6305004712618345,64.36961803529437,67.94770126281477,0.2
77,15,8,7.671135964578792,12.614582124025409,5.0268559191896225,64.36961803529437,67.94770126281477,0.2
77,15,9,12.650602839690476,18.267280938011744,7.478110100214163,64.36961803529437,67.94770126281477,0.2
77,16,0,10.266267006206336,14.362573390937035,5.740263288087545,72.36625765259846,73.16508828729711,0.2
77,16,1,12.871303227602406,17.02107155817529,6.791027909687405,72.36625765259846,73.16508828729711,0.2
77,16,2,11.362639821677064,9.161834311033797,4.191290589567279,72.36625765259846,73.16508828729711,0.2
77,16,3,9.71572063547558,13.449662675847996,5.263439764523612,72.36625765259846,73.16508828729711,0.2
77,16,4,13.642935004931594,18.08048398902692,7.12879554104266,72.36625765259846,73.16508828729711,0.2
77,16,5,8.079270520701055,13.34741176935985,5.866137698615144,72.36625765259846,73.16508828729711,0.2
77,16,6,11.295186491551638,15.437592890592379,6.007054385797604,72.36625765259846,73.16508828729711,0.2
77,16,7,9.367384871125811,14.415428787141849,6.289191434620677,72.36625765259846,73.16508828729711,0.2
77,16,8,10.169201877635109,10.450462368796037,4.406363119812286,72.36625765259846,73.16508828729711,0.2
77,16,9,15.128026841182939,19.581574571170755,7.8507915617111905,72.36625765259846,73.16508828729711,0.2
77,17,0,11.612406869371773,13.169965677060784,5.4022972937180915,71.05864112909659,67.40595410122764,0.2
77,17,1,13.73807701681623,15.214539404333848,6.278065661015568,71.05864112909659,67.40595410122764,0.2
77,17,2,8.478874433308409,11.139714239641942,4.805868729959583,71.05864112909659,67.40595410122764,0.2
77,17,3,10.647804989175334,8.004569587101745,3.6602291195896055,71.05864112909659,67.40595410122764,0.2
77,17,4,14.421372358118944,15.662594304481976,6.4472381413231306,71.05864112909659,67.40595410122764,0.2
77,17,5,11.867047605541877,14.01841039269571,6.071044986445247,71.05864112909659,67.40595410122764,0.2
77,17,6,12.15211848541643,9.037855742475124,4.129539634887371,71.05864112909659,67.40595410122764,0.2
77,17,7,12.722874570883176,14.8120133843944,6.409813387405563,71.05864112909659,67.40595410122764,0.2
77,17,8,8.913960700660159,10.942446309075983,4.550567142762819,71.05864112909659,67.40595410122764,0.2
77,17,9,15.881951974296028,17.253659299080493,7.1851687432495925,71.05864112909659,67.40595410122764,0.2
77,18,0,10.92871024472837,7.086931275920514,3.5009828625527515,60.92556258016076,56.44265949620038,0.2
77,18,1,12.700367413396663,12.32134454773182,5.416333016418873,60.92556258016076,56.44265949620038,0.2
77,18,2,9.722150405347495,10.141265433229087,4.500124963434673,60.92556258016076,56.44265949620038,0.2
77,18,3,7.404550564780421,8.503136909452301,3.8183620313096394,60.92556258016076,56.44265949620038,0.2
77,18,4,13.042599045264321,5.976042489434166,3.2844200635209737,60.92556258016076,56.44265949620038,0.2
77,18,5,12.281569845614142,12.09365071450741,5.474752706474892,60.92556258016076,56.44265949620038,0.2
77,18,6,8.353953820032128,8.98714203246975,4.113305620206674,60.92556258016076,56.44265949620038,0.2
77,18,7,12.96688971841536,12.750139106475586,5.771330760965827,60.92556258016076,56.44265949620038,0.2
77,18,8,9.205681777318249,9.34448322163957,4.074498212732253,60.92556258016076,56.44265949620038,0.2
77,18,9,14.535413914699593,13.817389740081335,6.15061190881988,60.92556258016076,56.44265949620038,0.2
77,19,0,7.08239943053295,8.102187493479542,3.844951201426265,52.20388775064811,52.16717366522332,0.2
77,19,1,10.957104155343133,5.5313899934719375,3.0919230922776717,52.20388775064811,52.16717366522332,0.2
77,19,2,9.103638529414999,9.491312524070151,4.296239270663047,52.20388775064811,52.16717366522332,0.2
77,19,3,7.724449429723125,8.316596872315825,3.75953072153079,52.20388775064811,52.16717366522332,0.2
77,19,4,6.64429838726794,8.111259585074254,4.067531576290067,52.20388775064811,52.16717366522332,0.2
77,19,5,11.075285704876048,11.144226249830556,5.1702227753302195,52.20388775064811,52.16717366522332,0.2
77,19,6,8.321112820563195,8.677226677950912,4.013493049433366,52.20388775064811,52.16717366522332,0.2
77,19,7,11.675255578108613,11.73141349545197,5.44453455585142,52.20388775064811,52.16717366522332,0.2
77,19,8,8.242606420678422,6.500263121104585,3.1603638485987204,52.20388775064811,52.16717366522332,0.2
77,19,9,12.44253170913622,12.309905893722117,5.67281254020172,52.20388775064811,52.16717366522332,0.2
77,20,0,7.778238645690614,8.021677760225272,3.8181666355208086,52.949040707717955,52.16717366522332,0.2
77,20,1,6.254881902515771,6.43881617913924,3.438815738506174,52.949040707717955,52.16717366522332,0.2
77,20,2,8.691182950204684,8.944280057398558,4.1213722373555095,52.949040707717955,52.16717366522332,0.2
77,20,3,7.60543518394318,7.834174427358794,3.605512026018116,52.949040707717955,52.16717366522332,0.2
77,20,4,8.228513092059588,8.503577685813607,4.204267120082492,52.949040707717955,52.16717366522332,0.2
77,20,5,10.459229387094867,10.782235692619736,5.052083114555104,52.949040707717955,52.16717366522332,0.2
77,20,6,8.119194524428076,8.40119542156977,3.923689354041693,52.949040707717955,52.16717366522332,0.2
77,20,7,11.014155153493858,11.340493949242388,5.316892732885502,52.949040707717955,52.16717366522332,0.2
77,20,8,6.393335814638037,6.599663180490445,3.194115892855202,52.949040707717955,52.16717366522332,0.2
77,20,9,11.475955719174696,11.817769712666596,5.513088769738368,52.949040707717955,52.16717366522332,0.2
78,0,0,2.0,2.0,1.322179263752589,17.707633589964765,17.707633589964765,0.0
78,0,1,2.0,2.0,1.3619458563354043,17.707633589964765,17.707633589964765,0.0
78,0,2,2.0,2.0,1.3932596226918066,17.707633589964765,17.707633589964765,0.0
78,0,3,2.0,2.0,1.3222330403223772,17.707633589964765,17.707633589964765,0.0
78,0,4,2.0,2.0,1.5656729768289408,17.707633589964765,17.707633589964765,0.0
78,0,5,2.0,2.0,1.4701641187401255,17.707633589964765,17.707633589964765,0.0
78,0,6,2.0,2.0,1.507129991352801,17.707633589964765,17.707633589964765,0.0
78,0,7,2.0,2.0,1.6187728938116217,17.707633589964765,17.707633589964765,0.0
78,0,8,2.0,2.0,1.6532655564508074,17.707633589964765,17.707633589964765,0.0
78,0,9,2.0,2.0,1.4699929033813972,17.707633589964765,17.707633589964765,0.0
78,1,0,2.6747350764910283,2.9459107326609235,1.7338960313851335,17.707633589964765,26.252791679244616,0.0
78,1,1,2.7551818834935067,3.299615250342887,1.9335845055246113,17.707633589964765,26.252791679244616,0.0
78,1,2,2.818528837682456,3.382739530104943,2.012792684149474,17.707633589964765,26.252791679244616,0.0
78,1,3,2.6748438651261623,2.674735076491032,1.6206287887564315,17.707633589964765,26.252791679244616,0.0
78,1,4,3.1673166750118704,3.840421168298545,2.4719817334650847,17.707633589964765,26.252791679244616,0.0
78,1,5,2.9741046803533604,3.586887149133644,2.2128257737999264,17.707633589964765,26.252791679244616,0.0
78,1,6,3.0488857019748905,3.685015285549159,2.311730595239479,17.707633589964765,26.252791679244616,0.0
78,1,7,3.274736458702348,3.9813780977324877,2.621128560792667,17.707633589964765,26.252791679244616,0.0
78,1,8,3.344514239349697,4.072940949237631,2.7199273273826505,17.707633589964765,26.252791679244616,0.0
78,1,9,2.9737583160303225,3.586432647646456,2.2123718131319494,17.707633589964765,26.252791679244616,0.0
78,2,0,3.5076276426932607,5.336114911040481,2.6280097132217546,28.461887926073672,38.00441854590306,0.2
78,2,1,3.9115923551906566,4.415124994141856,2.3708219963495574,28.461887926073672,38.00441854590306,0.2
78,2,2,4.071828489216528,3.876624566591248,2.214260306366915,28.461887926073672,38.00441854590306,0.2
78,2,3,3.278490887048983,4.939037766740039,2.4896405629517404,28.461887926073672,38.00441854590306,0.2
78,2,4,5.000756275800586,6.937505508945917,3.739576289835143,28.461887926073672,38.00441854590306,0.2
78,2,5,4.476490350141808,6.273508927436505,3.272669780805424,28.461887926073672,38.00441854590306,0.2
78,2,6,4.676572292425207,6.692774365067594,3.51037929160623,28.461887926073672,38.00441854590306,0.2
78,2,7,5.302476520200883,7.300511907406282,4.006934527010522,28.461887926073672,38.00441854590306,0.2
78,2,8,5.502343916216653,7.608622081158513,4.212460390494177,28.461887926073672,38.00441854590306,0.2
78,2,9,4.475571999237908,6.271058030526766,3.2713937144354577,28.461887926073672,38.00441854590306,0.2
78,3,0,5.316396916831914,6.08000071982978,2.8793992433291717,41.46015054508264,49.50934415948025,0.2
78,3,1,4.796112696363734,7.235793560362644,3.350265022188049,41.46015054508264,49.50934415948025,0.2
78,3,2,4.479392373097759,7.100746354155681,3.3823913417010276,41.46015054508264,49.50934415948025,0.2
78,3,3,5.036479639441668,5.408729998803057,2.653100612126571,41.46015054508264,49.50934415948025,0.2
78,3,4,7.565067875325504,10.329125160506518,4.941110164215158,41.46015054508264,49.50934415948025,0.2
78,3,5,6.620527863709156,9.16798845316838,4.268120404022852,41.46015054508264,49.50934415948025,0.2
78,3,6,7.10140816790474,9.998701628381465,4.6493285953477,41.46015054508264,49.50934415948025,0.2
78,3,7,8.105926800107135,10.965280229496813,5.326951480425898,41.46015054508264,49.50934415948025,0.2
78,3,8,8.52170040301905,11.556198386172076,5.644066383115176,41.46015054508264,49.50934415948025,0.2
78,3,9,6.617946413845851,9.163000417513894,4.265997883168489,41.46015054508264,49.50934415948025,0.2
78,4,0,5.8249515527082245,7.8758858603878465,3.451269982849137,50.208020064162696,53.41642968947377,0.2
78,4,1,6.777501066651274,6.5367932769343895,3.1202843388088204,50.208020064162696,53.41642968947377,0.2
78,4,2,6.842491795242825,8.910449107938412,3.9649778920810665,50.208020064162696,53.41642968947377,0.2
78,4,3,5.367155168183496,7.491227636164917,3.332530280106663,50.208020064162696,53.41642968947377,0.2
78,4,4,9.995740392662583,12.11414335900429,5.524397944615732,50.208020064162696,53.41642968947377,0.2
78,4,5,8.634299197013577,5.531372077745074,2.9965935003806647,50.208020064162696,53.41642968947377,0.2
78,4,6,9.405473688049211,11.457754388152425,5.1144551098333855,50.208020064162696,53.41642968947377,0.2
78,4,7,10.776287577693498,12.966198969391566,5.990096291321523,50.208020064162696,53.41642968947377,0.2
78,4,8,11.417802973339402,13.662281160007375,6.345821823697388,50.208020064162696,53.41642968947377,0.2
78,4,9,8.630005391222344,10.614395369312511,4.728473107848621,50.208020064162696,53.41642968947377,0.2
78,5,0,6.981831537251032,5.870593751477885,2.8096146858958155,49.37386096153035,49.15790224320684,0.2
78,5,1,6.312255984071529,6.7756072387692035,3.1996509378982663,49.37386096153035,49.15790224320684,0.2
78,5,2,8.021049593049119,5.17941352639609,2.712111029757935,49.37386096153035,49.15790224320684,0.2
78,5,3,6.741624133758701,6.922960066895174,3.1534887560287834,49.37386096153035,49.15790224320684,0.2
78,5,4,11.175716760994094,10.962090005991275,5.151164432079481,49.37386096153035,49.15790224320684,0.2
78,5,5,6.062032558811185,7.108813025868356,3.5719287408940854,49.37386096153035,49.15790224320684,0.2
78,5,6,10.346412815902358,9.881045453130158,4.610964124483507,49.37386096153035,49.15790224320684,0.2
78,5,7,12.117812690907984,11.860758171784013,5.6278646282007125,49.37386096153035,49.15790224320684,0.2
78,5,8,12.837436409970646,12.403441120432667,5.930634415975677,49.37386096153035,49.15790224320684,0.2
78,5,9,9.565581027123022,9.48088955577291,4.369065970603803,49.37386096153035,49.15790224320684,0.2
78,6,0,5.683779165058884,5.632836808547271,2.729470238349805,44.44403166795397,44.65631884408522,0.2
78,6,1,6.472812598674482,6.501559563908519,3.108501832405747,44.44403166795397,44.65631884408522,0.2
78,6,2,5.486531744600995,5.939158655982377,2.984822454236453,44.44403166795397,44.65631884408522,0.2
78,6,3,6.37942767694819,5.019828762072594,2.5180783560327664,44.44403166795397,44.65631884408522,0.2
78,6,4,10.420674842646878,9.91382087409661,4.801189042068017,44.44403166795397,44.65631884408522,0.2
78,6,5,7.225921140889724,7.455402549894928,3.6929598888506647,44.44403166795397,44.65631884408522,0.2
78,6,6,9.327863337679448,8.65058961672835,4.201087353943825,44.44403166795397,44.65631884408522,0.2
78,6,7,11.38502723455839,10.792885946739979,5.268187675335684,44.44403166795397,44.65631884408522,0.2
78,6,8,11.99752282699795,11.2098109427754,5.5251035597689,44.44403166795397,44.65631884408522,0.2
78,6,9,8.838509514897412,4.250080947307038,2.491565349020481,44.44403166795397,44.65631884408522,0.2
78,7,0,5.521648982780195,4.769800548131575,2.429514515214518,43.408552086330204,46.87039263640962,0.2
78,7,1,6.288420272811139,5.343900482556673,2.7098153529755047,43.408552086330204,46.87039263640962,0.2
78,7,2,6.038220031363463,6.940230108636142,3.328685493244913,43.408552086330204,46.87039263640962,0.2
78,7,3,5.094008572724084,6.071447771478638,2.8766802564946725,43.408552086330204,46.87039263640962,0.2
78,7,4,9.712683515574112,10.409022176351591,4.967833279705278,43.408552086330204,46.87039263640962,0.2
78,7,5,7.470764079863555,8.331331009189329,3.991580522804097,43.408552086330204,46.87039263640962,0.2
78,7,6,8.498693038873053,9.167565474389514,4.375296906980899,43.408552086330204,46.87039263640962,0.2
78,7,7,10.657409892184518,11.341078923479792,5.45409863267497,43.408552086330204,46.87039263640962,0.2
78,7,8,11.177144202531275,11.827869437716776,5.736621368199591,43.408552086330204,46.87039263640962,0.2
78,7,9,5.040373432782664,6.4987693717640145,3.3541001701932744,43.408552086330204,46.87039263640962,0.2
78,8,0,4.914846171649198,8.141763777601158,3.5324196594024744,49.949714620290514,55.06742641260222,0.2
78,8,1,5.481887648764229,8.539247677145044,3.762119383489902,49.949714620290514,55.06742641260222,0.2
78,8,2,6.7338462275680016,9.80234736002306,4.238792098263953,49.949714620290514,55.06742641260222,0.2
78,8,3,5.81945111138523,5.7642274364906845,2.773995703191248,49.949714620290514,55.06742641260222,0.2
78,8,4,10.049800576719381,6.57513879952869,3.601749515484591,49.949714620290514,55.06742641260222,0.2
78,8,5,8.074866039481561,11.097911049494058,4.878807578680845,49.949714620290514,55.06742641260222,0.2
78,8,6,8.851114540966192,12.189986293405214,5.341115473097999,49.949714620290514,55.06742641260222,0.2
78,8,7,11.033503038047426,14.36329348943737,6.434914055289605,49.949714620290514,55.06742641260222,0.2
78,8,8,11.605039357917668,15.119737550322775,6.812438549738503,49.949714620290514,55.06742641260222,0.2
78,8,9,6.785259473679982,9.961952926342589,4.523091577122937,49.949714620290514,55.06742641260222,0.2
78,9,0,7.145995272285775,11.45498619003653,4.486064811456104,60.51556765676564,63.777372469846526,0.2
78,9,1,7.610671981352603,11.638036488484014,4.672557407633041,60.51556765676564,63.777372469846526,0.2
78,9,2,8.5749687791966,6.815469054667184,3.2866849749795968,60.51556765676564,63.777372469846526,0.2
78,9,3,5.611722867519899,9.712102789612029,3.9967436846360216,60.51556765676564,63.777372469846526,0.2
78,9,4,7.286247810647786,12.235495595595575,5.563078065788981,60.51556765676564,63.777372469846526,0.2
78,9,5,9.869703844175392,7.976873211304085,3.8719318484345253,60.51556765676564,63.777372469846526,0.2
78,9,6,10.804940975203081,15.602649335679892,6.348462503964957,60.51556765676564,63.777372469846526,0.2
78,9,7,13.01766773216385,17.77536941187208,7.470298764300287,60.51556765676564,63.777372469846526,0.2
78,9,8,13.781390197959505,18.853503641713633,7.95052979320723,60.51556765676564,63.777372469846526,0.2
78,9,9,9.150099405715443,13.388201105487779,5.5628813917318105,60.51556765676564,63.777372469846526,0.2
78,10,0,9.075195198991604,8.273219092609855,3.572247266480171,66.40575588334377,65.89520108186733,0.2
78,10,1,9.452464985453535,7.274080373318246,3.362664294722897,66.40575588334377,65.89520108186733,0.2
78,10,2,6.648880245635867,10.302989736143081,4.3891997046136275,66.40575588334377,65.89520108186733,0.2
78,10,3,8.085310984759445,10.912077380985902,4.33632889236794,66.40575588334377,65.89520108186733,0.2
78,10,4,11.253965663923776,14.751023051858107,6.34096794933471,66.40575588334377,65.89520108186733,0.2
78,10,5,7.8328198094691155,11.475046981490182,4.994280754793857,66.40575588334377,65.89520108186733,0.2
78,10,6,12.84277843909718,16.083581121934397,6.484815776782995,66.40575588334377,65.89520108186733,0.2
78,10,7,15.112224706982314,18.43280898562403,7.662650058407546,66.40575588334377,65.89520108186733,0.2
78,10,8,16.08371988396093,19.56423323141321,8.159162880989516,66.40575588334377,65.89520108186733,0.2
78,10,9,11.25356779730026,14.275189316179155,5.818372939675965,66.40575588334377,65.89520108186733,0.2
78,11,0,7.226565510062059,8.452810589784729,3.6263535308349497,62.31036303238374,58.27323741402337,0.2
78,11,1,6.8025844801347075,8.682038435852364,3.80604605048961,62.31036303238374,58.27323741402337,0.2
78,11,2,8.879239547543646,9.994761388482015,4.2968654592351445,62.31036303238374,58.27323741402337,0.2
78,11,3,8.772283236918454,7.153606779072295,3.2266700139842386,62.31036303238374,58.27323741402337,0.2
78,11,4,12.827617145389318,13.81655221674061,6.057031562507676,62.31036303238374,58.27323741402337,0.2
78,11,5,10.10330314724319,11.410828154570119,4.974699334287338,62.31036303238374,58.27323741402337,0.2
78,11,6,13.118617647591227,6.004067075944944,3.2534309219392767,62.31036303238374,58.27323741402337,0.2
78,11,7,15.501346490587448,16.086786275802293,6.966159771803158,62.31036303238374,58.27323741402337,0.2
78,11,8,16.50577932272727,16.92013927396116,7.37062599295785,62.31036303238374,58.27323741402337,0.2
78,11,9,11.770420711097804,12.557534142416056,5.318967032208746,62.31036303238374,58.27323741402337,0.2
78,12,0,7.336021108932125,5.103673059735333,2.5473424724518314,52.445970742220624,50.01909201033704,0.2
78,12,1,7.699534513263742,7.624193966308897,3.475158372456902,52.445970742220624,50.01909201033704,0.2
78,12,2,8.692449713785239,8.226534572114288,3.7494097404967244,52.445970742220624,50.01909201033704,0.2
78,12,3,6.527471503501365,6.795557973654544,3.112752521184797,52.445970742220624,50.01909201033704,0.2
78,12,4,12.253221044831124,11.549342557587613,5.342815077083756,52.445970742220624,50.01909201033704,0.2
78,12,5,10.063690430789254,9.706458914898588,4.442090440481686,52.445970742220624,50.01909201033704,0.2
78,12,6,6.581608140755027,7.4767601611740915,3.793404281096997,52.445970742220624,50.01909201033704,0.2
78,12,7,14.092364326755355,13.076939842374294,6.025862460030588,52.445970742220624,50.01909201033704,0.2
78,12,8,14.910589221545923,13.627178918304004,6.334404479977918,52.445970742220624,50.01909201033704,0.2
78,12,9,10.760135241699187,5.72546548747246,3.069458754371897,52.445970742220624,50.01909201033704,0.2
78,13,0,5.153209137136531,6.029023623675382,2.862478508059666,47.33520299476517,48.12930995795214,0.2
78,13,1,7.030157142829982,4.42586029097006,2.374855753820951,47.33520299476517,48.12930995795214,0.2
78,13,2,7.584960696313201,5.111543069101053,2.6871844109479097,47.33520299476517,48.12930995795214,0.2
78,13,3,6.297019308273475,6.934013889410109,3.1570125136794127,47.33520299476517,48.12930995795214,0.2
78,13,4,10.808379230908248,11.134014182865105,5.207584167812175,47.33520299476517,48.12930995795214,0.2
78,13,5,8.986236163150975,9.439813272384551,4.356314288649991,47.33520299476517,48.12930995795214,0.2
78,13,6,7.673960534794768,8.432132671475964,4.126538649043935,47.33520299476517,48.12930995795214,0.2
78,13,7,12.190166741996578,12.402001903449158,5.806429832065586,47.33520299476517,48.12930995795214,0.2
78,13,8,12.814339413546616,12.924389220745011,6.103917299373841,47.33520299476517,48.12930995795214,0.2
78,13,9,6.209437117369022,7.466208648654511,3.696275442116012,47.33520299476517,48.12930995795214,0.2
78,14,0,5.79072133492602,8.281509616155944,3.57475269332911,50.151544912906516,54.07126274755879,0.2
78,14,1,4.804272885299214,7.5440740897791265,3.449554471125473,50.151544912906516,54.07126274755879,0.2
78,14,2,5.436105827709614,8.186940536492257,3.7367685532461232,50.151544912906516,54.07126274755879,0.2
78,14,3,6.386556149196681,6.22495184141348,2.9274009228505564,50.151544912906516,54.07126274755879,0.2
78,14,4,10.534810535368518,13.100009068260631,5.835393889110726,50.151544912906516,54.07126274755879,0.2
78,14,5,8.812713186108141,5.239829220466296,2.8851394873796994,50.151544912906516,54.07126274755879,0.2
78,14,6,8.347882901874849,11.070794244221588,4.992922911128393,50.151544912906516,54.07126274755879,0.2
78,14,7,11.746260107673182,14.38086562962615,6.440423803502755,50.151544912906516,54.07126274755879,0.2
78,14,8,12.348069699942481,15.11476754523756,6.810870951978309,50.151544912906516,54.07126274755879,0.2
78,14,9,7.477471359927552,10.033094551236942,4.545678064004527,50.151544912906516,54.07126274755879,0.2
78,15,0,7.231633924957192,12.229697884511632,4.6963489085672805,59.42760180850298,63.362669847683236,0.2
78,15,1,6.978361100596025,11.817903739498709,4.722991451025685,59.42760180850298,63.362669847683236,0.2
78,15,2,7.559387895502734,12.649002068958092,5.066994569049238,59.42760180850298,63.362669847683236,0.2
78,15,3,5.922057731473977,10.747814346274,4.290531723819737,59.42760180850298,63.362669847683236,0.2
78,15,4,11.804853659591586,8.622334788923462,4.3542912624248356,59.42760180850298,63.362669847683236,0.2
78,15,5,5.836563920660502,11.631996230470197,5.041999508457714,59.42760180850298,63.362669847683236,0.2
78,15,6,10.100556263987663,15.63020094997638,6.356307637497028,59.42760180850298,63.362669847683236,0.2
78,15,7,13.02881381289009,6.948887805431232,3.8708437092702295,59.42760180850298,63.362669847683236,0.2
78,15,8,13.778218987496622,19.55558437452368,8.156637840621196,59.42760180850298,63.362669847683236,0.2
78,15,9,9.195791295138537,14.143911488432973,5.7808661265766945,59.42760180850298,63.362669847683236,0.2
78,16,0,9.500594587706235,9.691022625801427,3.9905069357330096,67.4830672198671,68.41277473680823,0.2
78,16,1,9.554491774565859,12.89935411071231,5.021534158670055,67.4830672198671,68.41277473680823,0.2
78,16,2,10.250401347060908,13.80738384025527,5.3875217075908015,67.4830672198671,68.41277473680823,0.2
78,16,3,8.679636727872332,8.761766139985728,3.7187858375686424,67.4830672198671,68.41277473680823,0.2
78,16,4,8.80862065542533,13.196359190770764,5.865404236025191,67.4830672198671,68.41277473680823,0.2
78,16,5,10.199836974183496,13.877827227151275,5.705186627010953,67.4830672198671,68.41277473680823,0.2
78,16,6,12.858648945021187,16.8462487735822,6.698567871359176,67.4830672198671,68.41277473680823,0.2
78,16,7,7.830618531570847,12.724281858905321,5.911643322059359,67.4830672198671,68.41277473680823,0.2
78,16,8,16.500671230180476,20.749712670518132,8.502175826421881,67.4830672198671,68.41277473680823,0.2
78,16,9,11.694545380607988,15.239517046426855,6.090796422834256,67.4830672198671,68.41277473680823,0.2
78,17,0,8.072694200098333,9.646966082917483,3.977799335196604,66.44314826190953,62.73781889543406,0.2
78,17,1,10.158436091239416,8.077435144234851,3.618514201956151,66.44314826190953,62.73781889543406,0.2
78,17,2,10.898819609189125,7.05341438903999,3.366593138068697,66.44314826190953,62.73781889543406,0.2
78,17,3,7.523009318322051,9.436332493464121,3.916961228797745,66.44314826190953,62.73781889543406,0.2
78,17,4,11.865563829347208,13.898746495182618,6.082232289179877,66.44314826190953,62.73781889543406,0.2
78,17,5,11.541447674715018,13.117534811571595,5.484554795805305,66.44314826190953,62.73781889543406,0.2
78,17,6,13.551032707114747,14.689402532148879,6.08600924314349,66.44314826190953,62.73781889543406,0.2
78,17,7,11.959104326245832,14.285629068909497,6.410538091787441,66.44314826190953,62.73781889543406,0.2
78,17,8,17.199685801213786,18.447073786030735,7.830164037234106,66.44314826190953,62.73781889543406,0.2
78,17,9,12.321526499881143,13.698846278480154,5.652922556064188,66.44314826190953,62.73781889543406,0.2
78,18,0,8.046987046897115,6.301736754152762,2.952511002928387,56.70622072222765,52.81609421777543,0.2
78,18,1,7.32016234567429,7.700251017080738,3.499389333227436,56.70622072222765,52.81609421777543,0.2
78,18,2,6.810532430458195,7.465192910145609,3.5029971076147177,56.70622072222765,52.81609421777543,0.2
78,18,3,7.923913102513453,7.877805230343412,3.4519991148925837,56.70622072222765,52.81609421777543,0.2
78,18,4,12.304201474967268,11.903728136589224,5.457052834916373,56.70622072222765,52.81609421777543,0.2
78,18,5,11.095115082687148,10.685739481646578,4.751251605581785,56.70622072222765,52.81609421777543,0.2
78,18,6,12.311842156927515,11.250764872877728,5.049602000619177,56.70622072222765,52.81609421777543,0.2
78,18,7,12.96835577697749,12.620437154353233,5.87782978907856,56.70622072222765,52.81609421777543,0.2
78,18,8,15.840223016073342,14.620664006038789,6.654241962577006,56.70622072222765,52.81609421777543,0.2
78,18,9,11.435718786330572,5.316594677381058,2.9143232944669006,56.70622072222765,52.81609421777543,0.2
78,19,0,5.972854785851498,6.3889513716539525,2.9810554375700455,48.849672899591376,48.63534695387866,0.2
78,19,1,7.079175761172308,7.458968462102168,3.4222677551990306,48.849672899591376,48.63534695387866,0.2
78,19,2,7.08647419714561,7.496043050318435,3.5131242079529317,48.849672899591376,48.63534695387866,0.2
78,19,3,6.9833065528600855,5.6415976982763905,2.7325523298017504,48.849672899591376,48.63534695387866,0.2
78,19,4,11.039479314165767,11.05672695291158,5.182253674960275,48.849672899591376,48.63534695387866,0.2
78,19,5,9.611661349623121,4.792939696860136,2.710604765200486,48.849672899591376,48.63534695387866,0.2
78,19,6,10.215216622776154,9.973456930756019,4.641108450493257,48.849672899591376,48.63534695387866,0.2
78,19,7,11.89070040765227,11.892884226926139,5.638530843682965,48.849672899591376,48.63534695387866,0.2
78,19,8,13.46136251921563,13.071814433316,6.152572397303369,48.849672899591376,48.63534695387866,0.2
78,19,9,5.895602021333884,7.276688443172743,3.630344905062403,48.849672899591376,48.63534695387866,0.2
78,20,0,6.030599452303123,6.2683559090579655,2.941554489732008,49.36427996312235,48.63534695387866,0.2
78,20,1,6.923160767168048,7.147050771749869,3.32144949319146,49.36427996312235,48.63534695387866,0.2
78,20,2,7.106961063972493,7.3499955970688235,3.4650699763520016,49.36427996312235,48.63534695387866,0.2
78,20,3,5.527883975523974,5.70751429779839,2.7548624150524725,49.36427996312235,48.63534695387866,0.2
78,20,4,10.483567591545993,10.779119322913246,5.090827184197859,49.36427996312235,48.63534695387866,0.2
78,20,5,5.483484609649833,5.641596560101904,3.0382691235279005,49.36427996312235,48.63534695387866,0.2
78,20,6,9.388844543742703,9.704835997526846,4.553249574730493,49.36427996312235,48.63534695387866,0.2
78,20,7,11.406604717631918,11.719219004576775,5.580768348259349,49.36427996312235,48.63534695387866,0.2
78,20,8,12.446497727555661,12.804291745213794,6.0641580756223865,49.36427996312235,48.63534695387866,0.2
78,20,9,7.344095557641351,7.5555637168504095,3.7271858770783814,49.36427996312235,48.63534695387866,0.2
79,0,0,2.0,2.0,1.4353271903542364,17.547914779003086,17.547914779003086,0.0
79,0,1,2.0,2.0,1.401681804427173,17.547914779003086,17.547914779003086,0.0
79,0,2,2.0,2.0,1.4451412556429633,17.547914779003086,17.547914779003086,0.0
79,0,3,2.0,2.0,1.9647302350242708,17.547914779003086,17.547914779003086,0.0
79,0,4,2.0,2.0,1.4398455381855952,17.547914779003086,17.547914779003086,0.0
79,0,5,2.0,2.0,1.5024934652357014,17.547914779003086,17.547914779003086,0.0
79,0,6,2.0,2.0,1.3572826817694166,17.547914779003086,17.547914779003086,0.0
79,0,7,2.0,2.0,1.7631585421269134,17.547914779003086,17.547914779003086,0.0
79,0,8,2.0,2.0,1.5635459292326277,17.547914779003086,17.547914779003086,0.0
79,0,9,2.0,2.0,1.7458145217487233,17.547914779003086,17.547914779003086,0.0
79,1,0,2.9036304588423656,3.46406661173245,2.1083382083561157,17.547914779003086,26.903153290624193,0.0
79,1,1,2.8355666974687543,2.7457483997584435,1.7498102497656405,17.547914779003086,26.903153290624193,0.0
79,1,2,2.923484063713031,3.4898002742477345,2.133780309356702,17.547914779003086,26.903153290624193,0.0
79,1,3,3.9745993750853734,4.852225227485064,3.6537648844941693,17.547914779003086,26.903153290624193,0.0
79,1,4,2.912770961770858,3.4759142645448278,2.1200360553504813,17.547914779003086,26.903153290624193,0.0
79,1,5,3.039506127375245,3.64018468302693,2.28495676738339,17.547914779003086,26.903153290624193,0.0
79,1,6,2.745748399758444,3.018287158544732,1.8104298434170483,17.547914779003086,26.903153290624193,0.0
79,1,7,3.566824958861336,4.323679944256273,3.024599286591449,17.547914779003086,26.903153290624193,0.0
79,1,8,3.16301371173662,3.800271605011073,2.4505292568409227,17.547914779003086,26.903153290624193,0.0
79,1,9,3.531738446052736,4.27820183157413,2.9727609891324627,17.547914779003086,26.903153290624193,0.0
79,2,0,4.265114658500338,6.22261708816114,3.1769550430547637,29.166975580014128,39.99102509637115,0.2
79,2,1,3.5398217023674916,5.374197511971694,2.7999351664505916,29.166975580014128,39.99102509637115,0.2
79,2,2,4.316583382773592,4.219740429185914,2.4371896109988,29.166975580014128,39.99102509637115,0.2
79,2,3,7.391473581328589,9.861600704800493,6.002679024372963,29.166975580014128,39.99102509637115,0.2
79,2,4,4.2887791059266664,4.770616923721835,2.646044167550409,29.166975580014128,39.99102509637115,0.2
79,2,5,4.622409518539794,6.487323701638883,3.4240294623192042,29.166975580014128,39.99102509637115,0.2
79,2,6,3.6624536010117543,5.478452171519026,2.747956306025134,29.166975580014128,39.99102509637115,0.2
79,2,7,6.118687553165046,8.30305252801369,4.775697590930524,29.166975580014128,39.99102509637115,0.2
79,2,8,4.95735846033236,6.873093969411434,3.710190793111122,29.166975580014128,39.99102509637115,0.2
79,2,9,6.013819993734714,8.156357406938115,4.670081699980297,29.166975580014128,39.99102509637115,0.2
79,3,0,6.426899379722633,5.826180352081224,3.033881837865015,43.627398717996314,52.74815363917059,0.2
79,3,1,5.664197743013106,8.411932757518056,3.831382342674494,43.627398717996314,52.74815363917059,0.2
79,3,2,4.930372695527196,7.667776664020551,3.7021833288560857,43.627398717996314,52.74815363917059,0.2
79,3,3,12.143267240357876,15.959582290403088,8.408083109575147,43.627398717996314,52.74815363917059,0.2
79,3,4,5.352880159990123,8.037561835787454,3.8122549496077034,43.627398717996314,52.74815363917059,0.2
79,3,5,6.926724655937154,9.732975004998838,4.548451000394818,43.627398717996314,52.74815363917059,0.2
79,3,6,5.559045828270916,6.65480115437382,3.148791243943526,43.627398717996314,52.74815363917059,0.2
79,3,7,9.661114957227042,12.991863727146294,6.533417149666462,43.627398717996314,52.74815363917059,0.2
79,3,8,7.505621761638336,10.394056644565959,4.956090198284155,43.627398717996314,52.74815363917059,0.2
79,3,9,9.447456691737647,12.707967779567767,6.369867200169315,43.627398717996314,52.74815363917059,0.2
79,4,0,6.1374659186797675,8.640625176315686,3.9977122541649797,53.49253562584088,57.929277522161115,0.2
79,4,1,7.750789188989633,7.326098493154423,3.4780783888134246,53.49253562584088,57.929277522161115,0.2
79,4,2,7.489422864783832,9.659921327594766,4.351818910285935,53.49253562584088,57.929277522161115,0.2
79,4,3,17.009338624327953,19.73219943246627,9.754494740370403,53.49253562584088,57.929277522161115,0.2
79,4,4,7.712094958517151,9.816613725536032,4.384984873402665,53.49253562584088,57.929277522161115,0.2
79,4,5,9.20140087504296,6.348203533196735,3.3724629295813777,53.49253562584088,57.929277522161115,0.2
79,4,6,6.369924729283575,8.481337808959568,3.731421965564886,53.49253562584088,57.929277522161115,0.2
79,4,7,13.21693699080047,15.664866056258491,7.4476463935496575,53.49253562584088,57.929277522161115,0.2
79,4,8,10.026044621196357,12.195531077842837,5.542811997043271,53.49253562584088,57.929277522161115,0.2
79,4,9,12.88607959598943,15.307536484219494,7.256226271998839,53.49253562584088,57.929277522161115,0.2
79,5,0,8.087270376321653,8.079289591033122,3.814091764430739,53.545175344145406,54.37027501615191,0.2
79,5,1,7.0360642617712905,7.392165590948921,3.5000046356246064,53.545175344145406,54.37027501615191,0.2
79,5,2,8.803619149828739,8.899131290396992,4.10896680011757,53.545175344145406,54.37027501615191,0.2
79,5,3,19.733095164014124,18.97724922966499,9.49172647174842,53.545175344145406,54.37027501615191,0.2
79,5,4,8.870713051031023,5.803753721046607,3.0352270957854857,53.545175344145406,54.37027501615191,0.2
79,5,5,6.8224068696368105,7.789315296090819,3.8917155829859045,53.545175344145406,54.37027501615191,0.2
79,5,6,7.548571884389422,6.5629293250900105,3.118298745555498,53.545175344145406,54.37027501615191,0.2
79,5,7,15.066399536165143,14.683335281870468,7.117830955583695,53.545175344145406,54.37027501615191,0.2
79,5,8,11.212967921467218,11.091575861389005,5.18662589476629,53.545175344145406,54.37027501615191,0.2
79,5,9,14.679161490996435,14.36354268414915,6.9400117093987195,53.545175344145406,54.37027501615191,0.2
79,6,0,7.715810788261939,4.824326507914769,2.6584934838134444,49.15657736284202,49.92562501900567,0.2
79,6,1,7.080420502297417,6.916036828492336,3.3406313069368774,49.15657736284202,49.92562501900567,0.2
79,6,2,8.31233549769854,5.486039547762874,2.9286707938010794,49.15657736284202,49.92562501900567,0.2
79,6,3,19.201521629063,17.691765613429205,9.036947421404799,49.15657736284202,49.92562501900567,0.2
79,6,4,6.140187341292764,6.664294426308827,3.3436655529442265,49.15657736284202,49.92562501900567,0.2
79,6,5,7.8728418020984465,7.9439364976065985,3.9456324757595254,49.15657736284202,49.92562501900567,0.2
79,6,6,6.308239179340201,6.211368487945853,3.000408705610129,49.15657736284202,49.92562501900567,0.2
79,6,7,14.39919128015903,13.464466398754777,6.698888841910688,49.15657736284202,49.92562501900567,0.2
79,6,8,10.492412481189842,9.99000895120882,4.8204297752371374,49.15657736284202,49.92562501900567,0.2
79,6,9,14.039467460488577,13.186551662104224,6.536856828900178,49.15657736284202,49.92562501900567,0.2
79,7,0,5.378064810664922,6.632671449267755,3.3220935237580296,48.53062568024785,52.309524518662606,0.2
79,7,1,6.758012305326957,5.012435590319769,2.666629027041535,48.53062568024785,52.309524518662606,0.2
79,7,2,5.92462664816107,7.139616173911738,3.5217758230891807,48.53062568024785,52.309524518662606,0.2
79,7,3,18.28151515841623,18.853510674011947,9.448361327520862,48.53062568024785,52.309524518662606,0.2
79,7,4,6.764150507951255,7.758856188572741,3.719232254400817,48.53062568024785,52.309524518662606,0.2
79,7,5,7.981914307068541,8.886625809416513,4.267833031691806,48.53062568024785,52.309524518662606,0.2
79,7,6,6.069750622110936,5.701957610266218,2.8259605822523604,48.53062568024785,52.309524518662606,0.2
79,7,7,13.551682022390056,14.243729338512795,6.967981153750959,48.53062568024785,52.309524518662606,0.2
79,7,8,9.751607030195558,10.513859906017663,4.9960085890838,48.53062568024785,52.309524518662606,0.2
79,7,9,13.223895374546546,13.930890387510876,6.793010990432605,48.53062568024785,52.309524518662606,0.2
79,8,0,6.720510840685829,10.251942509474258,4.506031553642824,55.74619017807393,61.13489842551925,0.2
79,8,1,5.39452280802961,8.930620303225878,3.9952648678664375,55.74619017807393,61.13489842551925,0.2
79,8,2,7.1244630617027775,10.371535676295862,4.573823992713881,55.74619017807393,61.13489842551925,0.2
79,8,3,19.11379504346118,23.562666489807043,11.044321409446026,55.74619017807393,61.13489842551925,0.2
79,8,4,7.523912408237684,6.203518137816047,3.180105642600594,55.74619017807393,61.13489842551925,0.2
79,8,5,8.633717850085112,11.938904890421693,5.247672694283118,55.74619017807393,61.13489842551925,0.2
79,8,6,5.716846498317047,9.0483679878749,3.904347721365386,55.74619017807393,61.13489842551925,0.2
79,8,7,14.096048936185428,17.95758875949133,8.194906140323669,55.74619017807393,61.13489842551925,0.2
79,8,8,10.106798512136873,7.18240148601706,3.826294740154804,55.74619017807393,61.13489842551925,0.2
79,8,9,13.742088738807428,17.525460129159512,7.977112283312222,55.74619017807393,61.13489842551925,0.2
79,9,0,9.11558741142012,13.893093739991127,5.574285281186369,67.18333001689628,70.79746647937151,0.2
79,9,1,8.082319375986152,12.547591377695667,5.068981377486989,67.18333001689628,70.79746647937151,0.2
79,9,2,9.252729794208369,7.701880108043751,3.713701816715795,67.18333001689628,70.79746647937151,0.2
79,9,3,22.342381763002653,28.79564044699473,12.708978677503925,67.18333001689628,70.79746647937151,0.2
79,9,4,6.433272962600714,11.072048467956115,4.77039666520748,67.18333001689628,70.79746647937151,0.2
79,9,5,10.615908606451816,8.911838714807983,4.276305438942167,67.18333001689628,70.79746647937151,0.2
79,9,6,7.898396297272416,12.300310957887634,4.840503899401217,67.18333001689628,70.79746647937151,0.2
79,9,7,16.578087028732156,22.05827376455119,9.46390635440933,67.18333001689628,70.79746647937151,0.2
79,9,8,7.740497098281723,12.745443627812884,5.716604090685523,67.18333001689628,70.79746647937151,0.2
79,9,9,16.13749558643451,21.486270524258718,9.200042472489537,67.18333001689628,70.79746647937151,0.2
79,10,0,11.276637576088017,8.131379597914329,3.8312887123939645,73.71516094381478,73.11377809895572,0.2
79,10,1,10.254420610079482,13.459690317041701,5.324183143504124,73.71516094381478,73.11377809895572,0.2
79,10,2,7.512724473235215,11.450651994360603,4.9019677931895025,73.71516094381478,73.11377809895572,0.2
79,10,3,25.70994114566392,30.196304836954216,13.138615167241472,73.71516094381478,73.11377809895572,0.2
79,10,4,9.65039131909566,13.033811416063877,5.347427572625565,73.71516094381478,73.11377809895572,0.2
79,10,5,8.65085731481287,12.636685377433338,5.460530230403164,73.71516094381478,73.11377809895572,0.2
79,10,6,9.792216473637525,9.301761515392949,3.9805671186196276,73.71516094381478,73.11377809895572,0.2
79,10,7,19.145242238121888,23.068247094411014,9.765187462494708,73.71516094381478,73.11377809895572,0.2
79,10,8,11.564544913805172,15.279969100468604,6.490458530450304,73.71516094381478,73.11377809895572,0.2
79,10,9,18.61145230529019,22.464757169926784,9.491357125438475,73.71516094381478,73.11377809895572,0.2
79,11,0,7.750599777309673,9.403274498056524,4.241556876397437,69.13623422068446,65.44982872568792,0.2
79,11,1,10.770687302397095,7.675692812898282,3.5934429031016544,69.13623422068446,65.44982872568792,0.2
79,11,2,9.91655637001939,11.042933557370121,4.779125373922608,69.13623422068446,65.44982872568792,0.2
79,11,3,26.579084854649302,26.46372979671995,11.979471787574564,69.13623422068446,65.44982872568792,0.2
79,11,4,10.817710192264288,6.7246751904780995,3.3648431645467096,69.13623422068446,65.44982872568792,0.2
79,11,5,11.046513996934088,12.116543756455949,5.302207544769274,69.13623422068446,65.44982872568792,0.2
79,11,6,8.052586202479606,9.14264367658425,3.9327792208917183,69.13623422068446,65.44982872568792,0.2
79,11,7,19.75472626935144,20.034833409661374,8.84749617410282,69.13623422068446,65.44982872568792,0.2
79,11,8,13.130032794973825,13.971127214473533,6.0960940582378464,69.13623422068446,65.44982872568792,0.2
79,11,9,19.200774450856784,19.54816081407655,8.610953358505773,69.13623422068446,65.44982872568792,0.2
79,12,0,8.580561855154667,8.065586807175295,3.809562419826482,58.90490995107704,56.381582042925665,0.2
79,12,1,7.269443744726803,7.309466354024699,3.472549208199356,58.90490995107704,56.381582042925665,0.2
79,12,2,9.668049275178381,5.450264862686954,2.915289093920189,58.90490995107704,56.381582042925665,0.2
79,12,3,24.234167231695572,21.77987091121609,10.452511222472685,58.90490995107704,56.381582042925665,0.2
79,12,4,6.806992278460268,7.4078337355895165,3.600632244550131,58.90490995107704,56.381582042925665,0.2
79,12,5,10.726231224182579,10.103519905389964,4.668985077005492,58.90490995107704,56.381582042925665,0.2
79,12,6,7.955912498853498,6.280439635480295,3.023725363062882,58.90490995107704,56.381582042925665,0.2
79,12,7,17.89826009585733,16.292238526669806,7.655206325095897,58.90490995107704,56.381582042925665,0.2
79,12,8,12.332243481779821,11.51865161544243,5.325627621289993,58.90490995107704,56.381582042925665,0.2
79,12,9,17.419739986433076,15.928411064413025,7.461013454964485,58.90490995107704,56.381582042925665,0.2
79,13,0,7.706648039141114,8.697953238501949,4.016260398991112,53.35629904310031,54.69131187867351,0.2
79,13,1,7.024878869791439,8.198785549213609,3.7631636722621438,53.35629904310031,54.69131187867351,0.2
79,13,2,5.8975558091033555,7.865163211712342,3.768640576805625,53.35629904310031,54.69131187867351,0.2
79,13,3,21.14516478258379,21.367363678792533,10.3135360479375,53.35629904310031,54.69131187867351,0.2
79,13,4,7.283987599918218,8.664207388900081,4.017955248918781,53.35629904310031,54.69131187867351,0.2
79,13,5,9.445238251306149,6.346098796186455,3.3716801962624188,53.35629904310031,54.69131187867351,0.2
79,13,6,6.116919628058284,7.387816472084569,3.3877439588899954,53.35629904310031,54.69131187867351,0.2
79,13,7,15.486288007116602,16.061238081295972,7.5790658860116515,53.35629904310031,54.69131187867351,0.2
79,13,8,10.7736094442783,5.2652460761503574,3.078808787355374,53.35629904310031,54.69131187867351,0.2
79,13,9,15.093440761977725,15.711450437055456,7.3897288041387945,53.35629904310031,54.69131187867351,0.2
79,14,0,8.124792802312125,10.636905648596002,4.623816921230093,56.9892605238959,61.57813532572706,0.2
79,14,1,7.612784551021238,7.543741971793934,3.5500888000965674,56.9892605238959,61.57813532572706,0.2
79,14,2,7.623864189837737,10.04624704130464,4.472928951165545,56.9892605238959,61.57813532572706,0.2
79,14,3,20.86402153349387,24.124918203874767,11.228145355537722,56.9892605238959,61.57813532572706,0.2
79,14,4,8.128221440678498,10.471974325835001,4.587910171795747,56.9892605238959,61.57813532572706,0.2
79,14,5,6.8208234200084945,9.568277738994095,4.494436367400525,56.9892605238959,61.57813532572706,0.2
79,14,6,6.853320003897171,6.717202055011435,3.16943025484935,56.9892605238959,61.57813532572706,0.2
79,14,7,15.332257832282332,18.171097363775345,8.262989052555184,56.9892605238959,61.57813532572706,0.2
79,14,8,6.228351996669334,9.299246611527854,4.584617225550212,56.9892605238959,61.57813532572706,0.2
79,14,9,14.949233723487543,17.73283423798195,8.043069339342196,56.9892605238959,61.57813532572706,0.2
79,15,0,9.353864219126894,7.969754433016381,3.7778209708829644,67.67811070609102,71.318618794821,0.2
79,15,1,7.1817394952376725,11.642721077221445,4.810238212350628,67.67811070609102,71.318618794821,0.2
79,15,2,9.048621687182534,13.28474756299598,5.439219897159268,67.67811070609102,71.318618794821,0.2
79,15,3,22.714252938107137,29.10265830983344,12.803679481778008,67.67811070609102,71.318618794821,0.2
79,15,4,9.281225776800825,9.231027207196194,4.200199604147615,67.67811070609102,71.318618794821,0.2
79,15,5,9.092130644088362,13.601754298435562,5.749208284251029,67.67811070609102,71.318618794821,0.2
79,15,6,6.411676924259928,10.874994050589791,4.440681552397473,67.67811070609102,71.318618794821,0.2
79,15,7,16.715817031348024,22.11615055406727,9.481281586666213,67.67811070609102,71.318618794821,0.2
79,15,8,9.274564230163847,13.970051075735304,6.095765364420499,67.67811070609102,71.318618794821,0.2
79,15,9,16.270925035936504,21.539539057107188,9.216002594489098,67.67811070609102,71.318618794821,0.2
79,16,0,7.642435893938568,12.197813067085699,5.088939602329861,75.95638185272831,76.1678159747093,0.2
79,16,1,9.730989757270372,13.6054099627572,5.364467043602509,75.95638185272831,76.1678159747093,0.2
79,16,2,11.003403733914695,9.977762858454133,4.451563029387579,75.95638185272831,76.1678159747093,0.2
79,16,3,25.901518467974125,31.43525984323271,13.51368743688186,75.95638185272831,76.1678159747093,0.2
79,16,4,8.496897143577941,12.570377963514378,5.213612428456688,75.95638185272831,76.1678159747093,0.2
79,16,5,11.630502369470335,15.631046833386563,6.336993181963243,75.95638185272831,76.1678159747093,0.2
79,16,6,8.983386018332492,8.851646119776182,3.8447326062256035,75.95638185272831,76.1678159747093,0.2
79,16,7,19.180391891768522,23.92362586701897,10.017267470336174,75.95638185272831,76.1678159747093,0.2
79,16,8,12.331578542533848,16.511237785885,6.85228453826517,75.95638185272831,76.1678159747093,0.2
79,16,9,18.643739226820138,23.283761947345152,9.732273608476017,75.95638185272831,76.1678159747093,0.2
79,17,0,10.294795592137671,12.065478220611846,5.050229252348103,73.974919290484,69.73062931130066,0.2
79,17,1,10.852180609367586,8.450770701043918,3.8437564446935313,73.974919290484,69.73062931130066,0.2
79,17,2,9.005398969970274,11.44142154399478,4.899201401333902,73.974919290484,69.73062931130066,0.2
79,17,3,27.337846531926655,28.744415516403777,12.69314873682983,73.974919290484,69.73062931130066,0.2
79,17,4,10.547005553576827,12.424806618209345,5.171275251557678,73.974919290484,69.73062931130066,0.2
79,17,5,12.819576291928055,7.228484391403828,3.693385740736866,73.974919290484,69.73062931130066,0.2
79,17,6,7.7777964331504625,9.973029373801875,4.179538013105049,73.974919290484,69.73062931130066,0.2
79,17,7,20.264677724150438,21.798295427926746,9.385688632383363,73.974919290484,69.73062931130066,0.2
79,17,8,13.861997620940297,15.611417361624333,6.588693125591381,73.974919290484,69.73062931130066,0.2
79,17,9,19.688142378452685,21.253463775715574,9.130149903955958,73.974919290484,69.73062931130066,0.2
79,18,0,10.216485537095975,6.054448079306458,3.116607464736211,63.026744098593895,59.313796932357185,0.2
79,18,1,7.775821683158737,8.091254431507476,3.7285462901073103,63.026744098593895,59.313796932357185,0.2
79,18,2,9.910960029542462,9.79987266037694,4.395857496521476,63.026744098593895,59.313796932357185,0.2
79,18,3,25.677917577649694,23.4657694318427,11.012509369395838,63.026744098593895,59.313796932357185,0.2
79,18,4,10.461358519777498,6.904920645383226,3.4277251597233764,63.026744098593895,59.313796932357185,0.2
79,18,5,7.471625567415689,8.629078116236217,4.180870109886524,63.026744098593895,59.313796932357185,0.2
79,18,6,8.455099269558337,8.156338298729933,3.6307468749137373,63.026744098593895,59.313796932357185,0.2
79,18,7,18.987009772644935,17.61390758192093,8.084801619827388,63.026744098593895,59.313796932357185,0.2
79,18,8,13.328758886474455,12.677773574439286,5.695341104765467,63.026744098593895,59.313796932357185,0.2
79,18,9,18.470061413927827,17.21474693940561,7.877847232276532,63.026744098593895,59.313796932357185,0.2
79,19,0,6.304817761189454,6.984527216360354,3.4444971114253002,54.859406426976655,54.7664764371641,0.2
79,19,1,7.542754465960735,7.732308210912157,3.6119759375844636,54.859406426976655,54.7664764371641,0.2
79,19,2,8.892708091512002,5.152772681528106,2.8029670402079443,54.859406426976655,54.7664764371641,0.2
79,19,3,22.278026813783832,21.047114418013756,10.205087316237096,54.859406426976655,54.7664764371641,0.2
79,19,4,6.934200957940999,7.645042361954535,3.6809577727130187,54.859406426976655,54.7664764371641,0.2
79,19,5,8.457794067521345,8.872960532406566,4.2632380134881265,54.859406426976655,54.7664764371641,0.2
79,19,6,7.344908732443386,5.942823171053899,2.909003718465732,54.859406426976655,54.7664764371641,0.2
79,19,7,16.355348379650806,15.706623550279875,7.461537963902082,54.859406426976655,54.7664764371641,0.2
79,19,8,11.521530433219617,11.33671680160995,5.266605091973466,54.859406426976655,54.7664764371641,0.2
79,19,9,15.936684908825432,15.360947198896724,7.273939794242078,54.859406426976655,54.7664764371641,0.2
79,20,0,6.968130190344044,7.222236956287208,3.5261446850823894,55.58730110431149,54.7664764371641,0.2
79,20,1,7.306935602876427,7.556916803098733,3.5544277216051086,55.58730110431149,54.7664764371641,0.2
79,20,2,5.6703311466359,5.8401449854594665,3.0597492896826255,55.58730110431149,54.7664764371641,0.2
79,20,3,20.644632503101157,21.165924415315445,10.245378329990437,55.58730110431149,54.7664764371641,0.2
79,20,4,7.446484103686672,7.668932081479619,3.689005749053521,55.58730110431149,54.7664764371641,0.2
79,20,5,8.624422244940305,8.879440794124335,4.265417298596144,55.58730110431149,54.7664764371641,0.2
79,20,6,5.884840654163444,6.101205244166599,2.9630586999950093,55.58730110431149,54.7664764371641,0.2
79,20,7,15.094501830239635,15.491868709508557,7.389976103074545,55.58730110431149,54.7664764371641,0.2
79,20,8,10.65420836622927,10.952497429117248,5.141014847796152,55.58730110431149,54.7664764371641,0.2
79,20,9,14.714995496695273,15.097629678149024,7.186430712185741,55.58730110431149,54.7664764371641,0.2
80,0,0,2.0,2.0,1.7483397589538388,18.34728401777365,18.34728401777365,0.0
80,0,1,2.0,2.0,1.3671703153908268,18.34728401777365,18.34728401777365,0.0
80,0,2,2.0,2.0,1.518872108685921,18.34728401777365,18.34728401777365,0.0
80,0,3,2.0,2.0,1.3439622950486565,18.34728401777365,18.34728401777365,0.0
80,0,4,2.0,2.0,1.441695543086136,18.34728401777365,18.34728401777365,0.0
80,0,5,2.0,2.0,1.7168361929601006,18.34728401777365,18.34728401777365,0.0
80,0,6,2.0,2.0,1.488423731286456,18.34728401777365,18.34728401777365,0.0
80,0,7,2.0,2.0,1.9141898653285845,18.34728401777365,18.34728401777365,0.0
80,0,8,2.0,2.0,1.4607566376160301,18.34728401777365,18.34728401777365,0.0
80,0,9,2.0,2.0,1.9933741163911631,18.34728401777365,18.34728401777365,0.0
80,1,0,3.53684693679537,4.24082177425552,2.9588288985521567,18.34728401777365,28.632933219434797,0.0
80,1,1,2.7657508314980075,2.7188015956667475,1.6949850989141915,18.34728401777365,28.632933219434797,0.0
80,1,2,3.072639707172363,3.647217795085561,2.3129881027083,18.34728401777365,28.632933219434797,0.0
80,1,3,2.7188015956667484,2.968670506960322,1.7719827357378437,18.34728401777365,28.632933219434797,0.0
80,1,4,2.9165134747075028,3.447571716933739,2.1106288750984765,18.34728401777365,28.632933219434797,0.0
80,1,5,3.47311602275967,4.159326007379049,2.866315131437144,18.34728401777365,28.632933219434797,0.0
80,1,6,3.011043412868488,3.568451668520494,2.2322429606265737,18.34728401777365,28.632933219434797,0.0
80,1,7,3.8723574905619356,4.669855160769327,3.465583786378913,18.34728401777365,28.632933219434797,0.0
80,1,8,2.9550735849233587,3.496880373500662,2.1598988555180885,18.34728401777365,28.632933219434797,0.0
80,1,9,4.032545219736897,4.874694868952415,3.7190414876586426,18.34728401777365,28.632933219434797,0.0
80,2,0,5.985635728268145,8.039465328889479,4.629817302346535,31.042311470844453,42.986219665941775,0.2
80,2,1,3.4289118143693362,5.052032923024995,2.615338720944996,31.042311470844453,42.986219665941775,0.2
80,2,2,4.679116198102762,6.5229708874954175,3.474657628840573,31.042311470844453,42.986219665941775,0.2
80,2,3,3.5846760784636165,4.580973063961095,2.4006923273751664,31.042311470844453,42.986219665941775,0.2
80,2,4,4.2697486191532645,6.058002437508727,3.131721757204726,31.042311470844453,42.986219665941775,0.2
80,2,5,5.798482726595332,7.8392917156151025,4.466852801687337,31.042311470844453,42.986219665941775,0.2
80,2,6,4.515770826031749,6.49214885339506,3.393731792995969,31.042311470844453,42.986219665941775,0.2
80,2,7,7.010787998321547,9.295970497713702,5.611388416132141,31.042311470844453,42.986219665941775,0.2
80,2,8,4.369420538430182,4.062901240420372,2.3990663402883663,31.042311470844453,42.986219665941775,0.2
80,2,9,7.523526491962401,9.904369460578705,6.108669098792302,31.042311470844453,42.986219665941775,0.2
80,3,0,9.366002837757861,12.571605427543531,6.331088089511555,46.89494555906221,57.282265441968086,0.2
80,3,1,5.29076382121037,6.568940830423873,3.1430288558139443,46.89494555906221,57.282265441968086,0.2
80,3,2,7.029144151209524,9.877063567038558,4.64557744393457,46.89494555906221,57.282265441968086,0.2
80,3,3,4.856539617531622,7.207158713285544,3.2968633600101334,46.89494555906221,57.282265441968086,0.2
80,3,4,6.335393591056233,5.760406194621342,3.0232198819618668,46.89494555906221,57.282265441968086,0.2
80,3,5,9.0363297910797,12.219408320362602,6.094568845918462,46.89494555906221,57.282265441968086,0.2
80,3,6,6.865433240244563,9.933613024682696,4.570678298337757,46.89494555906221,57.282265441968086,0.2
80,3,7,11.351696275923903,14.959439656661697,7.82897207398367,46.89494555906221,57.282265441968086,0.2
80,3,8,4.853250286943695,7.543017510398931,3.699460993566388,46.89494555906221,57.282265441968086,0.2
80,3,9,12.357682469503649,16.134869393231607,8.596143083617905,46.89494555906221,57.282265441968086,0.2
80,4,0,12.807630439846223,15.070830264731326,7.187880727933859,58.09063281805389,63.23130515864257,0.2
80,4,1,6.358267564421676,8.310856981550387,3.705558632119409,58.09063281805389,63.23130515864257,0.2
80,4,2,9.397885203993388,11.369731282035836,5.126551806680456,58.09063281805389,63.23130515864257,0.2
80,4,3,6.669470860093048,7.265782599746521,3.3156124915438787,58.09063281805389,63.23130515864257,0.2
80,4,4,6.115897052626604,8.426865357999901,3.945652170914744,58.09063281805389,63.23130515864257,0.2
80,4,5,12.329158015987405,14.55612604694061,6.888742140754796,58.09063281805389,63.23130515864257,0.2
80,4,6,9.246366134364044,6.313154325701365,3.327959809723294,58.09063281805389,63.23130515864257,0.2
80,4,7,15.837811704685217,18.31536808370978,9.020590569776472,58.09063281805389,63.23130515864257,0.2
80,4,8,7.4839156496209975,9.544459986861218,4.361971508833002,58.09063281805389,63.23130515864257,0.2
80,4,9,17.389779176412027,19.965413480127285,9.978439624073964,58.09063281805389,63.23130515864257,0.2
80,5,0,14.540900190850472,14.298877041761628,6.928132566806988,58.44594420607878,59.124331594400445,0.2
80,5,1,7.496251017576504,6.340605346016508,3.066148106106055,58.44594420607878,59.124331594400445,0.2
80,5,2,10.370884126452719,5.451687486745423,3.0645864485011307,58.44594420607878,59.124331594400445,0.2
80,5,3,6.707399877089366,7.232355568609429,3.3049274205474886,58.44594420607878,59.124331594400445,0.2
80,5,4,7.9819541498674305,8.24022519519525,3.8842745142117936,58.44594420607878,59.124331594400445,0.2
80,5,5,13.935750425009395,13.67540256692505,6.5942581832312595,58.44594420607878,59.124331594400445,0.2
80,5,6,6.732378188231038,7.4901976157657035,3.7510329745128224,58.44594420607878,59.124331594400445,0.2
80,5,7,18.24842566292144,17.69580975380041,8.80589137608445,58.44594420607878,59.124331594400445,0.2
80,5,8,8.824157598884653,9.02585746090471,4.194679667625851,58.44594420607878,59.124331594400445,0.2
80,5,9,20.186129977116966,19.503349424638774,9.81621945231239,58.44594420607878,59.124331594400445,0.2
80,6,0,14.015436256672414,12.965210948877512,6.469199556547762,53.454755915490104,54.74839441360295,0.2
80,6,1,6.202739759994471,6.238039852716483,3.031344707797628,53.454755915490104,54.74839441360295,0.2
80,6,2,6.19958056631486,6.714933093876794,3.5459237546648463,53.454755915490104,54.74839441360295,0.2
80,6,3,6.685784249789536,5.593178568223078,2.760750548798601,53.454755915490104,54.74839441360295,0.2
80,6,4,7.857788708919382,7.407970866451487,3.605305282551023,53.454755915490104,54.74839441360295,0.2
80,6,5,13.340016856766496,12.306913286731113,6.125086998346592,53.454755915490104,54.74839441360295,0.2
80,6,6,7.588244457509007,7.174882837973396,3.639786906437287,53.454755915490104,54.74839441360295,0.2
80,6,7,17.81409464593625,16.275537554525545,8.304983130479291,53.454755915490104,54.74839441360295,0.2
80,6,8,8.485730452162088,4.8958034427729284,2.733591735649365,53.454755915490104,54.74839441360295,0.2
80,6,9,19.85796268889797,18.09587701277852,9.314800609434327,53.454755915490104,54.74839441360295,0.2
80,7,0,13.087026430597826,13.831905181448775,6.768964543251467,53.21863942353613,57.66628896653555,0.2
80,7,1,6.132333368978753,5.953812068953654,2.9339871587419526,53.21863942353613,57.66628896653555,0.2
80,7,2,7.173313714092243,8.304633547061556,4.114570817743379,53.21863942353613,57.66628896653555,0.2
80,7,3,5.584928256517602,6.629268523884767,3.109510411856182,53.21863942353613,57.66628896653555,0.2
80,7,4,7.2934410371316325,5.212359341737181,2.818880094273948,53.21863942353613,57.66628896653555,0.2
80,7,5,12.390895463402472,13.139247796942762,6.41220229836397,53.21863942353613,57.66628896653555,0.2
80,7,6,7.363196486662126,8.27079805101843,4.020580671551585,53.21863942353613,57.66628896653555,0.2
80,7,7,16.800769984633433,17.44899276717109,8.719734655456103,53.21863942353613,57.66628896653555,0.2
80,7,8,5.52998666716008,6.9399556482700575,3.489848371327989,53.21863942353613,57.66628896653555,0.2
80,7,9,18.843605102277653,19.44186280710607,9.794546438542692,53.21863942353613,57.66628896653555,0.2
80,8,0,13.6934433867711,17.680513503323088,8.038060098768543,61.454886871421444,67.65007327636658,0.2
80,8,1,5.93538151943807,9.256471187655317,3.9958892315341976,61.454886871421444,67.65007327636658,0.2
80,8,2,8.323672283052806,11.95807952779023,5.310839984870042,61.454886871421444,67.65007327636658,0.2
80,8,3,6.290460603428524,8.066089869233315,3.5672227352358066,61.454886871421444,67.65007327636658,0.2
80,8,4,5.702522850931454,9.51919753231257,4.297073637954466,61.454886871421444,67.65007327636658,0.2
80,8,5,12.971722424622634,6.558787099001862,3.942614699862007,61.454886871421444,67.65007327636658,0.2
80,8,6,8.133532603997338,11.929266189969724,5.1955939148262,61.454886871421444,67.65007327636658,0.2
80,8,7,17.639801787881566,22.125138315132304,10.29637168505586,61.454886871421444,67.65007327636658,0.2
80,8,8,7.059874637523245,10.55240643704813,4.679537464040134,61.454886871421444,67.65007327636658,0.2
80,8,9,19.81411873238442,24.524525660375005,11.523601969507773,61.454886871421444,67.65007327636658,0.2
80,9,0,16.260791469455583,21.16618735759903,9.117057256562347,74.34308906443152,79.22372309614863,0.2
80,9,1,8.08358244783157,9.611327176670162,4.102513096216967,74.34308906443152,79.22372309614863,0.2
80,9,2,10.743694431302993,14.963788289229328,6.21339979485585,74.34308906443152,79.22372309614863,0.2
80,9,3,7.2164010109425645,8.685291829301265,3.7567749433044777,74.34308906443152,79.22372309614863,0.2
80,9,4,8.69287085404815,12.737611487401109,5.268829653999456,74.34308906443152,79.22372309614863,0.2
80,9,5,7.975809423058204,12.862561939922623,6.317381417369661,74.34308906443152,79.22372309614863,0.2
80,9,6,10.510554558046227,15.096943269883429,6.126718195093234,74.34308906443152,79.22372309614863,0.2
80,9,7,20.82929846323875,26.531173095419973,11.692127233766955,74.34308906443152,79.22372309614863,0.2
80,9,8,9.466585462320605,13.341667264718629,5.514472117614546,74.34308906443152,79.22372309614863,0.2
80,9,9,23.31195416564268,29.37572360176461,13.07554558221807,74.34308906443152,79.22372309614863,0.2
80,10,0,18.44357532071197,22.75205423629572,9.590014570716624,82.48867917190834,81.42857363911108,0.2
80,10,1,8.299279818586436,11.977531745708832,4.785846385670447,82.48867917190834,81.42857363911108,0.2
80,10,2,12.569550008215034,16.392745582861387,6.623025073946442,82.48867917190834,81.42857363911108,0.2
80,10,3,7.599860314568788,11.244659339835252,4.501201965007293,82.48867917190834,81.42857363911108,0.2
80,10,4,10.658708598719572,14.384995237009257,5.73705963938811,82.48867917190834,81.42857363911108,0.2
80,10,5,12.779902190156514,17.684626128398413,7.894506400238209,82.48867917190834,81.42857363911108,0.2
80,10,6,12.39419533299997,9.546363206857459,4.4452087079357065,82.48867917190834,81.42857363911108,0.2
80,10,7,23.65287649587921,28.4501753223014,12.277882659924256,82.48867917190834,81.42857363911108,0.2
80,10,8,11.155637065017089,8.244241697117978,3.9369724192277675,82.48867917190834,81.42857363911108,0.2
80,10,9,26.45149668567209,31.46796244288751,13.72068689799952,82.48867917190834,81.42857363911108,0.2
80,11,0,19.400355957447285,19.57565179765352,8.631895995836205,76.99868733018248,72.88995716657087,0.2
80,11,1,9.681645711277696,7.0737354572033135,3.310211881016651,76.99868733018248,72.88995716657087,0.2
80,11,2,13.398211546206035,13.704132608916906,5.842467388282233,76.99868733018248,72.88995716657087,0.2
80,11,3,9.105817276248121,9.895797606474696,4.116059563245586,76.99868733018248,72.88995716657087,0.2
80,11,4,11.60592596940303,7.930774521693899,3.7815816403866362,76.99868733018248,72.88995716657087,0.2
80,11,5,15.970385982585874,16.718453819342272,7.590058795672699,76.99868733018248,72.88995716657087,0.2
80,11,6,8.992544339028335,10.293809146678209,4.6860710291066106,76.99868733018248,72.88995716657087,0.2
80,11,7,24.837844848915683,24.67610263388375,11.113672969429176,76.99868733018248,72.88995716657087,0.2
80,11,8,7.964395232609496,9.793505306945724,4.441335544686253,76.99868733018248,72.88995716657087,0.2
80,11,9,27.756601185433112,27.440654664397275,12.466482898039004,76.99868733018248,72.88995716657087,0.2
80,12,0,17.462106409956426,16.066996712190655,7.5172523647384875,65.60103283432375,62.219895536838024,0.2
80,12,1,6.696474579130417,7.181303456226146,3.3453681547427445,65.60103283432375,62.219895536838024,0.2
80,12,2,11.819163168798273,5.225082125100369,2.974852208887022,65.60103283432375,62.219895536838024,0.2
80,12,3,8.326683977400075,6.145109877034362,2.9487424683190886,65.60103283432375,62.219895536838024,0.2
80,12,4,7.650043632849868,7.924757159442707,3.7795729568688214,65.60103283432375,62.219895536838024,0.2
80,12,5,15.354496209383822,14.349592305542421,6.820175602201971,65.60103283432375,62.219895536838024,0.2
80,12,6,9.479802698543356,8.935219302582478,4.244037768152044,65.60103283432375,62.219895536838024,0.2
80,12,7,22.482678207805325,20.387515116027384,9.723419494717328,65.60103283432375,62.219895536838024,0.2
80,12,8,8.984709028125874,8.982995486563357,4.180725934052606,65.60103283432375,62.219895536838024,0.2
80,12,9,25.21937834149848,22.793969535966333,10.94817654996772,65.60103283432375,62.219895536838024,0.2
80,13,0,15.207210648376643,15.20130950633567,7.231385899725954,58.88134444624967,60.469847705171986,0.2
80,13,1,6.767594828155512,6.130718270582982,2.994743111660201,58.88134444624967,60.469847705171986,0.2
80,13,2,6.018050478195871,7.444924690858518,3.811557067340671,58.88134444624967,60.469847705171986,0.2
80,13,3,5.965231136031236,6.835902069461836,3.1770435676399624,58.88134444624967,60.469847705171986,0.2
80,13,4,7.6459801170998025,8.203546478708331,3.872163697358557,58.88134444624967,60.469847705171986,0.2
80,13,5,13.797042058626232,13.925524053405233,6.678454117906322,58.88134444624967,60.469847705171986,0.2
80,13,6,8.585580636176983,8.896384321455956,4.23111728543963,58.88134444624967,60.469847705171986,0.2
80,13,7,19.67023073115125,19.352051272755382,9.375035475052425,58.88134444624967,60.469847705171986,0.2
80,13,8,8.457502403470382,5.306707595448579,2.892241025944548,58.88134444624967,60.469847705171986,0.2
80,13,9,22.147883153683175,21.674528066518086,10.568967752708545,58.88134444624967,60.469847705171986,0.2
80,14,0,14.628910048659632,6.356277713541342,3.927777171541952,63.010591377936024,67.92275161778926,0.2
80,14,1,6.058289269416583,9.219345522320202,3.9846638288851297,63.010591377936024,67.92275161778926,0.2
80,14,2,7.71068316041226,11.241911522226623,5.086140163173642,63.010591377936024,67.92275161778926,0.2
80,14,3,6.427078462710585,7.994251301036387,3.544953519162717,63.010591377936024,67.92275161778926,0.2
80,14,4,7.833288833955096,11.019076358921287,4.760517803962574,63.010591377936024,67.92275161778926,0.2
80,14,5,13.510343094627899,17.039547871072887,7.691809329658856,63.010591377936024,67.92275161778926,0.2
80,14,6,8.559442827739417,11.961875059106566,5.205531419575293,63.010591377936024,67.92275161778926,0.2
80,14,7,18.965458705879925,22.868633955169358,10.537368591333577,63.010591377936024,67.92275161778926,0.2
80,14,8,5.8509301528479165,9.549044107765813,4.3634379150177605,63.010591377936024,67.92275161778926,0.2
80,14,9,21.38075338607181,25.451162177636004,11.826688293032948,63.010591377936024,67.92275161778926,0.2
80,15,0,7.945793480035892,13.457406706171366,6.640148643653708,74.65122935495103,79.17236621978088,0.2
80,15,1,8.060873743319007,9.851897289963553,4.174125822943703,74.65122935495103,79.17236621978088,0.2
80,15,2,10.28913239781076,14.810174169352775,6.168681200245542,74.65122935495103,79.17236621978088,0.2
80,15,3,7.171350952308612,10.880226150803452,4.398581400790501,74.65122935495103,79.17236621978088,0.2
80,15,4,9.630406633651008,8.632914841732296,4.0129410381346045,74.65122935495103,79.17236621978088,0.2
80,15,5,15.56033495588786,20.72856277851876,8.822797207035416,74.65122935495103,79.17236621978088,0.2
80,15,6,10.530657877810714,15.422108031721434,6.218794524567068,74.65122935495103,79.17236621978088,0.2
80,15,7,21.316829085007335,27.376652852023106,11.95171586422508,74.65122935495103,79.17236621978088,0.2
80,15,8,8.827124101359988,13.022208164563027,5.421707887625756,74.65122935495103,79.17236621978088,0.2
80,15,9,23.925090101867127,30.36489354083877,13.382216501275678,74.65122935495103,79.17236621978088,0.2
80,16,0,13.432852092905257,18.682380387099567,8.354248402103716,84.32084892269985,84.5308153312442,0.2
80,16,1,8.444150546293605,12.364530207824217,4.893571714361449,84.32084892269985,84.5308153312442,0.2
80,16,2,12.479085426857058,16.785858495708,6.733807555351273,84.32084892269985,84.5308153312442,0.2
80,16,3,8.898218480680175,10.778910932253511,4.369869887406883,84.32084892269985,84.5308153312442,0.2
80,16,4,8.118077819587898,12.686346183205327,5.253976786592834,84.32084892269985,84.5308153312442,0.2
80,16,5,17.848294712660515,22.693827235422173,9.40033399105206,84.32084892269985,84.5308153312442,0.2
80,16,6,12.580463409432527,9.324621666797144,4.372677449125296,84.32084892269985,84.5308153312442,0.2
80,16,7,24.178017703565356,29.74824900602766,12.66738590257853,84.32084892269985,84.5308153312442,0.2
80,16,8,10.967977383310624,15.008167377436047,5.988061286268657,84.32084892269985,84.5308153312442,0.2
80,16,9,27.071884167635066,32.94715804158238,14.169038787050306,84.32084892269985,84.5308153312442,0.2
80,17,0,16.900432378137253,18.772545090485675,8.38245144165445,82.09714512181746,78.15976843569496,0.2
80,17,1,9.899571315751754,9.355116409304522,4.025650434506118,82.09714512181746,78.15976843569496,0.2
80,17,2,13.622321692989933,14.885310973885787,6.190571566267655,82.09714512181746,78.15976843569496,0.2
80,17,3,8.840135818176192,10.471632847634039,4.282290964048964,82.09714512181746,78.15976843569496,0.2
80,17,4,10.628661625114642,12.191916270351557,5.109788668699438,82.09714512181746,78.15976843569496,0.2
80,17,5,19.016636961342307,20.28151138162104,8.689165798391867,82.09714512181746,78.15976843569496,0.2
80,17,6,8.845815444240166,11.201702927463895,4.971694386363072,82.09714512181746,78.15976843569496,0.2
80,17,7,25.625800018154624,26.7898209962974,11.771800240189208,82.09714512181746,78.15976843569496,0.2
80,17,8,12.113695927360894,8.205671356349303,3.924070079910497,82.09714512181746,78.15976843569496,0.2
80,17,9,28.6636056719893,29.772448519801024,13.198908095048653,82.09714512181746,78.15976843569496,0.2
80,18,0,16.95748641098898,16.071748620338408,7.518808585619124,70.64550790169855,66.33030409301963,0.2
80,18,1,8.143788605717935,8.293287001768745,3.7000731474190305,70.64550790169855,66.33030409301963,0.2
80,18,2,12.52336908145802,6.3694729142257405,3.4172177755244992,70.64550790169855,66.33030409301963,0.2
80,18,3,8.662965880113559,7.381814878901253,3.3525888213503388,70.64550790169855,66.33030409301963,0.2
80,18,4,10.33697272398326,9.82655519014074,4.39373102977893,70.64550790169855,66.33030409301963,0.2
80,18,5,17.577961766275198,16.29115207181644,7.453737972586418,70.64550790169855,66.33030409301963,0.2
80,18,6,10.057611497443066,9.612740250933335,4.46682187049394,70.64550790169855,66.33030409301963,0.2
80,18,7,23.814052964735836,21.79380843094954,10.18819399722006,70.64550790169855,66.33030409301963,0.2
80,18,8,7.938294127799588,8.710556746946544,4.0915608227236815,70.64550790169855,66.33030409301963,0.2
80,18,9,26.701055916585716,24.35073125522927,11.46637716881031,70.64550790169855,66.33030409301963,0.2
80,19,0,15.210358843701075,14.726373776309059,7.072482971949783,61.348982848185145,61.37182300834011,0.2
80,19,1,7.4851540213204775,6.51848321413425,3.1261096661408034,61.348982848185145,61.37182300834011,0.2
80,19,2,6.912944786520538,7.839069805689707,3.9517128796125767,61.348982848185145,61.37182300834011,0.2
80,19,3,6.782202053348384,7.196836628006905,3.293557414492349,61.348982848185145,61.37182300834011,0.2
80,19,4,8.888406303289177,5.734305129907284,3.0136243612785742,61.348982848185145,61.37182300834011,0.2
80,19,5,15.078722645873123,14.462468274776128,6.85768538349252,61.348982848185145,61.37182300834011,0.2
80,19,6,9.036267218060893,8.835371885550602,4.210784082245068,61.348982848185145,61.37182300834011,0.2
80,19,7,20.610457747701517,19.478545163955157,9.41788921086992,61.348982848185145,61.37182300834011,0.2
80,19,8,8.277123647420455,8.56966856631541,4.045122606717819,61.348982848185145,61.37182300834011,0.2
80,19,9,23.19618984694031,21.828415771588304,10.62143925986878,61.348982848185145,61.37182300834011,0.2
80,20,0,14.307453460788368,14.694500411071264,7.061764246269663,62.29164676678196,61.37182300834011,0.2
80,20,1,6.32404047334167,6.532305714202193,3.1307484513594828,62.29164676678196,61.37182300834011,0.2
80,20,2,7.994214809663649,8.247873796353518,4.094865251296054,62.29164676678196,61.37182300834011,0.2
80,20,3,6.662783016258401,6.8682332068340655,3.187554440318208,62.29164676678196,61.37182300834011,0.2
80,20,4,6.096485557943232,6.305318695941287,3.220679349102898,62.29164676678196,61.37182300834011,0.2
80,20,5,13.872923393691636,14.2614768213375,6.790832422336442,62.29164676678196,61.37182300834011,0.2
80,20,6,8.518309273997575,8.839218497495226,4.212067258154253,62.29164676678196,61.37182300834011,0.2
80,20,7,19.052150725254375,19.55244467628605,9.44288632415173,62.29164676678196,61.37182300834011,0.2
80,20,8,8.183180315645597,8.435296660480441,4.000618362995624,62.29164676678196,61.37182300834011,0.2
80,20,9,21.48690191264868,22.037045721848987,10.69239954284771,62.29164676678196,61.37182300834011,0.2
81,0,0,2.0,2.0,1.707134561363087,17.383291931089403,17.383291931089403,0.0
81,0,1,2.0,2.0,1.5048790910753174,17.383291931089403,17.383291931089403,0.0
81,0,2,2.0,2.0,1.3250988735087668,17.383291931089403,17.383291931089403,0.0
81,0,3,2.0,2.0,1.4860537903375781,17.383291931089403,17.383291931089403,0.0
81,0,4,2.0,2.0,1.2970172534379603,17.383291931089403,17.383291931089403,0.0
81,0,5,2.0,2.0,1.302226376651191,17.383291931089403,17.383291931089403,0.0
81,0,6,2.0,2.0,1.4243997281665075,17.383291931089403,17.383291931089403,0.0
81,0,7,2.0,2.0,1.4074878787448402,17.383291931089403,17.383291931089403,0.0
81,0,8,2.0,2.0,1.3088514626875158,17.383291931089403,17.383291931089403,0.0
81,0,9,2.0,2.0,1.6480828140528956,17.383291931089403,17.383291931089403,0.0
81,1,0,3.4534898683923143,4.224812660672918,2.8814558989255783,17.383291931089403,25.467006503633357,0.0
81,1,1,3.044332187870623,3.686426702465307,2.308896861456988,17.383291931089403,25.467006503633357,0.0
81,1,2,2.680641372890164,3.2078678552626845,1.8445006668936197,17.383291931089403,25.467006503633357,0.0
81,1,3,3.0062490825087878,3.6363154369365516,2.2582739121579314,17.383291931089403,25.467006503633357,0.0
81,1,4,2.6238329685631276,2.8903476095294436,1.678378122653858,17.383291931089403,25.467006503633357,0.0
81,1,5,2.634370892548297,2.6238329685631285,1.5747833705731835,17.383291931089403,25.467006503633357,0.0
81,1,6,2.8815244803174918,3.472197842034738,2.095723624695886,17.383291931089403,25.467006503633357,0.0
81,1,7,2.8473122383798266,3.4271800126381233,2.052010165390917,17.383291931089403,25.467006503633357,0.0
81,1,8,2.64777327336906,3.164618701947096,1.8046556225096337,17.383291931089403,25.467006503633357,0.0
81,1,9,3.3340296830840304,4.067622194999991,2.7089217462300974,17.383291931089403,25.467006503633357,0.0
81,2,0,5.829112114755128,7.928694571118068,4.47700871384074,27.60998120790551,36.5857437382774,0.2
81,2,1,4.670839720940192,6.577702938774888,3.4628413146456154,27.60998120790551,36.5857437382774,0.2
81,2,2,3.7313780117448903,4.254052776358073,2.2474461741622243,27.60998120790551,36.5857437382774,0.2
81,2,3,4.5684307799760795,6.322319989341785,3.3260369053526966,27.60998120790551,36.5857437382774,0.2
81,2,4,3.395316323095409,4.963289827656717,2.450549625239936,27.60998120790551,36.5857437382774,0.2
81,2,5,3.185746770216366,4.7651168921375495,2.3912059455714405,27.60998120790551,36.5857437382774,0.2
81,2,6,4.239595676077649,5.947298441522477,3.0544617981755997,27.60998120790551,36.5857437382774,0.2
81,2,7,4.151164457918988,5.799781218484855,2.9655946825864086,27.60998120790551,36.5857437382774,0.2
81,2,8,3.650772498740768,3.770129437896287,2.039946362024986,27.60998120790551,36.5857437382774,0.2
81,2,9,5.480079905009614,7.482949917430228,4.150582213611451,27.60998120790551,36.5857437382774,0.2
81,3,0,9.056874943477093,12.095931450012882,6.017197684617751,39.91247600224935,47.22530155204713,0.2
81,3,1,7.005240047644634,9.740250203148253,4.558056353067819,39.91247600224935,47.22530155204713,0.2
81,3,2,4.546526540959371,6.851728999018529,3.137526567359721,39.91247600224935,47.22530155204713,0.2
81,3,3,6.728488201517604,9.219757813990375,4.3312892941377,39.91247600224935,47.22530155204713,0.2
81,3,4,4.957399665086349,5.654482212744833,2.6847246225778707,39.91247600224935,47.22530155204713,0.2
81,3,5,4.837348908030251,5.022212612348564,2.4808017343116364,39.91247600224935,47.22530155204713,0.2
81,3,6,6.179098655801422,8.600536303026187,3.9543832558035374,39.91247600224935,47.22530155204713,0.2
81,3,7,5.999322737565973,8.329405043492953,3.820792507864936,39.91247600224935,47.22530155204713,0.2
81,3,8,4.1267596900457075,6.496022923941618,2.985538320508938,39.91247600224935,47.22530155204713,0.2
81,3,9,8.39652242245702,11.279506914190794,5.531731779513153,39.91247600224935,47.22530155204713,0.2
81,4,0,12.172638121360936,14.357972945584109,6.784407871026561,47.89174504561258,50.76739064223169,0.2
81,4,1,9.220832259591848,11.151553661866235,5.010895849939455,47.89174504561258,50.76739064223169,0.2
81,4,2,6.34713657459832,5.172988502360435,2.5771894628083087,47.89174504561258,50.76739064223169,0.2
81,4,3,8.762088257669127,10.655067374704078,4.792949718445801,47.89174504561258,50.76739064223169,0.2
81,4,4,5.431129738298399,7.303959900417722,3.211556911323743,47.89174504561258,50.76739064223169,0.2
81,4,5,5.018598913546996,7.022565725375988,3.1369858487557845,47.89174504561258,50.76739064223169,0.2
81,4,6,7.9996169128891355,9.813543016081455,4.336995449622365,47.89174504561258,50.76739064223169,0.2
81,4,7,7.729366222077431,5.931834459919048,3.0127006578683817,47.89174504561258,50.76739064223169,0.2
81,4,8,6.039668210654717,7.837426487320412,3.4047936939895944,47.89174504561258,50.76739064223169,0.2
81,4,9,11.190552922763604,13.297690493189036,6.207280741270746,47.89174504561258,50.76739064223169,0.2
81,5,0,13.724684846707898,13.1567370372578,6.3819073363898156,46.92530185040036,46.35227683631281,0.2
81,5,1,10.136915062815847,9.695310323024065,4.543325069505886,46.92530185040036,46.35227683631281,0.2
81,5,2,5.213588840723456,5.818733284169423,2.7983833187773,46.92530185040036,46.35227683631281,0.2
81,5,3,9.696015573107402,9.529475292440347,4.432633503180154,46.92530185040036,46.35227683631281,0.2
81,5,4,6.496898080585997,4.3387715814903,2.2303935841717837,46.92530185040036,46.35227683631281,0.2
81,5,5,6.3460427145930165,6.484361174161167,2.966692464587628,46.92530185040036,46.35227683631281,0.2
81,5,6,8.773631665318275,8.6044510482356,3.955643124018605,46.92530185040036,46.35227683631281,0.2
81,5,7,6.094616929400001,6.75928184795933,3.3010648456762133,46.92530185040036,46.35227683631281,0.2
81,5,8,6.887811185059961,4.908403043623957,2.4537342073459474,46.92530185040036,46.35227683631281,0.2
81,5,9,12.557171318193415,12.116274513655894,5.815892985808009,46.92530185040036,46.35227683631281,0.2
81,6,0,12.910436485828486,11.944190497293668,5.9642585633918275,41.90744449188819,41.82825085464067,0.2
81,6,1,9.191031247017344,8.523966129290185,4.151736784095447,41.90744449188819,41.82825085464067,0.2
81,6,2,5.661058394576083,5.739412147057362,2.771625042031029,41.90744449188819,41.82825085464067,0.2
81,6,3,8.967105019129859,8.560497707877591,4.112092198259161,41.90744449188819,41.82825085464067,0.2
81,6,4,4.5120295844249005,5.019136411120108,2.469818593216187,41.90744449188819,41.82825085464067,0.2
81,6,5,6.0015435226784755,4.253982842452852,2.20862764851685,41.90744449188819,41.82825085464067,0.2
81,6,6,8.0021655942964,3.563495296018084,2.1341464483179493,41.90744449188819,41.82825085464067,0.2
81,6,7,6.677970358907259,6.774947656454613,3.3064185390666365,41.90744449188819,41.82825085464067,0.2
81,6,8,4.963841993820759,5.197899961343733,2.5541647533931893,41.90744449188819,41.82825085464067,0.2
81,6,9,11.765403827396367,10.972127024498656,5.425772904694092,41.90744449188819,41.82825085464067,0.2
81,7,0,12.065543623403293,12.958474321406893,6.314434586401533,40.65950469950677,43.784486228199604,0.2
81,7,1,8.39885808922815,9.328010989398571,4.422144660984486,40.65950469950677,43.784486228199604,0.2
81,7,2,5.6069270801909425,4.0746920880543165,2.1806885588536846,40.65950469950677,43.784486228199604,0.2
81,7,3,8.318658098775783,4.683488495577078,2.6959519856809226,40.65950469950677,43.784486228199604,0.2
81,7,4,4.996380298005658,6.150717436824224,2.8475594480899433,40.65950469950677,43.784486228199604,0.2
81,7,5,4.467997649297084,5.819846315338953,2.750448719909196,40.65950469950677,43.784486228199604,0.2
81,7,6,4.317324072594834,6.188036144039335,3.140493322846756,40.65950469950677,43.784486228199604,0.2
81,7,7,6.68880074468982,7.771896332376343,3.639926094284848,40.65950469950677,43.784486228199604,0.2
81,7,8,5.1670104382428095,6.271311816490219,2.9128642281220483,40.65950469950677,43.784486228199604,0.2
81,7,9,10.976200809616943,11.895243411275167,5.741420651038435,40.65950469950677,43.784486228199604,0.2
81,8,0,12.773940825936833,15.970267382377836,7.309123313973285,46.661068296571045,51.35295797349621,0.2
81,8,1,8.945886357711055,11.7891541206537,5.209768947870573,46.661068296571045,51.35295797349621,0.2
81,8,2,4.411477580365433,7.071569345818384,3.207660166463543,46.661068296571045,51.35295797349621,0.2
81,8,3,5.453842408759591,8.379340051165183,4.05098284034735,46.661068296571045,51.35295797349621,0.2
81,8,4,5.760540455446763,5.925056224356348,2.774019370793508,46.661068296571045,51.35295797349621,0.2
81,8,5,5.56408791826854,7.938669524131442,3.4181325268884635,46.661068296571045,51.35295797349621,0.2
81,8,6,6.35313824561381,8.991362472116213,4.079329060828567,46.661068296571045,51.35295797349621,0.2
81,8,7,7.363478060143347,5.054074436072382,2.69322607276668,46.661068296571045,51.35295797349621,0.2
81,8,8,5.8926503671683,8.360797159852428,3.562400530117575,46.661068296571045,51.35295797349621,0.2
81,8,9,11.614748185232527,14.640747390591306,6.6397588564452,46.661068296571045,51.35295797349621,0.2
81,9,0,14.786170863696858,19.42192102868183,8.38207006228636,56.43360521945445,59.930777904238624,0.2
81,9,1,10.539230289948568,14.616055086771432,6.05566345256503,56.43360521945445,59.930777904238624,0.2
81,9,2,6.4890150646838025,9.878102257509516,4.053206683990645,56.43360521945445,59.930777904238624,0.2
81,9,3,8.195035419469303,11.891202775857241,5.175729639013023,56.43360521945445,59.930777904238624,0.2
81,9,4,5.611770746478279,8.923830945581761,3.694968074765386,56.43360521945445,59.930777904238624,0.2
81,9,5,6.914795305301568,6.49407239838483,2.9698018878509855,56.43360521945445,59.930777904238624,0.2
81,9,6,8.252379103707604,11.816832084503886,4.939257070086512,56.43360521945445,59.930777904238624,0.2
81,9,7,5.448327956153149,9.117109379474922,4.070274339994834,56.43360521945445,59.930777904238624,0.2
81,9,8,7.206645812438572,7.383422977324585,3.2655007649671073,56.43360521945445,59.930777904238624,0.2
81,9,9,13.432063563280307,17.786196739655118,7.608800514176617,56.43360521945445,59.930777904238624,0.2
81,10,0,16.956714890211696,20.8032002344655,8.795040878247018,62.40063604516412,61.59202066243273,0.2
81,10,1,12.250453393157546,6.5475767030522585,3.451731671760109,62.40063604516412,61.59202066243273,0.2
81,10,2,8.199534198689657,7.957666684312022,3.4839932812154877,62.40063604516412,61.59202066243273,0.2
81,10,3,10.470369632489462,13.8925382332388,5.7711272886887475,62.40063604516412,61.59202066243273,0.2
81,10,4,7.474826588975198,10.494770727222074,4.139099103957201,62.40063604516412,61.59202066243273,0.2
81,10,5,6.007833806982704,9.500596499671262,3.8760654541782626,62.40063604516412,61.59202066243273,0.2
81,10,6,9.991991630295926,13.199894228887423,5.337159735891734,62.40063604516412,61.59202066243273,0.2
81,10,7,8.234061633387368,11.661676455371856,4.835666686272961,62.40063604516412,61.59202066243273,0.2
81,10,8,6.606025126710964,10.022947132227975,4.044512420301906,62.40063604516412,61.59202066243273,0.2
81,10,9,15.39241023000904,19.068656457795704,7.988810138410793,62.40063604516412,61.59202066243273,0.2
81,11,0,17.792144364337677,17.654904326055092,7.840658088210616,58.241284712162965,55.46507667508327,0.2
81,11,1,6.982765522194269,8.775807202787387,4.2372253576647365,58.241284712162965,55.46507667508327,0.2
81,11,2,7.04802993890388,7.969918662653134,3.487747292565543,58.241284712162965,55.46507667508327,0.2
81,11,3,11.674843958858853,12.059573122765729,5.226920413136522,58.241284712162965,55.46507667508327,0.2
81,11,4,8.373292383216922,6.8763242213499955,3.0787483937811215,58.241284712162965,55.46507667508327,0.2
81,11,5,7.8411819889241,8.409432370489256,3.558788417083714,58.241284712162965,55.46507667508327,0.2
81,11,6,10.79693861928279,11.088871931872086,4.724240980252682,58.241284712162965,55.46507667508327,0.2
81,11,7,9.78243091431035,10.324426754967195,4.440479094291028,58.241284712162965,55.46507667508327,0.2
81,11,8,8.18194592402066,6.168656848732916,2.879405262418456,58.241284712162965,55.46507667508327,0.2
81,11,9,16.161160050255443,16.149762553030634,7.111714812670052,58.241284712162965,55.46507667508327,0.2
81,12,0,15.861452214723528,14.46331624903338,6.819213307630738,49.91862332701655,47.283342587829836,0.2
81,12,1,8.57179930274861,8.539717373014808,4.157105626911699,49.91862332701655,47.283342587829836,0.2
81,12,2,7.055624208539482,6.9665215306152355,3.174230617524253,49.91862332701655,47.283342587829836,0.2
81,12,3,10.573927268654653,10.035380738015169,4.59607630853295,49.91862332701655,47.283342587829836,0.2
81,12,4,6.228229822002193,6.411613515130593,2.9315809526887557,49.91862332701655,47.283342587829836,0.2
81,12,5,7.199338599493411,5.2495620628203294,2.558890152323551,49.91862332701655,47.283342587829836,0.2
81,12,6,9.557019540462797,4.43495800581542,2.4873307760841623,49.91862332701655,47.283342587829836,0.2
81,12,7,8.982976450724168,8.671966157627693,3.930121424565711,49.91862332701655,47.283342587829836,0.2
81,12,8,5.824963729173004,6.110706073756213,2.8604432891183067,49.91862332701655,47.283342587829836,0.2
81,12,9,14.386818478351866,13.229970353035723,6.1851358568639245,49.91862332701655,47.283342587829836,0.2
81,13,0,13.79509536114416,13.886221634383956,6.6275898279163865,44.74624647731322,45.97123456848236,0.2
81,13,1,8.409719121914474,8.985348923753591,4.307795454937941,44.74624647731322,45.97123456848236,0.2
81,13,2,6.421387936055711,4.488762231376395,2.3335435420828166,44.74624647731322,45.97123456848236,0.2
81,13,3,9.297745664057585,9.72773941465649,4.496989593674692,44.74624647731322,45.97123456848236,0.2
81,13,4,5.930513825693212,6.582939130532553,2.986198299965404,44.74624647731322,45.97123456848236,0.2
81,13,5,5.176569800286939,6.115421860103183,2.8475016586567867,44.74624647731322,45.97123456848236,0.2
81,13,6,5.031806999260945,6.519871894755792,3.2574535306714196,44.74624647731322,45.97123456848236,0.2
81,13,7,7.95053584437537,5.120319395036391,2.717888293130694,44.74624647731322,45.97123456848236,0.2
81,13,8,5.786604138687937,6.453963347072854,2.9719938881380963,44.74624647731322,45.97123456848236,0.2
81,13,9,12.51237277936317,12.70317876956835,6.011691979830857,44.74624647731322,45.97123456848236,0.2
81,14,0,13.4074459275745,16.270079474393185,7.404905660185253,47.90279430927254,51.64131578222111,0.2
81,14,1,8.714560817546763,11.35927078729503,5.076050428051217,47.90279430927254,51.64131578222111,0.2
81,14,2,4.72069932999341,7.352481955879814,3.2963328990917753,47.90279430927254,51.64131578222111,0.2
81,14,3,9.097295756006961,5.160470066676104,2.885333493072097,47.90279430927254,51.64131578222111,0.2
81,14,4,6.041003332336299,6.177989152995142,2.856391653206232,47.90279430927254,51.64131578222111,0.2
81,14,5,5.760423548890934,8.0402019745361,3.448675738823717,47.90279430927254,51.64131578222111,0.2
81,14,6,6.589745776074102,9.156893302715053,4.131755299371271,47.90279430927254,51.64131578222111,0.2
81,14,7,5.498219001702115,8.198726599801793,3.7787325053337573,47.90279430927254,51.64131578222111,0.2
81,14,8,6.012268167902095,8.342364574056726,3.5569010315035654,47.90279430927254,51.64131578222111,0.2
81,14,9,12.161500220383337,14.896604164450945,6.720771470231734,47.90279430927254,51.64131578222111,0.2
81,15,0,14.979936117883828,19.6454301875965,8.44947719511739,56.75694250938409,60.45465817013313,0.2
81,15,1,10.268721119866607,14.350045659056105,5.978302813546986,56.75694250938409,60.45465817013313,0.2
81,15,2,6.668397751125196,10.063753978730306,4.106381510168776,56.75694250938409,60.45465817013313,0.2
81,15,3,5.836956389249838,9.79524864115761,4.518812880189786,56.75694250938409,60.45465817013313,0.2
81,15,4,5.778407782120948,9.089031090850336,3.742717679133603,56.75694250938409,60.45465817013313,0.2
81,15,5,6.976583447463211,7.860158468945491,3.394434260353443,56.75694250938409,60.45465817013313,0.2
81,15,6,8.358436053020718,11.937209373394658,4.97442460714841,56.75694250938409,60.45465817013313,0.2
81,15,7,7.644279904985941,11.099734590157846,4.671350801739049,56.75694250938409,60.45465817013313,0.2
81,15,8,7.195520466391126,6.929391431912679,3.1236037246643233,56.75694250938409,60.45465817013313,0.2
81,15,9,13.595950023818242,17.97557794317091,7.665421446661842,56.75694250938409,60.45465817013313,0.2
81,16,0,17.093077808260446,21.254101955028435,8.928051557301735,64.3859510790224,64.56208429323212,0.2
81,16,1,12.09395478484172,15.769311047734192,6.386302926329253,64.3859510790224,64.56208429323212,0.2
81,16,2,8.307105521780361,8.25653154196113,3.5750789656596513,64.3859510790224,64.56208429323212,0.2
81,16,3,9.141443710468572,12.729406762839243,5.428492571739204,64.3859510790224,64.56208429323212,0.2
81,16,4,7.571422826107032,7.299543299465429,3.2101973999529734,64.3859510790224,64.56208429323212,0.2
81,16,5,6.866854313870989,10.013650897976568,4.02142712966203,64.3859510790224,64.56208429323212,0.2
81,16,6,10.063134664763345,13.35066820683045,5.379761061176099,64.3859510790224,64.56208429323212,0.2
81,16,7,9.450024052369317,12.65049004527682,5.119161263577559,64.3859510790224,64.56208429323212,0.2
81,16,8,6.3189710173680895,9.729986403372342,3.9613929932268954,64.3859510790224,64.56208429323212,0.2
81,16,9,15.506952938652065,19.437904302896747,8.096785637070187,64.3859510790224,64.56208429323212,0.2
81,17,0,18.061221590526966,19.217066118565764,8.320084114244336,62.70332047334901,59.060077635504804,0.2
81,17,1,12.91932865265881,14.040116402162088,5.887624543160997,62.70332047334901,59.060077635504804,0.2
81,17,2,7.232293965596849,9.029320718648222,3.806149505108053,62.70332047334901,59.060077635504804,0.2
81,17,3,10.981702626988735,12.581219431472919,5.384178490524026,62.70332047334901,59.060077635504804,0.2
81,17,4,6.494147823604984,8.427790989077947,3.5499675715126493,62.70332047334901,59.060077635504804,0.2
81,17,5,8.135244967260668,7.193117258713216,3.190123444713357,62.70332047334901,59.060077635504804,0.2
81,17,6,10.883120018558174,6.084259429485562,3.1035324585827495,62.70332047334901,59.060077635504804,0.2
81,17,7,10.355933245423522,11.701345133373614,4.8471752151258904,62.70332047334901,59.060077635504804,0.2
81,17,8,8.013797433698418,9.395894114510645,3.8656812911869443,62.70332047334901,59.060077635504804,0.2
81,17,9,16.379591742222996,17.58010062549413,7.5469762499875,62.70332047334901,59.060077635504804,0.2
81,18,0,16.83131889133104,15.445410570105192,7.1401342563257435,53.38205658460619,50.01338117235233,0.2
81,18,1,11.910514946442978,10.943249509494448,4.945190452708361,53.38205658460619,50.01338117235233,0.2
81,18,2,7.6997437993298306,7.560662769339588,3.3613922549854234,53.38205658460619,50.01338117235233,0.2
81,18,3,10.892056365957306,10.482638532118639,4.738522641884825,53.38205658460619,50.01338117235233,0.2
81,18,4,7.1814942528907615,7.168252396707899,3.169670065157122,53.38205658460619,50.01338117235233,0.2
81,18,5,6.45353872189292,6.7805479522991385,3.0609120068212556,53.38205658460619,50.01338117235233,0.2
81,18,6,6.278367355754459,7.2993589234032505,3.5254145179634557,53.38205658460619,50.01338117235233,0.2
81,18,7,9.805712375943907,5.064328413149685,2.6970498227361457,53.38205658460619,50.01338117235233,0.2
81,18,8,7.820175090877575,5.8990654309397215,2.7907286761899917,53.38205658460619,50.01338117235233,0.2
81,18,9,15.267341313457173,14.125551500848514,6.47532875638244,53.38205658460619,50.01338117235233,0.2
81,19,0,14.444310291212775,13.699459704814494,6.565067040988026,46.25744002951561,46.247994111023914,0.2
81,19,1,10.003994712673622,9.582385157316464,4.506217473448413,46.25744002951561,46.247994111023914,0.2
81,19,2,6.800011176046688,4.633834868260657,2.3860837059121653,46.25744002951561,46.247994111023914,0.2
81,19,3,9.58591097929058,9.429555379857746,4.400047690077022,46.25744002951561,46.247994111023914,0.2
81,19,4,6.41216205442305,5.240868842515767,2.5456990481325708,46.25744002951561,46.247994111023914,0.2
81,19,5,6.192147264101521,6.362299828418737,2.927489748930669,46.25744002951561,46.247994111023914,0.2
81,19,6,7.131824049036105,7.428419827549294,3.568932988094224,46.25744002951561,46.247994111023914,0.2
81,19,7,5.456063305244946,6.326192809352902,3.1515439165595964,46.25744002951561,46.247994111023914,0.2
81,19,8,5.645573246996195,5.927702668682533,2.800205174086849,46.25744002951561,46.247994111023914,0.2
81,19,9,13.09942564622469,12.516551499818268,5.949730812707911,46.25744002951561,46.247994111023914,0.2
81,20,0,13.280963917258724,13.649864222723833,6.548420959088873,46.94114614201081,46.247994111023914,0.2
81,20,1,9.115963522465771,9.408767753216,4.448909128215103,46.94114614201081,46.247994111023914,0.2
81,20,2,4.826986747268502,4.987388723366172,2.5121093567137613,46.94114614201081,46.247994111023914,0.2
81,20,3,8.901184746673344,9.153237264380095,4.309390369815729,46.94114614201081,46.247994111023914,0.2
81,20,4,5.14988453147012,5.319096030978989,2.5722385229095726,46.94114614201081,46.247994111023914,0.2
81,20,5,5.922237424378485,6.115731798846724,2.847602678844455,46.94114614201081,46.247994111023914,0.2
81,20,6,7.2198608090467165,7.437505127089456,3.571987906422258,46.94114614201081,46.247994111023914,0.2
81,20,7,6.375493316087306,6.560871293426006,3.2329331850374534,46.94114614201081,46.247994111023914,0.2
81,20,8,5.664743961604952,5.867345855354505,2.780216060943379,46.94114614201081,46.247994111023914,0.2
81,20,9,12.03615435267271,12.370945938841391,5.901196416398755,46.94114614201081,46.247994111023914,0.2
82,0,0,2.0,2.0,1.339307509476691,17.91448325302946,17.91448325302946,0.0
82,0,1,2.0,2.0,1.6507086778883868,17.91448325302946,17.91448325302946,0.0
82,0,2,2.0,2.0,1.5158681467270871,17.91448325302946,17.91448325302946,0.0
82,0,3,2.0,2.0,1.5070243365826947,17.91448325302946,17.91448325302946,0.0
82,0,4,2.0,2.0,1.4916000983755373,17.91448325302946,17.91448325302946,0.0
82,0,5,2.0,2.0,1.620100274455554,17.91448325302946,17.91448325302946,0.0
82,0,6,2.0,2.0,1.5636521293766241,17.91448325302946,17.91448325302946,0.0
82,0,7,2.0,2.0,1.6982596048558398,17.91448325302946,17.91448325302946,0.0
82,0,8,2.0,2.0,1.4336175987913213,17.91448325302946,17.91448325302946,0.0
82,0,9,2.0,2.0,1.3718016778778492,17.91448325302946,17.91448325302946,0.0
82,1,0,2.709385082653571,2.982040816788776,1.7714088719127108,17.91448325302946,27.15647496133043,0.0
82,1,1,3.3393417389447038,4.04650022339421,2.7033677935232454,17.91448325302946,27.15647496133043,0.0
82,1,2,3.0665627684092085,3.6908607653135124,2.327714937859649,17.91448325302946,27.15647496133043,0.0
82,1,3,3.048671965057856,3.6675353762777925,2.3038875977821145,17.91448325302946,27.15647496133043,0.0
82,1,4,3.0174691228322525,3.6268542274417737,2.262572356529564,17.91448325302946,27.15647496133043,0.0
82,1,5,3.277421716038864,3.965771113861506,2.616075359138564,17.91448325302946,27.15647496133043,0.0
82,1,6,3.1632285519311862,3.816890153866498,2.4581925987927464,17.91448325302946,27.15647496133043,0.0
82,1,7,3.435536056739805,4.171914931807885,2.841305248355971,17.91448325302946,27.15647496133043,0.0
82,1,8,2.9001719985222247,3.473926435236418,2.110020909096301,17.91448325302946,27.15647496133043,0.0
82,1,9,2.775119960205128,2.70938508265357,1.696601503327972,17.91448325302946,27.15647496133043,0.0
82,2,0,3.5835151665174894,4.555154332154094,2.3829310377991515,29.441613534292607,39.80047513530305,0.2
82,2,1,5.4688443997151,7.422937097564426,4.133828771934754,29.441613534292607,39.80047513530305,0.2
82,2,2,4.708908211655611,6.5962036402874,3.494992664597304,29.441613534292607,39.80047513530305,0.2
82,2,3,4.660706107726089,6.461773557735867,3.424880975416046,29.441613534292607,39.80047513530305,0.2
82,2,4,4.577126423789552,6.344566514838236,3.3466691065507432,29.441613534292607,39.80047513530305,0.2
82,2,5,5.292254021570515,7.289468269815702,4.005972775674573,29.441613534292607,39.80047513530305,0.2
82,2,6,4.972861206505759,6.895046745277972,3.7187346809250568,29.441613534292607,39.80047513530305,0.2
82,2,7,5.747888368197748,7.812578199573005,4.407975243676662,29.441613534292607,39.80047513530305,0.2
82,2,8,4.268518719368936,4.018252451896789,2.336352561724889,29.441613534292607,39.80047513530305,0.2
82,2,9,3.432181759453078,5.054946448545827,2.625257598186837,29.441613534292607,39.80047513530305,0.2
82,3,0,4.820608979731534,7.301250263989801,3.315410979897488,43.41952209800011,52.086692392210836,0.2
82,3,1,8.362630635364983,11.427082371956827,5.591189193081899,43.41952209800011,52.086692392210836,0.2
82,3,2,7.0702814121780975,10.018782176397655,4.682856874168426,43.41952209800011,52.086692392210836,0.2
82,3,3,6.928447245309604,9.735342498157504,4.562943941363947,43.41952209800011,52.086692392210836,0.2
82,3,4,6.770226620628043,5.566508914708656,3.0537919266517957,43.41952209800011,52.086692392210836,0.2
82,3,5,8.10398120157625,11.23954685990053,5.424316978052561,43.41952209800011,52.086692392210836,0.2
82,3,6,7.522905829731098,10.531246730730778,5.002130237998932,43.41952209800011,52.086692392210836,0.2
82,3,7,8.917221986301152,12.168755988562053,6.0111201727932775,43.41952209800011,52.086692392210836,0.2
82,3,8,4.726381905399925,7.4268238600434575,3.591488775681593,43.41952209800011,52.086692392210836,0.2
82,3,9,5.310829458000697,6.4513634578108805,3.114055795573609,43.41952209800011,52.086692392210836,0.2
82,4,0,6.706992224145701,7.351512623508234,3.331371009536954,52.8217398372309,56.9752916088205,0.2
82,4,1,11.310833760611866,13.53989964755268,6.296225143180732,52.8217398372309,56.9752916088205,0.2
82,4,2,9.473300544720402,6.346443246477508,3.4018229806437605,52.8217398372309,56.9752916088205,0.2
82,4,3,9.230719726604452,11.26479973829734,5.05365629245659,52.8217398372309,56.9752916088205,0.2
82,4,4,6.177743522718806,8.774753888187576,4.199483385634753,52.8217398372309,56.9752916088205,0.2
82,4,5,10.973255506991453,13.170908990114945,6.061106607663294,52.8217398372309,56.9752916088205,0.2
82,4,6,10.119182452445235,12.237821849474889,5.5566370756424845,52.8217398372309,56.9752916088205,0.2
82,4,7,12.160343469266202,14.460629531100311,6.782879824814597,52.8217398372309,56.9752916088205,0.2
82,4,8,7.26549059457715,9.36667252739449,4.22495475583688,52.8217398372309,56.9752916088205,0.2
82,4,9,6.299655799268011,8.375700916086318,3.7383946405781328,52.8217398372309,56.9752916088205,0.2
82,5,0,6.739278958833522,7.292608381933171,3.3126635687897386,52.663387322775264,53.258486689672324,0.2
82,5,1,12.737103584693303,12.749063107259337,6.0364864073622835,52.663387322775264,53.258486689672324,0.2
82,5,2,6.8818015073966246,8.049783205791872,4.0178096649202795,52.663387322775264,53.258486689672324,0.2
82,5,3,10.22341835221266,5.668810568916913,3.124954008556798,52.663387322775264,53.258486689672324,0.2
82,5,4,8.495448251713348,9.086677400725975,4.303432379654541,52.663387322775264,53.258486689672324,0.2
82,5,5,12.261464757703369,12.125732583951619,5.7202694833410375,52.663387322775264,53.258486689672324,0.2
82,5,6,11.240935704413388,11.172639777939574,5.213485876225146,52.663387322775264,53.258486689672324,0.2
82,5,7,13.721593648022752,13.565643118427925,6.486215203317594,52.663387322775264,53.258486689672324,0.2
82,5,8,8.546976186838087,8.901190375383639,4.07686179759912,52.663387322775264,53.258486689672324,0.2
82,5,9,7.562677428884176,6.60554511910381,3.1659670973480685,52.663387322775264,53.258486689672324,0.2
82,6,0,6.701434281239697,5.8434667156388445,2.836799940908624,48.15140111781728,49.266588163260586,0.2
82,6,1,12.211658717674844,11.464946470552047,5.60415139822401,48.15140111781728,49.266588163260586,0.2
82,6,2,8.12792692794634,7.968771297570967,3.989462472223191,48.15140111781728,49.266588163260586,0.2
82,6,3,6.321702607394826,6.925959649311963,3.5953008600507137,48.15140111781728,49.266588163260586,0.2
82,6,4,8.705734427039955,8.43572713020694,4.0852362093934165,48.15140111781728,49.266588163260586,0.2
82,6,5,11.57195991007201,10.722699387535743,5.248482942366964,48.15140111781728,49.266588163260586,0.2
82,6,6,10.546749541625957,9.81933972337535,4.762957909615031,48.15140111781728,49.266588163260586,0.2
82,6,7,13.121448651935104,12.167186545163458,6.010577470911245,48.15140111781728,49.266588163260586,0.2
82,6,8,8.247387892845618,5.138148477136386,2.775089419702991,48.15140111781728,49.266588163260586,0.2
82,6,9,6.404671044574747,6.529586039184486,3.140438456882462,48.15140111781728,49.266588163260586,0.2
82,7,0,5.738774245634976,6.918295661669252,3.1927042449161935,47.890003335640706,51.669443599944735,0.2
82,7,1,11.337055972465254,12.318455566151922,5.893032284627542,47.890003335640706,51.669443599944735,0.2
82,7,2,8.070581276940018,9.210406764157966,4.415049708245444,47.890003335640706,51.669443599944735,0.2
82,7,3,7.273202344455672,8.615336217610357,4.188801980331845,47.890003335640706,51.669443599944735,0.2
82,7,4,8.264329115254151,5.3072959422134645,2.9535390687833756,47.890003335640706,51.669443599944735,0.2
82,7,5,10.617547717750819,11.581443414215839,5.5392986586348405,47.890003335640706,51.669443599944735,0.2
82,7,6,9.635342905424357,10.612564239213846,5.029135953199512,47.890003335640706,51.669443599944735,0.2
82,7,7,12.159245597139671,13.110771383899767,6.333194905264653,47.890003335640706,51.669443599944735,0.2
82,7,8,5.613935428250426,7.181454789017577,3.5080116598309767,47.890003335640706,51.669443599944735,0.2
82,7,9,6.353027253161253,6.179393952304417,3.021568547963867,47.890003335640706,51.669443599944735,0.2
82,8,0,6.458759615169031,7.956415509626764,3.520963521742716,55.064056800786744,60.357812313124484,0.2
82,8,1,11.921454670111093,15.384268514257947,6.884988725562399,55.064056800786744,60.357812313124484,0.2
82,8,2,8.931533448482012,12.275139169176638,5.398323759372403,55.064056800786744,60.357812313124484,0.2
82,8,3,8.473840040018347,11.711063523636017,5.192980650956805,55.064056800786744,60.357812313124484,0.2
82,8,4,5.974934536970479,9.511313679511241,4.443239872914017,55.064056800786744,60.357812313124484,0.2
82,8,5,11.205860527081118,14.734945880387379,6.556391524159105,55.064056800786744,60.357812313124484,0.2
82,8,6,10.173814328540242,6.734535605681881,3.6579225094557875,55.064056800786744,60.357812313124484,0.2
82,8,7,12.811892474616398,16.478915430225392,7.4324692314353005,55.064056800786744,60.357812313124484,0.2
82,8,8,7.096618508944646,10.179111508186281,4.478259305805004,55.064056800786744,60.357812313124484,0.2
82,8,9,6.112556445880952,9.11454316521292,3.9662927579953124,55.064056800786744,60.357812313124484,0.2
82,9,0,7.122819796705636,10.85046501026617,4.374950589990622,66.3293622491381,70.41474536603519,0.2
82,9,1,13.9281573613856,18.62942867017611,7.872072998780916,66.3293622491381,70.41474536603519,0.2
82,9,2,10.920671885646946,15.40793601175498,6.329385626861471,66.3293622491381,70.41474536603519,0.2
82,9,3,10.505267991597016,14.756304000519838,6.104970705400294,66.3293622491381,70.41474536603519,0.2
82,9,4,8.98856143577406,13.189093546961644,5.585754838604084,66.3293622491381,70.41474536603519,0.2
82,9,5,13.2634135670111,18.08586905560667,7.567605185739616,66.3293622491381,70.41474536603519,0.2
82,9,6,7.399884351051426,12.211927305750844,5.548404188641961,66.3293622491381,70.41474536603519,0.2
82,9,7,15.035696522601272,20.073262263501594,8.533273270055343,66.3293622491381,70.41474536603519,0.2
82,9,8,9.059404859264532,8.60187162904414,3.980406223602049,66.3293622491381,70.41474536603519,0.2
82,9,9,8.023709533405265,9.785463856808784,4.168476186138052,66.3293622491381,70.41474536603519,0.2
82,10,0,8.850413950488884,10.13854425394689,4.171980095814458,73.31666718592864,72.6673095056008,0.2
82,10,1,15.925003781088837,19.72231140022648,8.19256518601739,73.31666718592864,72.6673095056008,0.2
82,10,2,12.804186401135714,8.700969975391294,4.242655796260064,73.31666718592864,72.6673095056008,0.2
82,10,3,12.35020071358487,15.848638161305287,6.417910166646314,73.31666718592864,72.6673095056008,0.2
82,10,4,11.299840199497737,14.85174453821857,6.069817531144027,73.31666718592864,72.6673095056008,0.2
82,10,5,15.309073126653415,19.127254928219134,7.8700547012043724,73.31666718592864,72.6673095056008,0.2
82,10,6,11.22428078306892,15.279002955938356,6.4906120853634555,73.31666718592864,72.6673095056008,0.2
82,10,7,17.262595140027308,21.245786307411855,8.879204302572685,73.31666718592864,72.6673095056008,0.2
82,10,8,8.052260715944652,11.94777203558519,5.009716802413835,73.31666718592864,72.6673095056008,0.2
82,10,9,8.432721474496926,11.837928926230186,4.762810939619976,73.31666718592864,72.6673095056008,0.2
82,11,0,8.439809794797563,9.65961329973973,4.033026962979305,68.71405446134293,65.22351561123769,0.2
82,11,1,16.573351337614376,17.21714060567927,7.449414771674183,68.71405446134293,65.22351561123769,0.2
82,11,2,8.582784942131903,10.79341607539965,4.93346070575054,68.71405446134293,65.22351561123769,0.2
82,11,3,12.98326929721799,7.476144384489063,3.792919669560876,68.71405446134293,65.22351561123769,0.2
82,11,4,12.279086734708528,13.1461636991928,5.573021666795125,68.71405446134293,65.22351561123769,0.2
82,11,5,15.920920816342093,16.411853549103036,7.070192551498698,68.71405446134293,65.22351561123769,0.2
82,11,6,13.130343432663913,14.066142877701077,6.125501644180897,68.71405446134293,65.22351561123769,0.2
82,11,7,17.96240483458778,18.442224042476028,8.041783707830968,68.71405446134293,65.22351561123769,0.2
82,11,8,10.134529879611055,11.356537639620965,4.834866511954992,68.71405446134293,65.22351561123769,0.2
82,11,9,9.635045588856366,8.70200527160323,3.839758161633151,68.71405446134293,65.22351561123769,0.2
82,12,0,8.158711135507103,7.12235775936251,3.258336671255076,58.70122792643322,56.31132048944147,0.2
82,12,1,15.069976920206656,14.085313285649303,6.472707698909469,58.70122792643322,56.31132048944147,0.2
82,12,2,9.980265732431256,9.795415038580861,4.609527599140767,58.70122792643322,56.31132048944147,0.2
82,12,3,7.672980177962929,8.53677959430198,4.162029143149741,58.70122792643322,56.31132048944147,0.2
82,12,4,11.274081316261475,6.174918914708123,3.2837742102273815,58.70122792643322,56.31132048944147,0.2
82,12,5,14.30281999837644,13.182985103162078,6.064996178401575,58.70122792643322,56.31132048944147,0.2
82,12,6,12.391734281396175,11.637386553753268,5.364360622332027,58.70122792643322,56.31132048944147,0.2
82,12,7,16.268324236035312,14.999377913399156,6.958800015252624,58.70122792643322,56.31132048944147,0.2
82,12,8,9.780812181983915,9.517776615728332,4.272550277525561,58.70122792643322,56.31132048944147,0.2
82,12,9,7.7677332580559355,7.9710216896893025,3.6110219335636815,58.70122792643322,56.31132048944147,0.2
82,13,0,6.591532347049261,7.406518899834384,3.3487999286325394,53.28980753429375,54.71613045926812,0.2
82,13,1,13.094123313513345,13.426481990305021,6.259260131750022,53.28980753429375,54.71613045926812,0.2
82,13,2,9.324957283388752,9.92812552635005,4.65315491850486,53.28980753429375,54.71613045926812,0.2
82,13,3,8.41967927024125,9.328857623134192,4.428729898965531,53.28980753429375,54.71613045926812,0.2
82,13,4,6.642991842455148,8.076145398192946,3.9625458166678915,53.28980753429375,54.71613045926812,0.2
82,13,5,12.269333260539094,12.560251129633706,5.862997710107072,53.28980753429375,54.71613045926812,0.2
82,13,6,10.851965321839755,11.27347467634534,5.2463782536683725,53.28980753429375,54.71613045926812,0.2
82,13,7,14.077475726139825,14.299975813957909,6.730042311070525,53.28980753429375,54.71613045926812,0.2
82,13,8,8.643260718621837,6.579317615372251,3.2994300339690725,53.28980753429375,54.71613045926812,0.2
82,13,9,7.305005676967396,5.8492092128300275,2.907624646527352,53.28980753429375,54.71613045926812,0.2
82,14,0,6.774537219591579,7.8198993614954,3.4785649901465336,57.01512189943717,60.99171880862937,0.2
82,14,1,12.662324305221018,6.383574376342538,3.719582394157392,57.01512189943717,60.99171880862937,0.2
82,14,2,9.413214242634373,12.58791350460799,5.494245425004226,57.01512189943717,60.99171880862937,0.2
82,14,3,8.959208126927848,12.086245253216001,5.308884177984883,57.01512189943717,60.99171880862937,0.2
82,14,4,8.016129566245924,11.225954294441385,4.989852351562369,57.01512189943717,60.99171880862937,0.2
82,14,5,11.860695488523733,15.150278137454773,6.685214135218606,57.01512189943717,60.99171880862937,0.2
82,14,6,10.6132899859579,13.80654889685203,6.046147506661392,57.01512189943717,60.99171880862937,0.2
82,14,7,13.614704699420777,17.01304350610587,7.600295733708856,57.01512189943717,60.99171880862937,0.2
82,14,8,6.674663176336464,9.897659769129474,4.391218943802242,57.01512189943717,60.99171880862937,0.2
82,14,9,5.882050826650856,9.020834568666984,3.937703717682535,57.01512189943717,60.99171880862937,0.2
82,15,0,7.037048643911908,11.179533841694422,4.467410837428132,67.03360333745951,70.43889731606214,0.2
82,15,1,7.5246207320741405,13.225677567308459,6.193583385063334,67.03360333745951,70.43889731606214,0.2
82,15,2,11.114718979482545,15.996562156749356,6.497691541473243,67.03360333745951,70.43889731606214,0.2
82,15,3,10.739737883638096,15.379845107418951,6.284426364046099,67.03360333745951,70.43889731606214,0.2
82,15,4,10.094344599956278,14.655515157976534,6.013567202773245,67.03360333745951,70.43889731606214,0.2
82,15,5,13.524018437993622,18.751495306303386,7.761506624433128,67.03360333745951,70.43889731606214,0.2
82,15,6,12.231202876232775,8.500134999591921,4.305436813538019,67.03360333745951,70.43889731606214,0.2
82,15,7,15.375205275084536,20.829069969142484,8.756932412284021,67.03360333745951,70.43889731606214,0.2
82,15,8,8.883324417147701,13.224761624538015,5.378780522469228,67.03360333745951,70.43889731606214,0.2
82,15,9,7.965874630813637,10.081953569888618,4.256490004689645,67.03360333745951,70.43889731606214,0.2
82,16,0,9.037458683213133,11.000568861518444,4.41722892891104,75.01945315593326,75.51276949006622,0.2
82,16,1,12.529461914402605,17.135386328837463,7.42463601501258,75.01945315593326,75.51276949006622,0.2
82,16,2,13.144664992605477,17.256133404323364,6.851739972190257,75.01945315593326,75.51276949006622,0.2
82,16,3,12.71323495411018,16.65193668952459,6.643923059890269,75.01945315593326,75.51276949006622,0.2
82,16,4,12.165293748778279,16.04212360093181,6.406409671163547,75.01945315593326,75.51276949006622,0.2
82,16,5,15.701330813393735,20.11200461519384,8.151539749068784,75.01945315593326,75.51276949006622,0.2
82,16,6,8.709789345887671,13.585698077392163,5.978283619038777,75.01945315593326,75.51276949006622,0.2
82,16,7,17.715051905382296,22.325022707307472,9.192580020564275,75.01945315593326,75.51276949006622,0.2
82,16,8,10.88113641365298,9.74705878131582,4.344340293243851,75.01945315593326,75.51276949006622,0.2
82,16,9,8.610771194493074,12.280632583427327,4.886803198677464,75.01945315593326,75.51276949006622,0.2
82,17,0,8.935941956551591,10.801412761983528,4.361096540384586,73.33873181139076,69.523962819125,0.2
82,17,1,15.01985012468687,17.1741294549267,7.436383010325689,73.33873181139076,69.523962819125,0.2
82,17,2,13.860895977598904,9.342082233047911,4.459138998701849,73.33873181139076,69.523962819125,0.2
82,17,3,13.44048764110812,15.058766449304514,6.192297983665839,73.33873181139076,69.523962819125,0.2
82,17,4,12.960004086888283,14.618544353081697,6.002944072424206,73.33873181139076,69.523962819125,0.2
82,17,5,16.49035792042572,18.030027553777078,7.5512417093413715,73.33873181139076,69.523962819125,0.2
82,17,6,12.09391595483902,14.416727063028752,6.231976646131594,73.33873181139076,69.523962819125,0.2
82,17,7,18.59635595453933,20.187268270954362,8.567169721591792,73.33873181139076,69.523962819125,0.2
82,17,8,8.788490097457027,11.409002400965564,4.850490929262966,73.33873181139076,69.523962819125,0.2
82,17,9,9.885878780395881,8.293870739070723,3.7127902637454704,73.33873181139076,69.523962819125,0.2
82,18,0,8.822387559931569,7.0565304219398985,3.2372270427739,62.83994647114158,58.790406358506004,0.2
82,18,1,15.043613997913994,14.443946810788336,6.587635386832673,62.83994647114158,58.790406358506004,0.2
82,18,2,9.020724963516551,9.615931483938985,4.550240821563966,62.83994647114158,58.790406358506004,0.2
82,18,3,12.526861580015654,11.936916147466265,5.262883650173003,62.83994647114158,58.790406358506004,0.2
82,18,4,12.143803425835179,6.0455538948333345,3.23546476330153,62.83994647114158,58.790406358506004,0.2
82,18,5,15.275970229417304,14.226246194842659,6.397114480319391,62.83994647114158,58.790406358506004,0.2
82,18,6,12.607130506624127,12.14825866720389,5.52813913495627,62.83994647114158,58.790406358506004,0.2
82,18,7,17.3311668007534,16.14571467828069,7.32694909117722,62.83994647114158,58.790406358506004,0.2
82,18,8,9.812419981447325,9.871438283026722,4.383072263755671,62.83994647114158,58.790406358506004,0.2
82,18,9,7.5108804247233,8.171188397742673,3.674260885043291,62.83994647114158,58.790406358506004,0.2
82,19,0,6.548828104668358,7.4122956940232445,3.3506280675994193,54.37532181772974,54.207762574927536,0.2
82,19,1,13.326619107824737,13.431096042244372,6.260765763977519,54.37532181772974,54.207762574927536,0.2
82,19,2,9.20502163781924,9.775297022803016,4.602898558906629,54.37532181772974,54.207762574927536,0.2
82,19,3,10.646679983965454,6.36264961313268,3.3880192874734028,54.37532181772974,54.207762574927536,0.2
82,19,4,6.545263058045293,8.1846638013796,3.999742177393922,54.37532181772974,54.207762574927536,0.2
82,19,5,12.941200151843212,12.857598360033386,5.959815253153648,54.37532181772974,54.207762574927536,0.2
82,19,6,11.183285094053005,11.370379761845172,5.277905654049102,54.37532181772974,54.207762574927536,0.2
82,19,7,14.822231958330695,14.633963115777838,6.8396905270443185,54.37532181772974,54.207762574927536,0.2
82,19,8,8.866843890282025,5.516603964212913,2.916638415891633,54.37532181772974,54.207762574927536,0.2
82,19,9,7.432936469984792,8.121999862048005,3.65876416810925,54.37532181772974,54.207762574927536,0.2
82,20,0,6.778235498299669,6.991456564770164,3.216300895749864,55.02021339460773,54.207762574927536,0.2
82,20,1,12.665370160984747,13.006107313167364,6.12142553151415,55.02021339460773,54.207762574927536,0.2
82,20,2,9.311546903326223,9.60465142417867,4.546503771527913,55.02021339460773,54.207762574927536,0.2
82,20,3,6.853876986629988,7.054435755794771,3.641856813124841,55.02021339460773,54.207762574927536,0.2
82,20,4,8.091376859467992,8.326044892406053,4.047981603147535,55.02021339460773,54.207762574927536,0.2
82,20,5,12.056554919620373,12.411865245054628,5.814425829475492,55.02021339460773,54.207762574927536,0.2
82,20,6,10.677069116353255,10.998021137187182,5.156313670877915,55.02021339460773,54.207762574927536,0.2
82,20,7,13.836520256040073,14.220850780396272,6.703953420368185,55.02021339460773,54.207762574927536,0.2
82,20,8,5.900285453188271,6.073155120492681,3.119624974696311,55.02021339460773,54.207762574927536,0.2
82,20,9,7.401587005135155,7.6267002393309165,3.5011120223437615,55.02021339460773,54.207762574927536,0.2
83,0,0,2.0,2.0,1.4640802252206655,17.479666085453882,17.479666085453882,0.0
83,0,1,2.0,2.0,1.589194133977921,17.479666085453882,17.479666085453882,0.0
83,0,2,2.0,2.0,1.504369363589692,17.479666085453882,17.479666085453882,0.0
83,0,3,2.0,2.0,1.3307706570191218,17.479666085453882,17.479666085453882,0.0
83,0,4,2.0,2.0,1.5228861460260186,17.479666085453882,17.479666085453882,0.0
83,0,5,2.0,2.0,1.4317420783093333,17.479666085453882,17.479666085453882,0.0
83,0,6,2.0,2.0,1.4675454240208798,17.479666085453882,17.479666085453882,0.0
83,0,7,2.0,2.0,1.4084916005751005,17.479666085453882,17.479666085453882,0.0
83,0,8,2.0,2.0,1.3727639069921913,17.479666085453882,17.479666085453882,0.0
83,0,9,2.0,2.0,1.284269278894672,17.479666085453882,17.479666085453882,0.0
83,1,0,2.9617971182517198,3.585384639334642,2.203022360994542,17.479666085453882,25.49003572646571,0.0
83,1,1,3.214899378651827,3.9194078144771196,2.545131782586261,17.479666085453882,25.49003572646571,0.0
83,1,2,3.0433010221107057,3.692946668652156,2.3109716011781423,17.479666085453882,25.49003572646571,0.0
83,1,3,2.6921152469080893,2.598044139771202,1.5982134713576597,17.479666085453882,25.49003572646571,0.0
83,1,4,3.0807600027829842,3.7423818955125405,2.3612942595105793,17.479666085453882,25.49003572646571,0.0
83,1,5,2.8963778682122294,3.4990497896217727,2.1179167131976717,17.479666085453882,25.49003572646571,0.0
83,1,6,2.9688071274328065,3.5946358626178436,2.2122234294501237,17.479666085453882,25.49003572646571,0.0
83,1,7,2.849342742154948,3.4369767677370877,2.0575807210985726,17.479666085453882,25.49003572646571,0.0
83,1,8,2.7770665252695705,3.34159266720327,1.9662661900865863,17.479666085453882,25.49003572646571,0.0
83,1,9,2.5980441397712033,2.8681792061608538,1.6529491555997378,17.479666085453882,25.49003572646571,0.0
83,2,0,4.456658294974447,6.148255512756558,3.2134401332041467,27.63494827301947,36.67649102896455,0.2
83,2,1,5.148736967674502,7.051003262264334,3.8391192056576964,27.63494827301947,36.67649102896455,0.2
83,2,2,4.67503686671225,6.436902643526629,3.409630693449222,27.63494827301947,36.67649102896455,0.2
83,2,3,3.233145269143124,4.891797420041551,2.488915451523823,27.63494827301947,36.67649102896455,0.2
83,2,4,4.776838326676176,6.634384521079614,3.5253877106652864,27.63494827301947,36.67649102896455,0.2
83,2,5,4.284491730567961,6.044966961439327,3.1054142677243624,27.63494827301947,36.67649102896455,0.2
83,2,6,4.475271822817479,6.221276310617288,3.2477769776311938,27.63494827301947,36.67649102896455,0.2
83,2,7,4.162433550662528,6.031234318185516,3.0501247723424743,27.63494827301947,36.67649102896455,0.2
83,2,8,3.9777065731739505,3.861793002876488,2.1758409650050283,27.63494827301947,36.67649102896455,0.2
83,2,9,3.343874168462346,4.380289762676019,2.2232437771301576,27.63494827301947,36.67649102896455,0.2
83,3,0,6.500707790629426,8.909262120862984,4.166132646675949,40.011474920727814,47.39385917269815,0.2
83,3,1,7.766440666342592,10.505436149856338,5.0751141820582975,40.011474920727814,47.39385917269815,0.2
83,3,2,6.8975963121409265,9.415293969012042,4.449561384522606,40.011474920727814,47.39385917269815,0.2
83,3,3,5.035012757435737,5.236371731800265,2.6103788864790083,40.011474920727814,47.39385917269815,0.2
83,3,4,7.131769818552626,9.801672997421926,4.632939037060552,40.011474920727814,47.39385917269815,0.2
83,3,5,6.2821742078631875,8.800420019280612,4.039207574780923,40.011474920727814,47.39385917269815,0.2
83,3,6,6.570170354990308,9.0642339472436,4.226708817887063,40.011474920727814,47.39385917269815,0.2
83,3,7,6.170324962671049,8.862853302402927,3.9933259204171887,40.011474920727814,47.39385917269815,0.2
83,3,8,4.4016710211044865,6.760845185705899,3.2201458974112813,40.011474920727814,47.39385917269815,0.2
83,3,9,4.497565706334646,5.947057532635121,2.7538900371258803,40.011474920727814,47.39385917269815,0.2
83,4,0,8.427980553674558,10.560559609657496,4.6927209560889,48.06268135154208,50.70556739449604,0.2
83,4,1,10.266827117997012,12.586312804990358,5.7595018357742696,48.06268135154208,50.70556739449604,0.2
83,4,2,9.001349693236175,11.194424771045703,5.022670993998014,48.06268135154208,50.70556739449604,0.2
83,4,3,5.280730202030688,7.648106599876567,3.4030628663218097,48.06268135154208,50.70556739449604,0.2
83,4,4,9.372318027814147,11.597574959012007,5.211988761788565,48.06268135154208,50.70556739449604,0.2
83,4,5,8.171214356237583,5.452927194713569,2.8892464035896808,48.06268135154208,50.70556739449604,0.2
83,4,6,8.550524609824734,10.690618730200441,4.744304381886581,48.06268135154208,50.70556739449604,0.2
83,4,7,8.078396934531987,6.389796882705628,3.1759539863018924,48.06268135154208,50.70556739449604,0.2
83,4,8,6.514273381341077,8.698600109559642,3.841398932226205,48.06268135154208,50.70556739449604,0.2
83,4,9,5.571049615612571,7.640379909348921,3.281826100593899,48.06268135154208,50.70556739449604,0.2
83,5,0,9.49325533196702,9.451024221071672,4.34189274527556,46.86815740148014,46.515300823551534,0.2
83,5,1,11.651325962817834,11.374798132645964,5.365578399458674,46.86815740148014,46.515300823551534,0.2
83,5,2,10.160735880240235,10.042430521884198,4.655010538566263,46.86815740148014,46.515300823551534,0.2
83,5,3,6.884309764638918,6.96004522192509,3.1857424481811125,46.86815740148014,46.515300823551534,0.2
83,5,4,10.54372091713696,10.25989394900803,4.783507388315056,46.86815740148014,46.515300823551534,0.2
83,5,5,5.844872107866426,6.7249281280079485,3.3459939007464996,46.86815740148014,46.515300823551534,0.2
83,5,6,9.597607292498482,9.4532574090438,4.352889015808884,46.86815740148014,46.515300823551534,0.2
83,5,7,6.424874267331395,6.809146892064707,3.3204592649723077,46.86815740148014,46.515300823551534,0.2
83,5,8,7.771052495301618,4.897658557453344,2.569607602334916,46.86815740148014,46.515300823551534,0.2
83,5,9,6.639050866134935,5.5676216644868735,2.629686023669434,46.86815740148014,46.515300823551534,0.2
83,6,0,8.783538770067727,8.522154438428569,4.038577840650606,42.05483571325535,42.08525775688097,0.2
83,6,1,10.854428854043967,10.277658349574631,4.997834608514725,42.05483571325535,42.08525775688097,0.2
83,6,2,9.416968114898857,9.055398066351271,4.329809269355794,42.05483571325535,42.08525775688097,0.2
83,6,3,6.444676077154775,4.89141961565765,2.4887808928356154,42.05483571325535,42.08525775688097,0.2
83,6,4,9.676913979021869,9.151054047493657,4.41546272797401,42.05483571325535,42.08525775688097,0.2
83,6,5,6.768860696431549,6.896879611399967,3.40565494243971,42.05483571325535,42.08525775688097,0.2
83,6,6,8.80578394612849,4.117231146872862,2.432731789615465,42.05483571325535,42.08525775688097,0.2
83,6,7,6.717204776661026,6.557949860622312,3.23423020558002,42.05483571325535,42.08525775688097,0.2
83,6,8,5.1982509295118655,5.838899930088069,2.9060733890853503,42.05483571325535,42.08525775688097,0.2
83,6,9,5.3197880503010415,5.47792008478532,2.599956497853184,42.05483571325535,42.08525775688097,0.2
83,7,0,8.169940420082781,4.649684983311355,2.6426542677799114,40.909330430584056,44.30784419626357,0.2
83,7,1,10.110492503077548,10.963153834109999,5.228905728634595,40.909330430584056,44.30784419626357,0.2
83,7,2,8.759094205117583,9.636517586778695,4.522489490674796,40.909330430584056,44.30784419626357,0.2
83,7,3,5.03474054862634,6.209657388682152,2.9412339255298323,40.909330430584056,44.30784419626357,0.2
83,7,4,8.932368976905096,9.787894451691223,4.628379198997054,40.909330430584056,44.30784419626357,0.2
83,7,5,6.889553468804877,7.896906169368953,3.744239981028553,40.909330430584056,44.30784419626357,0.2
83,7,6,4.921354636066108,6.641970626724413,3.399996117123019,40.909330430584056,44.30784419626357,0.2
83,7,7,6.542765579123786,7.492044739858953,3.550205708679524,40.909330430584056,44.30784419626357,0.2
83,7,8,5.878912672236745,6.980772077488182,3.293117873488756,40.909330430584056,44.30784419626357,0.2
83,7,9,5.259645974496221,5.46472007941616,2.595569376485669,40.909330430584056,44.30784419626357,0.2
83,8,0,5.346022478834087,9.190325188495889,4.257704268188812,47.21881018177009,52.21427834836466,0.2
83,8,1,10.577943511494164,14.173412869099135,6.2587566106528545,47.21881018177009,52.21427834836466,0.2
83,8,2,9.148881400119626,7.178131427488239,3.679946183785716,47.21881018177009,52.21427834836466,0.2
83,8,3,5.950041544632899,9.17601167981574,3.865805411706267,47.21881018177009,52.21427834836466,0.2
83,8,4,9.363093591199599,6.002707131107989,3.28692237135651,47.21881018177009,52.21427834836466,0.2
83,8,5,7.574502404184724,10.939474556560885,4.703718421382157,47.21881018177009,52.21427834836466,0.2
83,8,6,6.878105808883686,10.419060362627341,4.65962045937581,47.21881018177009,52.21427834836466,0.2
83,8,7,7.1819759983323355,10.707944238196394,4.558558527900401,47.21881018177009,52.21427834836466,0.2
83,8,8,6.66189383596939,9.840715862931978,4.187873355036702,47.21881018177009,52.21427834836466,0.2
83,8,9,5.250770939371853,8.407902775483032,3.5092674948556852,47.21881018177009,52.21427834836466,0.2
83,9,0,8.613227618718113,12.424374273046313,5.258187226324921,57.380141035908984,61.489399910302446,0.2
83,9,1,12.661305694827355,17.025917650591023,7.115957183952981,57.380141035908984,61.489399910302446,0.2
83,9,2,7.444437684974003,11.548682244480164,5.133412762404675,57.380141035908984,61.489399910302446,0.2
83,9,3,7.820426183536375,11.497158444414007,4.526844545838417,57.380141035908984,61.489399910302446,0.2
83,9,4,6.64936049247816,11.088317179880177,5.050709466073705,57.380141035908984,61.489399910302446,0.2
83,9,5,9.51550292499679,13.47315298774621,5.442171965249323,57.380141035908984,61.489399910302446,0.2
83,9,6,9.426293867636911,13.34932136602308,5.542324978156092,57.380141035908984,61.489399910302446,0.2
83,9,7,9.221848146526442,13.461742649887245,5.350620672758524,57.380141035908984,61.489399910302446,0.2
83,9,8,8.471961454626843,7.975192701603193,3.614878335568215,57.380141035908984,61.489399910302446,0.2
83,9,9,7.099159031310228,9.012562692482945,3.6840787588307617,57.380141035908984,61.489399910302446,0.2
83,10,0,10.637179237777014,13.967815377490268,5.707340956480667,64.0234917452483,63.57712878690917,0.2
83,10,1,14.395400687730753,17.95112634377117,7.384483915407043,64.0234917452483,63.57712878690917,0.2
83,10,2,10.384763665662657,14.00799544532305,5.876201474160875,64.0234917452483,63.57712878690917,0.2
83,10,3,9.157691566127772,9.14279487798085,3.8560042396437186,64.0234917452483,63.57712878690917,0.2
83,10,4,10.217456997268808,14.060263325230103,5.964057981454189,64.0234917452483,63.57712878690917,0.2
83,10,5,11.009375692699049,14.24420427337995,5.658359376792612,64.0234917452483,63.57712878690917,0.2
83,10,6,11.211982694625318,14.532401306286213,5.881752194112232,64.0234917452483,63.57712878690917,0.2
83,10,7,10.824169752750915,7.941318903833743,3.697925096875287,64.0234917452483,63.57712878690917,0.2
83,10,8,7.312807080297002,10.912711290049407,4.502230450808578,64.0234917452483,63.57712878690917,0.2
83,10,9,7.452797779351707,10.534596807219366,4.109298028772993,64.0234917452483,63.57712878690917,0.2
83,11,0,11.545805828527392,12.286163160843934,5.217173417362818,60.11839876392807,56.40117916393942,0.2
83,11,1,14.9386234467666,15.352664191585228,6.618881134439698,60.11839876392807,56.40117916393942,0.2
83,11,2,11.887406367921571,12.713881625226719,5.4907061004475795,60.11839876392807,56.40117916393942,0.2
83,11,3,7.800598661334872,8.855863109528274,3.770889841887995,60.11839876392807,56.40117916393942,0.2
83,11,4,12.065137851236825,12.829644929404695,5.593667982539791,60.11839876392807,56.40117916393942,0.2
83,11,5,11.446717336607056,6.470004324807973,3.256694281662994,60.11839876392807,56.40117916393942,0.2
83,11,6,11.898635333433809,12.480886318986494,5.287402290606237,60.11839876392807,56.40117916393942,0.2
83,11,7,7.480808569615904,8.995867164017193,4.035184421185356,60.11839876392807,56.40117916393942,0.2
83,11,8,9.107897876907796,10.019950084493985,4.241121806809019,60.11839876392807,56.40117916393942,0.2
83,11,9,8.313005564857574,7.470472748817503,3.23056703376872,60.11839876392807,56.40117916393942,0.2
83,12,0,10.554209343709783,10.246096668585578,4.594463356711731,50.761116483754314,47.848899213009894,0.2
83,12,1,13.389828461810897,12.587399242300735,5.759849839175676,50.761116483754314,47.848899213009894,0.2
83,12,2,11.107559015778472,10.74696655943932,4.881278779136713,50.761116483754314,47.848899213009894,0.2
83,12,3,7.628414395983813,7.524420581372636,3.364444458330028,50.761116483754314,47.848899213009894,0.2
83,12,4,11.315848288741313,10.792454409924026,4.955991978800956,50.761116483754314,47.848899213009894,0.2
83,12,5,6.588209834609657,7.510071666528564,3.614886358411253,50.761116483754314,47.848899213009894,0.2
83,12,6,10.696280570960376,4.994747856206489,2.7850311306755757,50.761116483754314,47.848899213009894,0.2
83,12,7,8.163075618673638,7.981732576910951,3.7110882798799514,50.761116483754314,47.848899213009894,0.2
83,12,8,8.579681720425011,5.94349450062758,2.942416591456257,50.761116483754314,47.848899213009894,0.2
83,12,9,6.5353550755684,6.708688031462773,2.996273233409867,50.761116483754314,47.848899213009894,0.2
83,13,0,9.294482703480922,9.532785035106135,4.368151954197204,45.28145686562654,46.457356100251666,0.2
83,13,1,11.652029964862034,11.696628570813774,5.471399742577911,45.28145686562654,46.457356100251666,0.2
83,13,2,9.874703019946455,10.08180101547182,4.667777739638494,45.28145686562654,46.457356100251666,0.2
83,13,3,6.806185705908264,5.036798562447606,2.5403316959771396,45.28145686562654,46.457356100251666,0.2
83,13,4,10.025845925675931,10.167510659078566,4.7533159695646985,45.28145686562654,46.457356100251666,0.2
83,13,5,7.312823310304744,7.818778660506049,3.718270963954994,45.28145686562654,46.457356100251666,0.2
83,13,6,5.63404725709823,6.834593470281601,3.4687215362640593,45.28145686562654,46.457356100251666,0.2
83,13,7,7.50743735458181,7.741703130423431,3.6326104163817083,45.28145686562654,46.457356100251666,0.2
83,13,8,5.952434047770635,6.714836038512242,3.20479049551605,45.28145686562654,46.457356100251666,0.2
83,13,9,6.061384666861796,5.662659298253029,2.6610277262912017,45.28145686562654,46.457356100251666,0.2
83,14,0,8.836660482916468,6.761289681587767,3.434508204456201,48.40934106539595,52.30352496641122,0.2
83,14,1,11.068502744054223,14.121273377811425,6.242630916603809,48.40934106539595,52.30352496641122,0.2
83,14,2,9.442795838470612,5.637963646811152,3.1075567851810604,48.40934106539595,52.30352496641122,0.2
83,14,3,5.139026514352785,8.225346817503382,3.580883339361914,48.40934106539595,52.30352496641122,0.2
83,14,4,9.61583750554019,12.616281584782689,5.528386532511588,48.40934106539595,52.30352496641122,0.2
83,14,5,7.5219677420758195,10.478247144337061,4.56400212860801,48.40934106539595,52.30352496641122,0.2
83,14,6,7.017135586662357,10.17991536897726,4.584494677476397,48.40934106539595,52.30352496641122,0.2
83,14,7,7.348678629512207,10.36687920391325,4.456427968200347,48.40934106539595,52.30352496641122,0.2
83,14,8,6.483209793226541,9.34211502745391,4.038187706977438,48.40934106539595,52.30352496641122,0.2
83,14,9,5.38319151884544,8.161693803331413,3.4370140324292775,48.40934106539595,52.30352496641122,0.2
83,15,0,6.947922885193739,10.823143375440493,4.7740972995950575,57.484750622460936,61.18241946502948,0.2
83,15,1,12.62868382524567,16.935181606622706,7.089389816945459,57.484750622460936,61.18241946502948,0.2
83,15,2,6.286508466273171,10.472375111431706,4.793636697287655,57.484750622460936,61.18241946502948,0.2
83,15,3,7.244036066206143,10.877236263495044,4.354569362204699,57.484750622460936,61.18241946502948,0.2
83,15,4,11.18378557302525,15.354736398478792,6.343312313602894,57.484750622460936,61.18241946502948,0.2
83,15,5,9.232860412528655,13.1311163560668,5.34508907058313,57.484750622460936,61.18241946502948,0.2
83,15,6,9.27431631852238,13.138668503944174,5.480958380782058,57.484750622460936,61.18241946502948,0.2
83,15,7,9.015240617653177,13.191102515058763,5.275091914926799,57.484750622460936,61.18241946502948,0.2
83,15,8,8.169151189568622,7.458054767006645,3.4491553296152677,57.484750622460936,61.18241946502948,0.2
83,15,9,6.952992111552816,8.481003809741614,3.53059724292767,57.484750622460936,61.18241946502948,0.2
83,16,0,9.65787760849157,13.62605534381941,5.609226560787012,65.16103780597956,65.1134889488464,0.2
83,16,1,14.341655578899333,18.574154486474807,7.5629685377996925,65.16103780597956,65.1134889488464,0.2
83,16,2,9.69740531386003,13.919116983347779,5.850078084485947,65.16103780597956,65.1134889488464,0.2
83,16,3,8.80918324421821,9.225767138544047,3.8804667041694905,65.16103780597956,65.1134889488464,0.2
83,16,4,12.832359734773442,16.933070919004184,6.792997393891035,65.16103780597956,65.1134889488464,0.2
83,16,5,10.812979462013995,14.67265982150468,5.776968321319687,65.16103780597956,65.1134889488464,0.2
83,16,6,11.087839626418837,14.982357592659081,6.0086466674205985,65.16103780597956,65.1134889488464,0.2
83,16,7,10.671376993558079,7.923825796797459,3.6922211682851716,65.16103780597956,65.1134889488464,0.2
83,16,8,6.977553647456275,11.073213503076957,4.5484814374588405,65.16103780597956,65.1134889488464,0.2
83,16,9,7.142308570033845,10.76731648617287,4.172634378543826,65.16103780597956,65.1134889488464,0.2
83,17,0,11.347322897456673,12.891771863802992,5.395885257656174,63.238850006045695,59.66411125107668,0.2
83,17,1,15.299693305609287,16.56409933649984,6.98028949846258,63.238850006045695,59.66411125107668,0.2
83,17,2,11.834559413960077,13.462938188523177,5.715199301373425,63.238850006045695,59.66411125107668,0.2
83,17,3,7.850085605895472,9.576495684796033,3.983151740487286,63.238850006045695,59.66411125107668,0.2
83,17,4,13.742061233349089,14.953100055904542,6.226705223344497,63.238850006045695,59.66411125107668,0.2
83,17,5,11.68666021954998,6.935163527757003,3.418877074946564,63.238850006045695,59.66411125107668,0.2
83,17,6,12.155339630706962,13.472798245336707,5.578160679535904,63.238850006045695,59.66411125107668,0.2
83,17,7,7.469269666917883,9.765626678550474,4.273890067410096,63.238850006045695,59.66411125107668,0.2
83,17,8,9.201462448450588,10.780552927771385,4.4639937759600965,63.238850006045695,59.66411125107668,0.2
83,17,9,8.441133392144883,8.022137024159557,3.3957690831739784,63.238850006045695,59.66411125107668,0.2
83,18,0,10.91573885859586,10.75854848006248,4.754134395405728,53.928018559875895,50.09865703317025,0.2
83,18,1,14.120948404991406,13.394002089350508,6.015797515485721,53.928018559875895,50.09865703317025,0.2
83,18,2,11.561703060698592,11.33478559097405,5.066672113215805,53.928018559875895,50.09865703317025,0.2
83,18,3,8.057814826886611,8.029106293783416,3.5208641177902176,53.928018559875895,50.09865703317025,0.2
83,18,4,12.596466552182996,11.931127446722748,5.31647135480532,53.928018559875895,50.09865703317025,0.2
83,18,5,6.916301507116806,8.009630697009246,3.7815734186878234,53.928018559875895,50.09865703317025,0.2
83,18,6,11.284477408541191,5.312662366207802,2.907964543839034,53.928018559875895,50.09865703317025,0.2
83,18,7,8.645971079536986,8.5452320593601,3.8926016939952026,53.928018559875895,50.09865703317025,0.2
83,18,8,9.030546054632694,6.323519377419554,3.072883197543477,53.928018559875895,50.09865703317025,0.2
83,18,9,6.8695546265417935,7.143489835401541,3.1309230844649742,53.928018559875895,50.09865703317025,0.2
83,19,0,9.617493160234318,9.433871464932226,4.336375141933005,46.33631178194035,46.27608859329211,0.2
83,19,1,12.169805614761314,11.655289700450608,5.457856429448044,46.33631178194035,46.27608859329211,0.2
83,19,2,10.249749027097991,9.997929101054789,4.640561369075155,46.33631178194035,46.27608859329211,0.2
83,19,3,7.122618705033896,5.009931723119473,2.530838802336719,46.33631178194035,46.27608859329211,0.2
83,19,4,10.75508654968476,10.30762415139003,4.799073937169564,46.33631178194035,46.27608859329211,0.2
83,19,5,7.650027000561942,7.7464739574473995,3.6941679620760506,46.33631178194035,46.27608859329211,0.2
83,19,6,5.882738430281381,6.788046278840113,3.4521679146398614,46.33631178194035,46.27608859329211,0.2
83,19,7,7.874634382169252,7.619535950209779,3.5923879438252677,46.33631178194035,46.27608859329211,0.2
83,19,8,6.216364678948288,6.653184250668323,3.1841648266693716,46.33631178194035,46.27608859329211,0.2
83,19,9,6.333777896384401,5.628099579545897,2.649648947379346,46.33631178194035,46.27608859329211,0.2
83,20,0,8.772376798614166,9.018199762976263,4.201726441084339,46.969661696539916,46.27608859329211,0.2
83,20,1,11.041104965497672,11.353105600605609,5.358413576657189,46.969661696539916,46.27608859329211,0.2
83,20,2,9.387737811925914,9.65243233463533,4.527716433240844,46.969661696539916,46.27608859329211,0.2
83,20,3,5.119822631571136,5.297132744003738,2.631545107761602,46.969661696539916,46.27608859329211,0.2
83,20,4,9.70840471207337,10.001655089634452,4.698905926984733,46.969661696539916,46.27608859329211,0.2
83,20,5,7.473207981321923,7.713054269683473,3.6830046136599566,46.969661696539916,46.27608859329211,0.2
83,20,6,6.983648030462498,7.190435356272945,3.594174726292811,46.969661696539916,46.27608859329211,0.2
83,20,7,7.267309588899239,7.537837465215113,3.565381466367603,46.969661696539916,46.27608859329211,0.2
83,20,8,6.441484588897045,6.642824008262079,3.180693180581994,46.969661696539916,46.27608859329211,0.2
83,20,9,5.360172538047937,5.549555699396383,2.623710100344777,46.969661696539916,46.27608859329211,0.2
84,0,0,2.0,2.0,1.424658568195342,17.870198216999828,17.870198216999828,0.0
84,0,1,2.0,2.0,1.576106829294804,17.870198216999828,17.870198216999828,0.0
84,0,2,2.0,2.0,1.5472689959244028,17.870198216999828,17.870198216999828,0.0
84,0,3,2.0,2.0,1.4899460908908815,17.870198216999828,17.870198216999828,0.0
84,0,4,2.0,2.0,1.5532605867988292,17.870198216999828,17.870198216999828,0.0
84,0,5,2.0,2.0,1.4675752890420812,17.870198216999828,17.870198216999828,0.0
84,0,6,2.0,2.0,1.5437187555776366,17.870198216999828,17.870198216999828,0.0
84,0,7,2.0,2.0,1.327869709813051,17.870198216999828,17.870198216999828,0.0
84,0,8,2.0,2.0,1.4858409071010967,17.870198216999828,17.870198216999828,0.0
84,0,9,2.0,2.0,1.6326367416669247,17.870198216999828,17.870198216999828,0.0
84,1,0,2.882048107123103,2.6862467043739224,1.7514265316934805,17.870198216999828,26.91845844060551,0.0
84,1,1,3.1884240936036345,3.873588032503285,2.503479590124686,17.870198216999828,26.91845844060551,0.0
84,1,2,3.130085888974033,3.796889699549907,2.42350775062184,17.870198216999828,26.91845844060551,0.0
84,1,3,3.0141231076909833,3.6444312537420886,2.2677250205105577,17.870198216999828,26.91845844060551,0.0
84,1,4,3.1422067251686094,3.8128251904692343,2.4400355365469557,17.870198216999828,26.91845844060551,0.0
84,1,5,2.9688675436123346,3.5849329139536885,2.2080866734509845,17.870198216999828,26.91845844060551,0.0
84,1,6,3.1229038429037304,3.787447328735033,2.4137362069758606,17.870198216999828,26.91845844060551,0.0
84,1,7,2.6862467043739215,2.972189062046629,1.7522173223221884,17.870198216999828,26.91845844060551,0.0
84,1,8,3.005818425127126,3.6335129316511194,2.2567321240343325,17.870198216999828,26.91845844060551,0.0
84,1,9,3.302782670869122,4.023937401169538,2.6633265596787687,17.870198216999828,26.91845844060551,0.0
84,2,0,3.543091399665286,5.245164429579205,2.7978290331635702,29.18356861395818,39.39273418934691,0.2
84,2,1,5.064475639998305,6.976986186529009,3.779480927367113,29.18356861395818,39.39273418934691,0.2
84,2,2,4.902694639407905,6.858598458005921,3.6661446012036882,29.18356861395818,39.39273418934691,0.2
84,2,3,4.5875501321815735,6.408530232102505,3.3665143058764264,29.18356861395818,39.39273418934691,0.2
84,2,4,4.936129930644564,6.824574329690698,3.667551518863159,29.18356861395818,39.39273418934691,0.2
84,2,5,4.466903270475811,4.115177138594943,2.4319316650917027,29.18356861395818,39.39273418934691,0.2
84,2,6,4.882927054740765,6.7752500993329505,3.6265604051359857,29.18356861395818,39.39273418934691,0.2
84,2,7,3.544691149026626,4.674886481298286,2.405881407515054,29.18356861395818,39.39273418934691,0.2
84,2,8,4.565311781752644,6.40184588745295,3.3547871006860324,29.18356861395818,39.39273418934691,0.2
84,2,9,5.387842000414242,7.42484348751833,4.089306673214284,29.18356861395818,39.39273418934691,0.2
84,3,0,5.659937088854475,8.207886160470562,3.8278219143215275,42.97470537274703,51.47577628690045,0.2
84,3,1,7.645793943754748,10.55329035604583,5.049358134866999,42.97470537274703,51.47577628690045,0.2
84,3,2,7.416517433873964,10.395085915420273,4.9048359295778585,42.97470537274703,51.47577628690045,0.2
84,3,3,6.8103729549350165,9.568228789443458,4.456887214992235,42.97470537274703,51.47577628690045,0.2
84,3,4,7.419363592573231,10.287412162135851,4.888072327969443,42.97470537274703,51.47577628690045,0.2
84,3,5,4.919736004472088,7.642522265319485,3.7509829701006203,42.97470537274703,51.47577628690045,0.2
84,3,6,7.336439610389965,10.210730738513705,4.8326679986463414,42.97470537274703,51.47577628690045,0.2
84,3,7,4.867036994888372,6.665029234050558,3.083868907945207,42.97470537274703,51.47577628690045,0.2
84,3,8,6.786649116623614,5.7737629775860455,3.120847733328873,42.97470537274703,51.47577628690045,0.2
84,3,9,8.272563560202533,11.385818756337322,5.515991080977111,42.97470537274703,51.47577628690045,0.2
84,4,0,7.743586532841491,9.641608325166624,4.28444366612715,52.202202483349986,56.29707165855167,0.2
84,4,1,10.214723288551978,12.267589797147442,5.61042971166658,52.202202483349986,56.29707165855167,0.2
84,4,2,9.922358537102484,11.945845870165178,5.406256677258242,52.202202483349986,56.29707165855167,0.2
84,4,3,9.016169662251517,6.424911427172855,3.372535730894325,52.202202483349986,56.29707165855167,0.2
84,4,4,9.888446196726571,11.911357909649077,5.416219014559272,52.202202483349986,56.29707165855167,0.2
84,4,5,7.5881432998528835,9.671087380707412,4.422950802504252,52.202202483349986,56.29707165855167,0.2
84,4,6,9.776364645387336,11.788234963250455,5.343937033204972,52.202202483349986,56.29707165855167,0.2
84,4,7,6.238588492130989,7.4361751267095855,3.3295013376139977,52.202202483349986,56.29707165855167,0.2
84,4,8,6.313395716879325,8.764723161595501,4.179920830740692,52.202202483349986,56.29707165855167,0.2
84,4,9,11.15870988932854,13.293492770925823,6.147746362262584,52.202202483349986,56.29707165855167,0.2
84,5,0,8.667320741754194,6.304084091199586,3.182183325717563,52.03649522757955,52.49442555843732,0.2
84,5,1,11.349756841134441,11.221808630712196,5.2711898060904545,52.03649522757955,52.49442555843732,0.2
84,5,2,10.936719977089524,10.671975134438965,4.995928215771353,52.03649522757955,52.49442555843732,0.2
84,5,3,6.8225541448442595,7.743681487674146,3.84337530250342,52.03649522757955,52.49442555843732,0.2
84,5,4,10.956873532476006,10.841963452642117,5.071061560203246,52.03649522757955,52.49442555843732,0.2
84,5,5,8.947517161535199,9.140842398493442,4.251769853842463,52.03649522757955,52.49442555843732,0.2
84,5,6,10.810648919651648,10.672159896738336,4.984525362880283,52.03649522757955,52.49442555843732,0.2
84,5,7,6.735496660009934,5.656690134230445,2.74933803244246,52.03649522757955,52.49442555843732,0.2
84,5,8,8.455873699914358,8.76480839604104,4.179949284679932,52.03649522757955,52.49442555843732,0.2
84,5,9,12.436734781215598,12.133703052515445,5.767185524889144,52.03649522757955,52.49442555843732,0.2
84,6,0,6.437476062787763,7.212154241862901,3.4965142432158047,47.46060766318905,47.57732847584146,0.2
84,6,1,10.66348312646835,10.4439118137553,5.012667421067449,47.46060766318905,47.57732847584146,0.2
84,6,2,10.106635918966711,4.433100109220303,2.701096520176598,47.46060766318905,47.57732847584146,0.2
84,6,3,7.775050642186479,8.182323079989871,3.9945070748405374,47.46060766318905,47.57732847584146,0.2
84,6,4,10.258628766892413,10.068146806882725,4.814908107989532,47.46060766318905,47.57732847584146,0.2
84,6,5,8.601222449187953,5.363151685873963,2.9273419051338423,47.46060766318905,47.57732847584146,0.2
84,6,6,10.083568237120566,9.878768340372513,4.7221431084716485,47.46060766318905,47.57732847584146,0.2
84,6,7,5.561841025727006,6.23532308487793,2.943308199828715,47.46060766318905,47.57732847584146,0.2
84,6,8,8.455931261510909,8.54875501119634,4.107554399297665,47.46060766318905,47.57732847584146,0.2
84,6,9,11.66686987078541,11.240834189694244,5.466729034822561,47.46060766318905,47.57732847584146,0.2
84,7,0,7.073359527085899,8.26319828991839,3.8458604331839013,46.247944181936354,49.90175777372058,0.2
84,7,1,10.140498906222295,11.145671059078179,5.246129525731963,46.247944181936354,49.90175777372058,0.2
84,7,2,5.464249671409247,7.539178638636458,3.917163057357029,46.247944181936354,49.90175777372058,0.2
84,7,3,8.080786379937383,9.220644425088237,4.342926210099668,46.247944181936354,49.90175777372058,0.2
84,7,4,9.740436837565277,10.746604511640376,5.039798953736375,46.247944181936354,49.90175777372058,0.2
84,7,5,5.9219383401317,7.582522665856811,3.7303449682542094,46.247944181936354,49.90175777372058,0.2
84,7,6,9.552775599120997,5.149406823866097,2.992796771341313,46.247944181936354,49.90175777372058,0.2
84,7,7,5.954237748867518,6.082434497572885,2.892601957553833,46.247944181936354,49.90175777372058,0.2
84,7,8,8.309478246704945,9.372410495272254,4.380737446106715,46.247944181936354,49.90175777372058,0.2
84,7,9,11.059054020868366,12.039143534485628,5.735687526911808,46.247944181936354,49.90175777372058,0.2
84,8,0,7.780077998448204,7.889217392537575,3.7231758063130593,53.18023638470513,58.69097874990073,0.2
84,8,1,10.612786815658488,14.0596970371497,6.172311386102369,53.18023638470513,58.69097874990073,0.2
84,8,2,7.924321396563854,11.63126087425198,5.306199616000725,53.18023638470513,58.69097874990073,0.2
84,8,3,8.785629443164135,12.087533066688588,5.249113104049668,53.18023638470513,58.69097874990073,0.2
84,8,4,10.195385307860885,6.665290400193165,3.60741974954505,53.18023638470513,58.69097874990073,0.2
84,8,5,7.546393146178101,10.835067666585612,4.789184112081748,53.18023638470513,58.69097874990073,0.2
84,8,6,6.054351872374866,10.030515993931902,4.772802637989881,53.18023638470513,58.69097874990073,0.2
84,8,7,5.851660308328368,8.883983047897898,3.7710289991052246,53.18023638470513,58.69097874990073,0.2
84,8,8,8.86212061346618,12.174617375140443,5.261021039940731,53.18023638470513,58.69097874990073,0.2
84,8,9,11.603150220705503,15.27761655483254,6.776531990417348,53.18023638470513,58.69097874990073,0.2
84,9,0,7.531890113617588,11.648212736292493,4.8907031464883675,64.49761913276191,68.59292243730098,0.2
84,9,1,12.486429200664157,17.1014070415721,7.079245031928648,64.49761913276191,68.59292243730098,0.2
84,9,2,10.734307082913194,15.466168887708147,6.477579474077644,64.49761913276191,68.59292243730098,0.2
84,9,3,10.618822518833241,14.969534924605362,6.096707698090076,64.49761913276191,68.59292243730098,0.2
84,9,4,7.297718550167915,12.171182632038715,5.498652456166812,64.49761913276191,68.59292243730098,0.2
84,9,5,9.688397847052915,13.851266233191552,5.687508089258257,64.49761913276191,68.59292243730098,0.2
84,9,6,9.655258540939622,14.25689789075909,6.104705406702254,64.49761913276191,68.59292243730098,0.2
84,9,7,7.62869590750065,9.97911115762867,4.090710725873136,64.49761913276191,68.59292243730098,0.2
84,9,8,10.642911970762803,8.67578858273471,4.150186239523345,64.49761913276191,68.59292243730098,0.2
84,9,9,13.708752140227594,18.693530309806306,7.804633207237432,64.49761913276191,68.59292243730098,0.2
84,10,0,9.893768275786016,13.551285922835532,5.437210582368797,71.41976356661756,71.32941239032304,0.2
84,10,1,14.321132936416713,18.20283879133512,7.39540631682843,71.41976356661756,71.32941239032304,0.2
84,10,2,13.103978790969643,17.094486620481277,6.94774819635652,71.41976356661756,71.32941239032304,0.2
84,10,3,12.333484859618732,10.354742340359994,4.710283704125585,71.41976356661756,71.32941239032304,0.2
84,10,4,11.123634291616774,15.40672860425883,6.485158995506933,71.41976356661756,71.32941239032304,0.2
84,10,5,11.505684441752187,8.997180327119565,4.2048827568071765,71.41976356661756,71.32941239032304,0.2
84,10,6,12.349664021055462,16.359807194383297,6.721897882417344,71.41976356661756,71.32941239032304,0.2
84,10,7,8.275403923078299,11.731272832017146,4.581166349157448,71.41976356661756,71.32941239032304,0.2
84,10,8,8.395721376931743,12.975168956082777,5.5008579360342456,71.41976356661756,71.32941239032304,0.2
84,10,9,15.788574795294096,19.88647241278449,8.150026021089696,71.41976356661756,71.32941239032304,0.2
84,11,0,10.999338941116074,7.622917123163247,3.634750760481675,67.44894177355609,64.12696497208748,0.2
84,11,1,14.96071918748967,15.344669512967952,6.5619804373965875,67.44894177355609,64.12696497208748,0.2
84,11,2,14.055118177151698,14.382348769441451,6.156383954122607,67.44894177355609,64.12696497208748,0.2
84,11,3,9.528784325274607,10.988135460343084,4.910168110583883,67.44894177355609,64.12696497208748,0.2
84,11,4,13.119311970354406,13.846701215239843,6.018187997080037,67.44894177355609,64.12696497208748,0.2
84,11,5,8.506371042488999,10.271359611303598,4.613377017589498,67.44894177355609,64.12696497208748,0.2
84,11,6,13.598228727066761,14.122728734767804,6.064433189735682,67.44894177355609,64.12696497208748,0.2
84,11,7,9.267583194849344,8.592810318188295,3.6840806150634595,67.44894177355609,64.12696497208748,0.2
84,11,8,11.12809592138487,12.011039064913653,5.211439729879032,67.44894177355609,64.12696497208748,0.2
84,11,9,16.4872956871621,16.704256116230084,7.213525427175108,67.44894177355609,64.12696497208748,0.2
84,12,0,7.35300849127671,8.151863462676276,3.809514450274078,57.71433127729673,54.83983484788467,0.2
84,12,1,13.274719796571326,12.535078275492522,5.695785020066103,57.71433127729673,54.83983484788467,0.2
84,12,2,12.45420841021417,6.596219840741371,3.5673967419898585,57.71433127729673,54.83983484788467,0.2
84,12,3,9.933145403877669,9.886253482759253,4.560072811782268,57.71433127729673,54.83983484788467,0.2
84,12,4,12.17464149832515,11.671809332075753,5.339739304298866,57.71433127729673,54.83983484788467,0.2
84,12,5,9.332744559162306,9.506165803940466,4.370017367468949,57.71433127729673,54.83983484788467,0.2
84,12,6,12.268194348763954,11.64850500233357,5.2995173350551035,57.71433127729673,54.83983484788467,0.2
84,12,7,7.452801534463319,5.875529194141164,2.8233671623582652,57.71433127729673,54.83983484788467,0.2
84,12,8,10.542610239525533,10.202883352535613,4.648976586154379,57.71433127729673,54.83983484788467,0.2
84,12,9,14.592778766220013,13.560214248076361,6.233832873203259,57.71433127729673,54.83983484788467,0.2
84,13,0,7.706550997954692,8.98006214610032,4.076480197170736,51.89727782718552,52.4843955763611,0.2
84,13,1,11.522428462600468,12.307795217892899,5.623294607684277,51.89727782718552,52.4843955763611,0.2
84,13,2,7.216753022187462,9.157175627379779,4.488258963407805,51.89727782718552,52.4843955763611,0.2
84,13,3,9.224911504367268,10.24487749434496,4.675244164658853,51.89727782718552,52.4843955763611,0.2
84,13,4,10.80215702066747,11.671354641728575,5.339593691958421,51.89727782718552,52.4843955763611,0.2
84,13,5,8.840434166596793,9.931122685204565,4.505865630443553,51.89727782718552,52.4843955763611,0.2
84,13,6,10.72078899824327,5.062998612341113,2.9575537733444475,51.89727782718552,52.4843955763611,0.2
84,13,7,5.7116000757259675,7.234909154383805,3.2661612716725097,51.89727782718552,52.4843955763611,0.2
84,13,8,9.404761582389687,6.144713684687813,3.2598864292015173,51.89727782718552,52.4843955763611,0.2
84,13,9,12.610885606854955,13.294522506466143,6.148079708481986,51.89727782718552,52.4843955763611,0.2
84,14,0,8.246615924868971,10.63690549187837,4.589448573766254,54.68961687325679,58.87629864643945,0.2
84,14,1,11.37578219910011,14.022157256260847,6.160770590696369,54.68961687325679,58.87629864643945,0.2
84,14,2,9.07963391267383,11.908374388755902,5.394380320634589,54.68961687325679,58.87629864643945,0.2
84,14,3,9.457900226691967,11.998978478393196,5.222164524722883,54.68961687325679,58.87629864643945,0.2
84,14,4,10.801862450600282,13.422473718050975,5.88851951941512,54.68961687325679,58.87629864643945,0.2
84,14,5,9.115251753001283,6.472768243843424,3.3392000158401984,54.68961687325679,58.87629864643945,0.2
84,14,6,5.983056182352186,9.293587798013785,4.524551835123618,54.68961687325679,58.87629864643945,0.2
84,14,7,6.607361315003756,7.495311459061108,3.348013852479728,54.68961687325679,58.87629864643945,0.2
84,14,8,6.594667468021929,9.5384072635429,4.43490597833506,54.68961687325679,58.87629864643945,0.2
84,14,9,12.43740913215279,15.247550349199201,6.76719392645758,54.68961687325679,58.87629864643945,0.2
84,15,0,9.28433792492254,9.364848405076513,4.197979596997707,64.70862809796455,68.34008769396588,0.2
84,15,1,12.463082464613082,17.276395286342634,7.1298738589803206,64.70862809796455,68.34008769396588,0.2
84,15,2,10.912694409216039,15.859161982658291,6.592361141099654,64.70862809796455,68.34008769396588,0.2
84,15,3,10.564306227160072,8.032608989568846,3.943203557692345,64.70862809796455,68.34008769396588,0.2
84,15,4,11.91232546067895,16.654394786041202,6.84846947050201,64.70862809796455,68.34008769396588,0.2
84,15,5,6.755116839783131,11.503854792512136,4.9942441248126155,64.70862809796455,68.34008769396588,0.2
84,15,6,9.153053470570507,14.03434101665027,6.037840015098501,64.70862809796455,68.34008769396588,0.2
84,15,7,6.7729470074952625,10.84495053589161,4.336044894808319,64.70862809796455,68.34008769396588,0.2
84,15,8,8.971702178663303,13.643595544387235,5.697725199913515,64.70862809796455,68.34008769396588,0.2
84,15,9,13.689861473958315,18.87874575271366,7.858682900880869,64.70862809796455,68.34008769396588,0.2
84,16,0,8.49240612548629,12.782838797668399,5.219500167989595,72.78416049623159,73.00503396911014,0.2
84,16,1,14.423553767925116,18.842303147408526,7.576322354591492,72.78416049623159,73.00503396911014,0.2
84,16,2,13.336179188705826,17.863582816063232,7.165109365673628,72.78416049623159,73.00503396911014,0.2
84,16,3,7.977000667496118,12.94000588087393,5.505587759530068,72.78416049623159,73.00503396911014,0.2
84,16,4,13.854279835731386,9.008164760128162,4.45419011756751,72.78416049623159,73.00503396911014,0.2
84,16,5,10.103229045721283,14.359947370694682,5.832924933052466,72.78416049623159,73.00503396911014,0.2
84,16,6,12.214397031753068,16.71005212534554,6.822313102246356,72.78416049623159,73.00503396911014,0.2
84,16,7,8.771708717066884,10.567436273678755,4.258074087380009,72.78416049623159,73.00503396911014,0.2
84,16,8,11.526353397164819,15.816559637966272,6.318729008449184,72.78416049623159,73.00503396911014,0.2
84,16,9,15.89791595305162,20.62231342781913,8.359970349470235,72.78416049623159,73.00503396911014,0.2
84,17,0,10.558916301144604,12.80907196701553,5.226995947699476,70.90319482781489,67.16377818293641,0.2
84,17,1,15.326707737885805,17.221443967565197,7.113991598463549,70.90319482781489,67.16377818293641,0.2
84,17,2,14.494834303230927,8.08911790315982,4.115054980992813,70.90319482781489,67.16377818293641,0.2
84,17,3,11.137664234212576,13.633934302040261,5.7106349108001835,70.90319482781489,67.16377818293641,0.2
84,17,4,9.01071350264866,12.886683532805272,5.7229788350260025,70.90319482781489,67.16377818293641,0.2
84,17,5,11.799859024179893,13.947545369913426,5.715152738845625,70.90319482781489,67.16377818293641,0.2
84,17,6,13.80136616693851,15.857867346405227,6.576858983949426,70.90319482781489,67.16377818293641,0.2
84,17,7,8.61397575355109,10.812979021121517,4.327092902516313,70.90319482781489,67.16377818293641,0.2
84,17,8,12.782628332691026,9.563237811488028,4.44298434334605,70.90319482781489,67.16377818293641,0.2
84,17,9,16.91200773236239,18.748984235218057,7.820832589782352,70.90319482781489,67.16377818293641,0.2
84,18,0,10.574080073157461,6.674279667986458,3.3118669242565004,60.706669393913415,57.596304052354334,0.2
84,18,1,14.391424358197717,13.419020733750235,5.97405519280529,60.706669393913415,57.596304052354334,0.2
84,18,2,8.324651733012061,9.175212860215876,4.4944456211149495,60.706669393913415,57.596304052354334,0.2
84,18,3,11.552469414472432,11.023719264420683,4.921293418853411,60.706669393913415,57.596304052354334,0.2
84,18,4,11.577440859732162,11.37244279957132,5.243496207220092,60.706669393913415,57.596304052354334,0.2
84,18,5,11.561608865887214,11.037844962821657,4.851749796690875,60.706669393913415,57.596304052354334,0.2
84,18,6,13.304818718436982,12.455844927786556,5.554032524369225,60.706669393913415,57.596304052354334,0.2
84,18,7,8.753599063977978,7.535033943860701,3.360424299428588,60.706669393913415,57.596304052354334,0.2
84,18,8,8.988044505946721,9.32742770616229,4.366009114923795,60.706669393913415,57.596304052354334,0.2
84,18,9,15.821345734831764,14.541577468837236,6.546311000218845,60.706669393913415,57.596304052354334,0.2
84,19,0,6.699822689578141,7.677915174682258,3.6530878323786187,53.27089507190415,53.322681136717705,0.2
84,19,1,12.085361955941046,11.930981688895319,5.502220356371841,53.27089507190415,53.322681136717705,0.2
84,19,2,9.092149364117665,9.563886229516164,4.626887149491532,53.27089507190415,53.322681136717705,0.2
84,19,3,9.955651620002119,10.024182738571165,4.60451445536313,53.27089507190415,53.322681136717705,0.2
84,19,4,10.607459679176795,10.760638233836342,5.044404995063573,53.27089507190415,53.322681136717705,0.2
84,19,5,9.814966638287581,6.380454394607022,3.305791964868448,53.27089507190415,53.322681136717705,0.2
84,19,6,11.23566676332492,11.145593153422162,5.138299490625661,53.27089507190415,53.322681136717705,0.2
84,19,7,6.798053026534491,5.717593522124263,2.770025462886899,53.27089507190415,53.322681136717705,0.2
84,19,8,8.83232557347945,9.198716588361574,4.323748066738683,53.27089507190415,53.322681136717705,0.2
84,19,9,13.243020923054562,12.904593349006857,6.021290706909404,53.27089507190415,53.322681136717705,0.2
84,20,0,7.390103922091205,7.602636624851537,3.6279789689648463,54.121866602769565,53.322681136717705,0.2
84,20,1,11.130852063131904,11.444735382513235,5.344273589010444,54.121866602769565,53.322681136717705,0.2
84,20,2,9.360075212937522,9.64936143053126,4.655794768367971,54.121866602769565,53.322681136717705,0.2
84,20,3,9.314815820825288,9.592334609471065,4.464744202612458,54.121866602769565,53.322681136717705,0.2
84,20,4,10.20470321250466,10.496625046003517,4.957447277019515,54.121866602769565,53.322681136717705,0.2
84,20,5,6.687533200997474,6.878881839545757,3.484511388040126,54.121866602769565,53.322681136717705,0.2
84,20,6,10.394649392765087,10.698137156965556,4.993015299368626,54.121866602769565,53.322681136717705,0.2
84,20,7,5.603691172200459,5.781437720611654,2.7916409705156413,54.121866602769565,53.322681136717705,0.2
84,20,8,8.746832546135202,9.01366339167957,4.262675264420144,54.121866602769565,53.322681136717705,0.2
84,20,9,12.18091820152289,12.534446840997097,5.8998665701485775,54.121866602769565,53.322681136717705,0.2
85,0,0,2.0,2.0,1.4655095271950787,17.76932412077307,17.76932412077307,0.0
85,0,1,2.0,2.0,1.4198775277386766,17.76932412077307,17.76932412077307,0.0
85,0,2,2.0,2.0,1.436793890034734,17.76932412077307,17.76932412077307,0.0
85,0,3,2.0,2.0,1.4499780147015289,17.76932412077307,17.76932412077307,0.0
85,0,4,2.0,2.0,1.5165426382077951,17.76932412077307,17.76932412077307,0.0
85,0,5,2.0,2.0,1.3604554550877743,17.76932412077307,17.76932412077307,0.0
85,0,6,2.0,2.0,1.903854825424031,17.76932412077307,17.76932412077307,0.0
85,0,7,2.0,2.0,1.4738343278405794,17.76932412077307,17.76932412077307,0.0
85,0,8,2.0,2.0,1.4947675598719359,17.76932412077307,17.76932412077307,0.0
85,0,9,2.0,2.0,1.6586585685274284,17.76932412077307,17.76932412077307,0.0
85,1,0,2.964688559851712,3.5776113795763584,2.2018253292358176,17.76932412077307,26.93608705354989,0.0
85,1,1,2.8723761836841657,2.7521668396152905,1.7754245431994227,17.76932412077307,26.93608705354989,0.0
85,1,2,2.9065975550521266,3.50129238913904,2.126343095683809,17.76932412077307,26.93608705354989,0.0
85,1,3,2.933268704468751,3.536332499123401,2.160864749759131,17.76932412077307,26.93608705354989,0.0
85,1,4,3.067927247547328,3.713244640632619,2.338627876888794,17.76932412077307,26.93608705354989,0.0
85,1,5,2.7521668396152905,3.0443058825647102,1.8255979115331056,17.76932412077307,26.93608705354989,0.0
85,1,6,3.851449967272555,4.742623684090932,3.4843830960028366,17.76932412077307,26.93608705354989,0.0
85,1,7,2.9815294201660074,3.5997366201659626,2.223909853244478,17.76932412077307,26.93608705354989,0.0
85,1,8,3.0238768170081594,3.6553719218067524,2.2798420893894833,17.76932412077307,26.93608705354989,0.0
85,1,9,3.3554241658360175,4.090953283017626,2.7372418016067384,17.76932412077307,26.93608705354989,0.0
85,2,0,4.454236730122759,6.384655550727318,3.30266010017232,29.20268062353208,39.65966089184547,0.2
85,2,1,3.59163876756062,5.290540079718091,2.805303767210202,29.20268062353208,39.65966089184547,0.2
85,2,2,4.3015380883663985,4.677658033556952,2.604314349075939,29.20268062353208,39.65966089184547,0.2
85,2,3,4.371374517952872,6.132627622538215,3.1768231343827438,29.20268062353208,39.65966089184547,0.2
85,2,4,4.730984810199456,6.570879937882682,3.4871457569402993,29.20268062353208,39.65966089184547,0.2
85,2,5,3.6931382176479857,4.175087494832675,2.277347141692093,29.20268062353208,39.65966089184547,0.2
85,2,6,7.048818524320126,9.436605750147276,5.640062282881194,29.20268062353208,39.65966089184547,0.2
85,2,7,4.498913161400254,6.462418754977927,3.3496870794130635,29.20268062353208,39.65966089184547,0.2
85,2,8,4.6120626548350705,6.3977695566352075,3.3734376074377463,29.20268062353208,39.65966089184547,0.2
85,2,9,5.53737065790577,7.547055813501329,4.202234586285978,29.20268062353208,39.65966089184547,0.2
85,3,0,6.681197518244607,9.798630584070159,4.457418574262043,43.265903651618885,51.94165962829252,0.2
85,3,1,5.6750582860249885,8.40558347836219,3.8790680163783557,43.265903651618885,51.94165962829252,0.2
85,3,2,5.268461796860996,8.09761218375373,3.824048193246009,43.265903651618885,51.94165962829252,0.2
85,3,3,6.426632531828692,6.486256545295103,3.3039716007675723,43.265903651618885,51.94165962829252,0.2
85,3,4,7.054407317244399,10.027273054103773,4.687719504335497,43.265903651618885,51.94165962829252,0.2
85,3,5,4.607015438997424,7.487568189332438,3.427692725609629,43.265903651618885,51.94165962829252,0.2
85,3,6,11.409702780242123,15.341088344416573,7.925235053018366,43.265903651618885,51.94165962829252,0.2
85,3,7,6.776331903093172,9.949746717987269,4.53102114088772,43.265903651618885,51.94165962829252,0.2
85,3,8,6.824378618190262,5.5888193539702735,3.068857463660696,43.265903651618885,51.94165962829252,0.2
85,3,9,8.501013860769575,11.766884217744728,5.734545933104932,43.265903651618885,51.94165962829252,0.2
85,4,0,9.017244588561542,7.378617300020572,3.6546865857722874,52.67466037083127,56.5679831068293,0.2
85,4,1,7.847256096010867,10.017592995613496,4.385955860373429,52.67466037083127,56.5679831068293,0.2
85,4,2,7.735952390931765,10.004644007221957,4.434193320540537,52.67466037083127,56.5679831068293,0.2
85,4,3,6.683850650645884,9.273523440684766,4.243378407892261,52.67466037083127,56.5679831068293,0.2
85,4,4,9.483137522071686,11.753040852470173,5.238884215561071,52.67466037083127,56.5679831068293,0.2
85,4,5,6.9341353445524865,9.097758656393722,3.928415515719443,52.67466037083127,56.5679831068293,0.2
85,4,6,16.03254926686786,18.88942405344584,9.167816953854565,52.67466037083127,56.5679831068293,0.2
85,4,7,9.166140711856292,6.373796601460022,3.3174654680037294,52.67466037083127,56.5679831068293,0.2
85,4,8,6.208220721528829,9.137966222226419,4.3295957731451855,52.67466037083127,56.5679831068293,0.2
85,4,9,11.60084080542267,14.087204143600982,6.5044917226999655,52.67466037083127,56.5679831068293,0.2
85,5,0,7.393338159609474,7.907851063301171,3.8362648801116324,52.286904029850774,52.74049306350218,0.2
85,5,1,8.872677333016618,5.520799431795644,2.890222432752098,52.286904029850774,52.74049306350218,0.2
85,5,2,8.970260490041495,9.108445463859573,4.152259230225796,52.286904029850774,52.74049306350218,0.2
85,5,3,8.584246767114571,8.846093529491252,4.105504089963748,52.286904029850774,52.74049306350218,0.2
85,5,4,10.59812973716284,10.53064739758211,4.851233494656751,52.286904029850774,52.74049306350218,0.2
85,5,5,7.947084834097491,6.275663272465433,3.029179942634571,52.286904029850774,52.74049306350218,0.2
85,5,6,18.54626089939381,17.86550128162619,8.817053512023344,52.286904029850774,52.74049306350218,0.2
85,5,7,6.711148401415039,7.499740411706348,3.717577514834264,52.286904029850774,52.74049306350218,0.2
85,5,8,8.758662307704828,9.193148120419934,4.347880982507336,52.286904029850774,52.74049306350218,0.2
85,5,9,13.158421586550228,12.969249026444963,6.138699581190195,52.286904029850774,52.74049306350218,0.2
85,6,0,7.760666438242756,7.759929291963747,3.785890807882576,47.68307915787266,48.375989228958446,0.2
85,6,1,5.8468465900777,6.783176368824063,3.3383592096423707,47.68307915787266,48.375989228958446,0.2
85,6,2,8.399914984483377,5.612842397107541,2.9587036604172887,47.68307915787266,48.375989228958446,0.2
85,6,3,8.30533052298591,8.306941660418703,3.9287033088286134,47.68307915787266,48.375989228958446,0.2
85,6,4,9.813922172383002,4.750747976199908,2.7788622728909242,47.68307915787266,48.375989228958446,0.2
85,6,5,6.127954104023742,6.447098809898258,3.086870126811206,47.68307915787266,48.375989228958446,0.2
85,6,6,17.836675363500664,16.656753321755314,8.395103987497373,47.68307915787266,48.375989228958446,0.2
85,6,7,7.5205649121133265,7.61443972346646,3.7572858582306887,47.68307915787266,48.375989228958446,0.2
85,6,8,8.79565282192838,8.865624617721773,4.238861280031709,47.68307915787266,48.375989228958446,0.2
85,6,9,12.418433372830947,11.946616116971489,5.795720531108304,47.68307915787266,48.375989228958446,0.2
85,7,0,7.658760969271521,8.624140377624192,4.076324236248478,47.02428911583092,50.89955776411822,0.2
85,7,1,6.753415910195506,7.888907822501671,3.7105792007945655,47.02428911583092,50.89955776411822,0.2
85,7,2,5.985382374701477,7.375375829519043,3.5819736317358366,47.02428911583092,50.89955776411822,0.2
85,7,3,7.947667032249417,5.963572340698613,3.1152647759407044,47.02428911583092,50.89955776411822,0.2
85,7,4,5.621567814445604,7.392204515794062,3.7868265193411608,47.02428911583092,50.89955776411822,0.2
85,7,5,6.244659881686996,5.3188199774513345,2.697950848158155,47.02428911583092,50.89955776411822,0.2
85,7,6,16.98308218994329,17.729682458092537,8.770078935418917,47.02428911583092,50.89955776411822,0.2
85,7,7,7.600893882490857,8.594524367861833,4.089620073178489,47.02428911583092,50.89955776411822,0.2
85,7,8,8.57510873215604,9.536873898453301,4.461047989831227,47.02428911583092,50.89955776411822,0.2
85,7,9,11.724595463777737,12.59540962514988,6.01429334577613,47.02428911583092,50.89955776411822,0.2
85,8,0,8.246300419883557,11.55432635281883,5.002520651610151,54.243590497292075,59.685215295821266,0.2
85,8,1,7.506407500519112,6.298274565614788,3.1694580008428113,54.243590497292075,59.685215295821266,0.2
85,8,2,7.246241699992808,10.29317752926864,4.523328197013427,54.243590497292075,59.685215295821266,0.2
85,8,3,6.3021015358510235,9.584248622239693,4.342412439638619,54.243590497292075,59.685215295821266,0.2
85,8,4,7.660653889791729,10.984377994610796,4.99662155126501,54.243590497292075,59.685215295821266,0.2
85,8,5,5.457886056793943,8.676047557893558,3.8000444456421505,54.243590497292075,59.685215295821266,0.2
85,8,6,17.741646987854708,21.96112423590312,10.187579955715087,54.243590497292075,59.685215295821266,0.2
85,8,7,8.273197560371957,11.64022308355541,5.05708884121025,54.243590497292075,59.685215295821266,0.2
85,8,8,9.0245868040963,7.243306878679134,3.679666736470559,54.243590497292075,59.685215295821266,0.2
85,8,9,12.166762717634175,15.635472450918758,6.997029512452819,54.243590497292075,59.685215295821266,0.2
85,9,0,10.119972249266965,7.636349003400619,3.7435849032748036,65.59022129126255,68.96402185099683,0.2
85,9,1,6.411733053700146,10.866901240486037,4.6430556912898515,65.59022129126255,68.96402185099683,0.2
85,9,2,9.150578081745417,8.989309471018291,4.114166919780979,65.59022129126255,68.96402185099683,0.2
85,9,3,8.784590098567604,13.148657773393758,5.418229739192607,65.59022129126255,68.96402185099683,0.2
85,9,4,10.10803851906452,14.665546892412237,6.117055378407074,65.59022129126255,68.96402185099683,0.2
85,9,5,7.687393419056003,12.006855443650077,4.770499194140626,65.59022129126255,68.96402185099683,0.2
85,9,6,20.609215557329303,26.882873854788293,11.736694979608975,65.59022129126255,68.96402185099683,0.2
85,9,7,10.230362311178652,15.09398678549396,6.065832958914979,65.59022129126255,68.96402185099683,0.2
85,9,8,7.443872370151442,12.111586480423428,5.273432497741341,65.59022129126255,68.96402185099683,0.2
85,9,9,14.154813028214706,19.18275374638964,8.073719665197252,65.59022129126255,68.96402185099683,0.2
85,10,0,7.57317719852327,11.98725894234489,5.133003612654665,71.80615667313805,71.26141245046801,0.2
85,10,1,9.392783762427955,12.828104662701909,5.214871782895434,71.80615667313805,71.26141245046801,0.2
85,10,2,8.322855207731047,12.136654228997301,5.076247176424821,71.80615667313805,71.26141245046801,0.2
85,10,3,10.960941177350943,14.331034640614547,5.754859197903635,71.80615667313805,71.26141245046801,0.2
85,10,4,12.374647700211646,15.892686057421235,6.471005088684066,71.80615667313805,71.26141245046801,0.2
85,10,5,9.650598732523898,9.612561111077225,4.082730461448334,71.80615667313805,71.26141245046801,0.2
85,10,6,23.743035914009443,28.267887255558264,12.156769364824969,71.80615667313805,71.26141245046801,0.2
85,10,7,12.271026046269354,8.292862098976322,3.9886027215030966,71.80615667313805,71.26141245046801,0.2
85,10,8,10.668020034729455,14.303889614724826,5.9247573993951,71.80615667313805,71.26141245046801,0.2
85,10,9,16.332929866837965,20.123157754122783,8.34878528398958,71.80615667313805,71.26141245046801,0.2
85,11,0,10.383935966107924,11.420495931904677,4.9618899013871545,67.38464117398308,63.98709465053952,0.2
85,11,1,10.54955319562764,7.040063549747045,3.426363968402069,67.38464117398308,63.98709465053952,0.2
85,11,2,10.269119136830376,11.424575183009047,4.865881380092128,67.38464117398308,63.98709465053952,0.2
85,11,3,11.641934024295983,8.056394550606672,3.845377043193045,67.38464117398308,63.98709465053952,0.2
85,11,4,13.090678976261716,13.816239866234916,5.866870922328778,67.38464117398308,63.98709465053952,0.2
85,11,5,8.259260050789674,9.49766484473277,4.048509078350989,67.38464117398308,63.98709465053952,0.2
85,11,6,24.592835728358118,24.65795516711466,11.047977297394777,67.38464117398308,63.98709465053952,0.2
85,11,7,8.068842023064906,10.050851247988563,4.5632016678447,67.38464117398308,63.98709465053952,0.2
85,11,8,11.985633771690443,12.947144227268872,5.525536565419012,67.38464117398308,63.98709465053952,0.2
85,11,9,16.889380628917245,17.443637212796464,7.554086119995948,67.38464117398308,63.98709465053952,0.2
85,12,0,10.037777273301943,9.47623662295566,4.354244147177278,57.58844785092227,54.854105554799524,0.2
85,12,1,6.931447302462707,7.832385064972909,3.69194914498058,57.58844785092227,54.854105554799524,0.2
85,12,2,9.843554472665208,9.621406828763279,4.314599418030721,57.58844785092227,54.854105554799524,0.2
85,12,3,7.779100112771418,8.372575653541425,3.950406404247311,57.58844785092227,54.854105554799524,0.2
85,12,4,11.868530898495818,6.31669796785185,3.392162949996809,57.58844785092227,54.854105554799524,0.2
85,12,5,8.19003106176687,5.593341132309707,2.7946874493412914,57.58844785092227,54.854105554799524,0.2
85,12,6,22.349777531489064,20.330388595719185,9.651944322168063,57.58844785092227,54.854105554799524,0.2
85,12,7,9.231241100730568,8.986458233167703,4.2192927835921035,57.58844785092227,54.854105554799524,0.2
85,12,8,11.178020161966147,10.768951741394499,4.857066712381155,57.58844785092227,54.854105554799524,0.2
85,12,9,15.28172439994343,14.293432136971788,6.571001501982653,57.58844785092227,54.854105554799524,0.2
85,13,0,8.808525342475917,9.486757724149692,4.357627628781721,51.91078280661525,52.92042413783568,0.2
85,13,1,7.468719370680178,8.591995617876771,3.9390883482758796,51.91078280661525,52.92042413783568,0.2
85,13,2,8.728325062110512,5.88133297759337,3.0570779542998405,51.91078280661525,52.92042413783568,0.2
85,13,3,7.991571843175029,9.030150828762224,4.16511429452708,51.91078280661525,52.92042413783568,0.2
85,13,4,6.862259510694872,8.605737888750188,4.2119703783117,51.91078280661525,52.92042413783568,0.2
85,13,5,5.6535817445562015,7.039634138403995,3.2828299847566136,51.91078280661525,52.92042413783568,0.2
85,13,6,19.525638272052195,19.625619031953192,9.416492981006279,51.91078280661525,52.92042413783568,0.2
85,13,7,8.535522160761289,9.310351520423172,4.325177405951084,51.91078280661525,52.92042413783568,0.2
85,13,8,9.825722623716649,4.942611287549833,2.8159321529613632,51.91078280661525,52.92042413783568,0.2
85,13,9,13.292969181157163,13.815708545330422,6.416485447186409,51.91078280661525,52.92042413783568,0.2
85,14,0,8.815370039845003,11.530039174814748,4.995157624624337,55.14396591759603,59.31127972640683,0.2
85,14,1,7.968675703344068,7.1273855621078415,3.456058346703076,55.14396591759603,59.31127972640683,0.2
85,14,2,6.184391073208745,9.043426856041865,4.13148896156449,55.14396591759603,59.31127972640683,0.2
85,14,3,8.425920453136401,6.148910627327138,3.1827252298462776,55.14396591759603,59.31127972640683,0.2
85,14,4,8.520709120816774,11.29967260044613,5.096590383393228,55.14396591759603,59.31127972640683,0.2
85,14,5,6.641081698304489,9.22045939679191,3.9654284785213596,55.14396591759603,59.31127972640683,0.2
85,14,6,19.04932618769468,22.44578134806547,10.344443733625129,55.14396591759603,59.31127972640683,0.2
85,14,7,8.749724063066699,11.521080267417943,5.0207998898033415,55.14396591759603,59.31127972640683,0.2
85,14,8,5.69655924051313,8.928456198230595,4.259867861104216,55.14396591759603,59.31127972640683,0.2
85,14,9,12.980387125928486,15.825323447900148,7.0563939061882675,55.14396591759603,59.31127972640683,0.2
85,15,0,10.10507703264391,7.712629923145452,3.7697226086920708,65.1866987236723,68.74601064147716,0.2
85,15,1,6.991518275736691,11.163568313207795,4.731425571656936,65.1866987236723,68.74601064147716,0.2
85,15,2,8.357897258400714,12.478951898157929,5.176046306314996,65.1866987236723,68.74601064147716,0.2
85,15,3,6.43857232107959,10.953237089143865,4.7678234151222565,65.1866987236723,68.74601064147716,0.2
85,15,4,10.310272927952681,14.716533850548908,6.131934424545236,65.1866987236723,68.74601064147716,0.2
85,15,5,8.021961117976096,9.03643411879682,3.9098607487358064,65.1866987236723,68.74601064147716,0.2
85,15,6,20.92654699680149,27.074262083117475,11.795122947437251,65.1866987236723,68.74601064147716,0.2
85,15,7,10.156950683967336,14.883423139492715,6.006474685186064,65.1866987236723,68.74601064147716,0.2
85,15,8,8.617604512245888,12.962763709333913,5.530201940698701,65.1866987236723,68.74601064147716,0.2
85,15,9,14.274905689302258,19.168517161226298,8.069524829602356,65.1866987236723,68.74601064147716,0.2
85,16,0,7.626053112867996,12.79003441784613,5.371280692717043,73.21648011942361,73.5168486430558,0.2
85,16,1,9.571553786435368,13.639810118844846,5.443719209150669,73.21648011942361,73.5168486430558,0.2
85,16,2,10.471010242400224,8.769583306666666,4.043512091552028,73.21648011942361,73.5168486430558,0.2
85,16,3,9.645185699515759,13.96502823344536,5.651577571828772,73.21648011942361,73.5168486430558,0.2
85,16,4,12.404747632725726,16.70995144751694,6.702182659761847,73.21648011942361,73.5168486430558,0.2
85,16,5,7.909549011650546,12.218755572433722,4.829278076874501,73.21648011942361,73.5168486430558,0.2
85,16,6,23.861234209265437,29.606383873550172,12.556904410806345,73.21648011942361,73.5168486430558,0.2
85,16,7,12.150945765799614,10.044311625500596,4.561123120449185,73.21648011942361,73.5168486430558,0.2
85,16,8,11.187458097689143,15.465334890923195,6.257548108839003,73.21648011942361,73.5168486430558,0.2
85,16,9,16.324443820948897,21.031714890896605,8.610894725055532,73.21648011942361,73.5168486430558,0.2
85,17,0,10.86596444850739,12.4001314012777,5.256129420932463,71.40027418754586,68.00570630083975,0.2
85,17,1,11.012505727822328,7.721850115838833,3.655399482530062,71.40027418754586,68.00570630083975,0.2
85,17,2,8.179922284360991,10.54739833487906,4.601243522821899,71.40027418754586,68.00570630083975,0.2
85,17,3,11.432997917375493,12.845434220962014,5.330458579528773,71.40027418754586,68.00570630083975,0.2
85,17,4,13.558345332263078,14.831487981034394,6.165423807955643,71.40027418754586,68.00570630083975,0.2
85,17,5,9.769506919723138,8.790204475713917,3.834975676726399,71.40027418754586,68.00570630083975,0.2
85,17,6,25.402298765754544,26.461039261628976,11.60747241181203,71.40027418754586,68.00570630083975,0.2
85,17,7,9.227036252129967,11.308109816475751,4.955650648059595,71.40027418754586,68.00570630083975,0.2
85,17,8,12.658860926345401,14.044713247942585,5.849404847476274,71.40027418754586,68.00570630083975,0.2
85,17,9,17.419621372452117,18.659321850918726,7.91886790800799,71.40027418754586,68.00570630083975,0.2
85,18,0,10.633016349721895,10.34651692297627,4.630453953785777,61.467654753727246,57.634780556122735,0.2
85,18,1,7.3947803316478735,8.670531646797624,3.9642578800449613,61.467654753727246,57.634780556122735,0.2
85,18,2,9.308198807353124,9.795642171776935,4.369145564461979,61.467654753727246,57.634780556122735,0.2
85,18,3,10.783382350122896,7.12016600281273,3.5268216952747893,61.467654753727246,57.634780556122735,0.2
85,18,4,12.472495804969514,6.010003143636423,3.276015271739952,61.467654753727246,57.634780556122735,0.2
85,18,5,7.758058412531152,8.212828654225715,3.6568594013799176,61.467654753727246,57.634780556122735,0.2
85,18,6,23.481621940703167,21.789545348194387,10.131798641528196,61.467654753727246,57.634780556122735,0.2
85,18,7,10.025155422253565,9.990152182138281,4.543893496816024,61.467654753727246,57.634780556122735,0.2
85,18,8,11.833197472585008,11.692390934388854,5.144995465475155,61.467654753727246,57.634780556122735,0.2
85,18,9,16.0196686941927,15.349483729115788,6.907193785987316,61.467654753727246,57.634780556122735,0.2
85,19,0,9.367290767452966,9.336516455250967,4.30920401704643,53.3064820393095,53.47893563116666,0.2
85,19,1,8.019593026983333,8.551845009022355,3.9261940776348645,53.3064820393095,53.47893563116666,0.2
85,19,2,8.838670531251378,9.152525581576672,4.166315376372082,53.3064820393095,53.47893563116666,0.2
85,19,3,7.134670733004499,8.054719356406821,3.844817317877887,53.3064820393095,53.47893563116666,0.2
85,19,4,6.6272957069177,8.061682954573497,4.023755917071655,53.3064820393095,53.47893563116666,0.2
85,19,5,7.3977337104094305,5.668023162401149,2.8207556120032278,53.3064820393095,53.47893563116666,0.2
85,19,6,20.49637137518339,19.564893489911906,9.39608795955319,53.3064820393095,53.47893563116666,0.2
85,19,7,9.192181161031685,9.219223986593398,4.295500038885309,53.3064820393095,53.47893563116666,0.2
85,19,8,10.408195179854813,6.353131279746517,3.3569443965127697,53.3064820393095,53.47893563116666,0.2
85,19,9,13.9730776347724,13.729662537449114,6.388485355622504,53.3064820393095,53.47893563116666,0.2
85,20,0,8.717410302924637,9.018686807416433,4.205987357462903,54.280462995981054,53.47893563116666,0.2
85,20,1,7.942590921261337,8.172400800650058,3.80342318119156,54.280462995981054,53.47893563116666,0.2
85,20,2,8.428350211209782,8.67405647730943,4.01262936819078,54.280462995981054,53.47893563116666,0.2
85,20,3,7.7779678026719505,8.010830367630732,3.8301404100401837,54.280462995981054,53.47893563116666,0.2
85,20,4,8.139956045055472,8.375098345389787,4.132630428315045,54.280462995981054,53.47893563116666,0.2
85,20,5,5.706316975672791,5.9067598496388705,2.903406530599526,54.280462995981054,53.47893563116666,0.2
85,20,6,19.008047347439522,19.50861869288785,9.377161510870643,54.280462995981054,53.47893563116666,0.2
85,20,7,8.689687503089623,8.994922734726206,4.222074348458843,54.280462995981054,53.47893563116666,0.2
85,20,8,6.791013271300921,6.983371827325727,3.586726682562123,54.280462995981054,53.47893563116666,0.2
85,20,9,12.92374365170066,13.272918454178072,6.238964262731413,54.280462995981054,53.47893563116666,0.2
86,0,0,2.0,2.0,1.9117028131837404,17.534898358072784,17.534898358072784,0.0
86,0,1,2.0,2.0,1.3413082675316517,17.534898358072784,17.534898358072784,0.0
86,0,2,2.0,2.0,1.4938862531054435,17.534898358072784,17.534898358072784,0.0
86,0,3,2.0,2.0,1.355413058633265,17.534898358072784,17.534898358072784,0.0
86,0,4,2.0,2.0,1.4619302000443533,17.534898358072784,17.534898358072784,0.0
86,0,5,2.0,2.0,1.3891925002663879,17.534898358072784,17.534898358072784,0.0
86,0,6,2.0,2.0,1.398195650211024,17.534898358072784,17.534898358072784,0.0
86,0,7,2.0,2.0,1.464180815070825,17.534898358072784,17.534898358072784,0.0
86,0,8,2.0,2.0,1.4415441578598747,17.534898358072784,17.534898358072784,0.0
86,0,9,2.0,2.0,1.4747286435187434,17.534898358072784,17.534898358072784,0.0
86,1,0,3.8673262472265977,4.775743765197348,3.5158318365605727,17.534898358072784,26.095776392585623,0.0
86,1,1,2.713432565393534,2.9980561056742565,1.7807191686634365,17.534898358072784,26.095776392585623,0.0
86,1,2,3.0220939557985567,3.6616627181004295,2.281242062259005,17.534898358072784,26.095776392585623,0.0
86,1,3,2.7419661996293248,2.713432565393534,1.678085139924906,17.534898358072784,26.095776392585623,0.0
86,1,4,2.9574476719156015,3.576453953161305,2.1959502016892567,17.534898358072784,26.095776392585623,0.0
86,1,5,2.8103011522922197,3.3825035441184683,2.006819051534843,17.534898358072784,26.095776392585623,0.0
86,1,6,2.8285142960133527,3.4065098657338937,2.0298488758145083,17.534898358072784,26.095776392585623,0.0
86,1,7,2.9620006089643156,3.58245507371247,2.2019134386413084,17.534898358072784,26.095776392585623,0.0
86,1,8,2.9162072262388983,3.522095879803011,2.1422382795899937,17.534898358072784,26.095776392585623,0.0
86,1,9,2.9833385980735874,3.610580181438346,2.229949430117116,17.534898358072784,26.095776392585623,0.0
86,2,0,7.1124385278909745,9.586861373116445,5.726284159350386,28.29166025862519,37.87797089590478,0.2
86,2,1,3.6023496604279663,5.337011640383209,2.6663447986754263,28.29166025862519,37.87797089590478,0.2
86,2,2,4.6148947644006215,6.690726114370563,3.478786776230757,28.29166025862519,37.87797089590478,0.2
86,2,3,3.3947236264744456,5.08227089744802,2.6037011550044284,28.29166025862519,37.87797089590478,0.2
86,2,4,4.442351496283102,6.239835529498519,3.2421032428160435,28.29166025862519,37.87797089590478,0.2
86,2,5,4.059743982125503,3.9760854713906575,2.247296788648485,28.29166025862519,37.87797089590478,0.2
86,2,6,4.106332731847245,4.521053424761101,2.474655205465477,28.29166025862519,37.87797089590478,0.2
86,2,7,4.454414973212705,6.23749049080911,3.2462401336152054,28.29166025862519,37.87797089590478,0.2
86,2,8,4.333693641782416,6.144271293742193,3.162541416306282,28.29166025862519,37.87797089590478,0.2
86,2,9,4.511131072050706,6.350398480747761,3.3109437534775066,28.29166025862519,37.87797089590478,0.2
86,3,0,11.584127446908333,15.203423491997167,7.907848808177091,41.3222050428072,49.347646561260305,0.2
86,3,1,5.393947821262378,6.137680096401844,2.9404281962971988,41.3222050428072,49.347646561260305,0.2
86,3,2,7.037497311528482,10.022294035506231,4.616082179317204,41.3222050428072,49.347646561260305,0.2
86,3,3,5.26722132082516,5.446503095292115,2.7329588770038638,41.3222050428072,49.347646561260305,0.2
86,3,4,6.558692533532333,9.09799662247706,4.221508622074763,41.3222050428072,49.347646561260305,0.2
86,3,5,4.54622433785842,7.115915760740368,3.377559371022353,41.3222050428072,49.347646561260305,0.2
86,3,6,5.006164641769941,7.4848654654887685,3.521889686743121,41.3222050428072,49.347646561260305,0.2
86,3,7,6.567061358571023,9.083618993174145,4.223329363120365,41.3222050428072,49.347646561260305,0.2
86,3,8,6.397740978815486,8.95888903203327,4.117985978387976,41.3222050428072,49.347646561260305,0.2
86,3,9,6.6979551385343,9.302307273354119,4.3251840755027535,41.3222050428072,49.347646561260305,0.2
86,4,0,15.997377335042646,18.901672765150412,9.209786242277575,50.04404058930635,53.12818229245055,0.2
86,4,1,5.948411574855153,8.279231211620004,3.6257730147040554,50.04404058930635,53.12818229245055,0.2
86,4,2,9.338217032645321,5.687493459293724,3.1048539138448352,50.04404058930635,53.12818229245055,0.2
86,4,3,5.528706410190401,8.033988962204408,3.5875877303531825,50.04404058930635,53.12818229245055,0.2
86,4,4,8.540004745744953,10.76205309256804,4.748235294560071,50.04404058930635,53.12818229245055,0.2
86,4,5,6.8327168412580335,9.141156993436919,4.024780966388822,50.04404058930635,53.12818229245055,0.2
86,4,6,7.124693404983361,9.384192965259436,4.125957977357705,50.04404058930635,53.12818229245055,0.2
86,4,7,8.543688058646152,10.768653745327851,4.75758662030319,50.04404058930635,53.12818229245055,0.2
86,4,8,8.330581066315695,6.76562347146305,3.3831591664803637,50.04404058930635,53.12818229245055,0.2
86,4,9,8.749737555400367,10.992845285699646,4.861476599398447,50.04404058930635,53.12818229245055,0.2
86,5,0,18.631163704147976,17.825567231237873,8.839541381098055,49.107428199440456,49.201028770118384,0.2
86,5,1,7.334846739540366,5.866984622629316,2.8490368693801216,49.107428199440456,49.201028770118384,0.2
86,5,2,6.281040626193963,7.155825723986927,3.6463500817384027,49.107428199440456,49.201028770118384,0.2
86,5,3,7.257598878936967,7.514412828019512,3.423554170473342,49.107428199440456,49.201028770118384,0.2
86,5,4,9.605559429019342,9.560133314636055,4.370492755368878,49.107428199440456,49.201028770118384,0.2
86,5,5,8.142029693795038,5.150636110765413,2.69366783811624,49.107428199440456,49.201028770118384,0.2
86,5,6,8.346708217798595,8.393795509014133,3.8160830609327268,49.107428199440456,49.201028770118384,0.2
86,5,7,9.62447692353958,9.611381557268675,4.3936331062076395,49.107428199440456,49.201028770118384,0.2
86,5,8,6.8440450852740575,7.535930807573443,3.6484028389479852,49.107428199440456,49.201028770118384,0.2
86,5,9,9.834643713172428,9.728653155488532,4.463011673774523,49.107428199440456,49.201028770118384,0.2
86,6,0,17.88216775160464,16.355758066451052,8.32278846882137,44.483022687511784,44.95744289660893,0.2
86,6,1,5.763529241200654,5.914030639454669,2.865009746013281,44.483022687511784,44.95744289660893,0.2
86,6,2,7.376473623637662,7.210898474318445,3.665971636949228,44.483022687511784,44.95744289660893,0.2
86,6,3,6.925763152602054,4.311230280399627,2.320446304242409,44.483022687511784,44.95744289660893,0.2
86,6,4,8.841395864246833,8.472171014611439,4.0160761617042695,44.483022687511784,44.95744289660893,0.2
86,6,5,5.449221636237566,5.9172022559398725,2.968403418023953,44.483022687511784,44.95744289660893,0.2
86,6,6,7.719839130520496,4.926543260814776,2.6280072576971767,44.483022687511784,44.95744289660893,0.2
86,6,7,8.888208206391026,8.545910978740025,4.046733179987793,44.483022687511784,44.95744289660893,0.2
86,6,8,7.380626299347009,7.352725509672714,3.586086828205886,44.483022687511784,44.95744289660893,0.2
86,6,9,9.028559286849788,8.594630146795067,4.0921368902591,44.483022687511784,44.95744289660893,0.2
86,7,0,16.836789731968736,17.879346005261493,8.858200837520354,43.70126226613836,47.00166479899605,0.2
86,7,1,5.795841965030492,7.103836888989228,3.2572619890470134,43.70126226613836,47.00166479899605,0.2
86,7,2,7.41616753157927,8.759646949640315,4.200849819182988,43.70126226613836,47.00166479899605,0.2
86,7,3,4.694203950420253,6.4938095594460075,3.0910095882936686,43.70126226613836,47.00166479899605,0.2
86,7,4,8.124420094959179,4.4272628768231455,2.549766187133646,43.70126226613836,47.00166479899605,0.2
86,7,5,6.005004738033943,7.437598173615632,3.483728736952384,43.70126226613836,47.00166479899605,0.2
86,7,6,5.316391949368048,7.047622331275244,3.3765779948416266,43.70126226613836,47.00166479899605,0.2
86,7,7,8.18643846447349,5.26741628674011,2.883978807215289,43.70126226613836,47.00166479899605,0.2
86,7,8,7.254562592005374,8.551296415254239,3.985926865519117,43.70126226613836,47.00166479899605,0.2
86,7,9,8.278289017416533,9.451184914328406,4.3735238666265985,43.70126226613836,47.00166479899605,0.2
86,8,0,17.91991535812762,22.019431354797423,10.248578966624578,50.08961118803736,55.07014160424591,0.2
86,8,1,6.589358292231743,5.8067959441980035,2.8285456999828855,50.08961118803736,55.07014160424591,0.2
86,8,2,8.4982125120836,11.810974161854732,5.178411249879481,50.08961118803736,55.07014160424591,0.2
86,8,3,6.253033907152727,8.996254988740004,3.883237009703398,50.08961118803736,55.07014160424591,0.2
86,8,4,5.158112250392488,8.519891724792663,4.031897600278115,50.08961118803736,55.07014160424591,0.2
86,8,5,7.047494772577189,9.91916744456046,4.261613781321762,50.08961118803736,55.07014160424591,0.2
86,8,6,6.830731542164497,9.673227978698991,4.214508616515108,50.08961118803736,55.07014160424591,0.2
86,8,7,5.834215894161035,9.025580907884056,4.204422288366102,50.08961118803736,55.07014160424591,0.2
86,8,8,8.06342883435729,10.95580350889404,4.740868592005157,50.08961118803736,55.07014160424591,0.2
86,8,9,8.847527725352231,6.630131083056805,3.412373801634054,50.08961118803736,55.07014160424591,0.2
86,9,0,20.732615007452132,26.7532334067559,11.74526384674854,60.51855147813372,63.94430464297165,0.2
86,9,1,5.7220761258420385,9.785540967080692,4.0758387331458525,60.51855147813372,63.94430464297165,0.2
86,9,2,10.475794463178197,15.211924525768255,6.181949418442984,60.51855147813372,63.94430464297165,0.2
86,9,3,7.855689863644234,8.19437813860905,3.637574270183626,60.51855147813372,63.94430464297165,0.2
86,9,4,8.15642646344049,12.240346743782343,5.19590551677504,60.51855147813372,63.94430464297165,0.2
86,9,5,8.621136464511855,12.600307808838023,5.038580960257721,60.51855147813372,63.94430464297165,0.2
86,9,6,8.525843912248819,12.390252468088182,5.011907635757415,60.51855147813372,63.94430464297165,0.2
86,9,7,8.505439526525375,12.530580077209617,5.2899740115954765,60.51855147813372,63.94430464297165,0.2
86,9,8,9.59065677681333,6.995354350788507,3.463169567444248,60.51855147813372,63.94430464297165,0.2
86,9,9,6.903145550343131,11.249037772994571,4.940511120676157,60.51855147813372,63.94430464297165,0.2
86,10,0,23.76037051464365,28.11883856111609,12.161791316739047,66.57956763990154,66.2690691284605,0.2
86,10,1,8.245318259435319,11.388209057420543,4.532380957929966,66.57956763990154,66.2690691284605,0.2
86,10,2,12.505926695350796,15.9813321500612,6.399199036115876,66.57956763990154,66.2690691284605,0.2
86,10,3,7.358720379706413,10.713590387152182,4.388389781477917,66.57956763990154,66.2690691284605,0.2
86,10,4,10.511184920876227,13.792707370798963,5.648853429725028,66.57956763990154,66.2690691284605,0.2
86,10,5,10.192921337982058,8.700998467983615,3.8881212302794754,66.57956763990154,66.2690691284605,0.2
86,10,6,10.138961879833316,7.58868731445961,3.5560152162553313,66.57956763990154,66.2690691284605,0.2
86,10,7,10.70148309721793,13.944057941988163,5.700935667508449,66.57956763990154,66.2690691284605,0.2
86,10,8,7.0059040947209485,11.038919092524294,4.766016467837044,66.57956763990154,66.2690691284605,0.2
86,10,9,9.994528542794688,13.462647508808821,5.602507557174798,66.57956763990154,66.2690691284605,0.2
86,11,0,24.60299500955794,24.600707290179024,11.075483586042717,62.66389186797353,58.9474412470211,0.2
86,11,1,9.168891587202939,7.526139995622833,3.391627978794602,62.66389186797353,58.9474412470211,0.2
86,11,2,12.945417155286405,6.399778122828996,3.3721895336242373,62.66389186797353,58.9474412470211,0.2
86,11,3,8.877601093606472,9.933015531206792,4.162051490142675,62.66389186797353,58.9474412470211,0.2
86,11,4,11.427487047073722,12.28463105078319,5.209057160562745,62.66389186797353,58.9474412470211,0.2
86,11,5,7.86557051784469,9.423811218402804,4.1114975649540035,62.66389186797353,58.9474412470211,0.2
86,11,6,7.193728484637446,9.177721262211863,4.062200490074759,62.66389186797353,58.9474412470211,0.2
86,11,7,11.532848091586011,12.397687927895245,5.250639546374123,62.66389186797353,58.9474412470211,0.2
86,11,8,9.641530291041562,10.89999263249004,4.7239500462903665,62.66389186797353,58.9474412470211,0.2
86,11,9,11.333730523764732,12.254005471057868,5.245486426406042,62.66389186797353,58.9474412470211,0.2
86,12,0,22.405422054957025,20.304546684534237,9.683106106851193,53.05275485219669,50.84010232848589,0.2
86,12,1,6.861177277537323,7.127207988321317,3.2647595986674895,53.05275485219669,50.84010232848589,0.2
86,12,2,6.821853796557856,7.621608088351827,3.8109141299055618,53.05275485219669,50.84010232848589,0.2
86,12,3,8.419724477640498,6.103500722570692,2.9597564029976975,53.05275485219669,50.84010232848589,0.2
86,12,4,10.537790362299237,10.122762587566335,4.548989942706445,53.05275485219669,50.84010232848589,0.2
86,12,5,8.317455170698965,8.19952069919581,3.729867117751102,53.05275485219669,50.84010232848589,0.2
86,12,6,8.217728440018222,8.304662815232737,3.787671904479184,53.05275485219669,50.84010232848589,0.2
86,12,7,10.621910472894685,5.1996034331614664,2.8579384434957418,53.05275485219669,50.84010232848589,0.2
86,12,8,9.556430988444715,9.30397389232376,4.22838858330681,53.05275485219669,50.84010232848589,0.2
86,12,9,10.611485842052362,10.169420058811228,4.603609200221209,53.05275485219669,50.84010232848589,0.2
86,13,0,19.58867777117538,19.705619661932772,9.48227288835067,48.11216012270224,49.5129976397765,0.2
86,13,1,6.6045257661072645,7.574251584788662,3.406790386461827,48.11216012270224,49.5129976397765,0.2
86,13,2,7.709382514307138,8.830215209657228,4.22451090688983,48.11216012270224,49.5129976397765,0.2
86,13,3,5.987512046209367,7.343163741598248,3.3687510449474876,48.11216012270224,49.5129976397765,0.2
86,13,4,9.202491141654027,6.10407472335309,3.1925633941355924,48.11216012270224,49.5129976397765,0.2
86,13,5,7.545426466744366,8.409045672028592,3.796331521618432,48.11216012270224,49.5129976397765,0.2
86,13,6,7.662364082459097,8.594714488215734,3.8797966856429973,48.11216012270224,49.5129976397765,0.2
86,13,7,5.781536899599001,7.7757962441574495,3.787870521974886,48.11216012270224,49.5129976397765,0.2
86,13,8,8.55392273261462,9.381025554939772,4.252870677228437,48.11216012270224,49.5129976397765,0.2
86,13,9,9.312984512660314,5.199820439331775,2.878610872488076,48.11216012270224,49.5129976397765,0.2
86,14,0,19.18239726990407,22.448421835240985,10.38794048018049,51.59337059004744,55.82440507427127,0.2
86,14,1,6.891850443229304,6.302143910581861,2.9953627581261846,51.59337059004744,55.82440507427127,0.2
86,14,2,8.546078291688858,11.278178908486506,5.013763214452888,51.59337059004744,55.82440507427127,0.2
86,14,3,6.814897821278288,9.088956119340775,3.911204043360805,51.59337059004744,55.82440507427127,0.2
86,14,4,6.458474677616499,9.173104205431642,4.245873684494722,51.59337059004744,55.82440507427127,0.2
86,14,5,7.67988226803825,10.02619548602485,4.293749963439658,51.59337059004744,55.82440507427127,0.2
86,14,6,7.848730175430148,7.1109392988928,3.3977844910768282,51.59337059004744,55.82440507427127,0.2
86,14,7,7.662765880609409,10.17168575824141,4.571395215311056,51.59337059004744,55.82440507427127,0.2
86,14,8,8.603449386944584,10.979697494832738,4.748103922306826,51.59337059004744,55.82440507427127,0.2
86,14,9,5.823356698515779,8.746123200116354,4.142495373666289,51.59337059004744,55.82440507427127,0.2
86,15,0,21.01453981057068,27.00797869677627,11.823439677018426,61.35441170365758,64.83931591978157,0.2
86,15,1,6.059542798482593,10.00850986811891,4.140627858082628,61.35441170365758,64.83931591978157,0.2
86,15,2,10.142715668415574,14.82295156527038,6.070868370957171,61.35441170365758,64.83931591978157,0.2
86,15,3,7.912266462566655,8.531623584552758,3.741733470736171,61.35441170365758,64.83931591978157,0.2
86,15,4,8.589294648318823,12.590410836169236,5.299483837345541,61.35441170365758,64.83931591978157,0.2
86,15,5,8.686147144902714,7.409616595531285,3.474549062520539,61.35441170365758,64.83931591978157,0.2
86,15,6,6.873631745552034,10.820328933671204,4.558429832007341,61.35441170365758,64.83931591978157,0.2
86,15,7,9.247816439196363,13.18346003091317,5.481435395997231,61.35441170365758,64.83931591978157,0.2
86,15,8,9.60529366628696,13.594728129885937,5.51399441962706,61.35441170365758,64.83931591978157,0.2
86,15,9,8.380162950596976,12.504750053923665,5.3203919714669095,61.35441170365758,64.83931591978157,0.2
86,16,0,23.91851823416181,29.684425910257687,12.631922142539947,69.05573779045554,69.10916264162351,0.2
86,16,1,8.376385013993028,12.350129204295099,4.797087667169514,69.05573779045554,69.10916264162351,0.2
86,16,2,12.281212556966558,16.888107559037305,6.651249270538764,69.05573779045554,69.10916264162351,0.2
86,16,3,7.569431797511017,11.67595483702102,4.660745115014903,69.05573779045554,69.10916264162351,0.2
86,16,4,10.720721233227433,14.849653557057094,5.948494520919865,69.05573779045554,69.10916264162351,0.2
86,16,5,7.028924524300917,11.655349227763875,4.770996924690761,69.05573779045554,69.10916264162351,0.2
86,16,6,9.221587798002755,13.262823598059459,5.2564452478274175,69.05573779045554,69.10916264162351,0.2
86,16,7,11.088804616086293,8.024363614602327,3.872229908861413,69.05573779045554,69.10916264162351,0.2
86,16,8,11.154670694118579,9.366871105826243,4.248377834521386,69.05573779045554,69.10916264162351,0.2
86,16,9,10.76301785763499,15.009141596443692,6.045611244327837,69.05573779045554,69.10916264162351,0.2
86,17,0,25.554057732127355,26.886179626169287,11.786089898448035,67.11948692797661,63.366057553669705,0.2
86,17,1,9.704386538300596,8.63233707765651,3.7333394357692318,67.11948692797661,63.366057553669705,0.2
86,17,2,13.455308379215657,7.410522922985477,3.736721513500456,67.11948692797661,63.366057553669705,0.2
86,17,3,9.428569017436432,11.093322141961826,4.496698877153161,67.11948692797661,63.366057553669705,0.2
86,17,4,12.033653365778633,13.615396149313925,5.597921939124658,67.11948692797661,63.366057553669705,0.2
86,17,5,9.651605628787953,11.405558216076491,4.699190108175372,67.11948692797661,63.366057553669705,0.2
86,17,6,10.6336552595106,12.188012969396462,4.954501738309177,67.11948692797661,63.366057553669705,0.2
86,17,7,7.833422778144064,10.87695720210777,4.791030205214594,67.11948692797661,63.366057553669705,0.2
86,17,8,8.594360480234915,11.118322737997442,4.7899882369989255,67.11948692797661,63.366057553669705,0.2
86,17,9,12.230118031149296,13.816435394374839,5.705166534543228,67.11948692797661,63.366057553669705,0.2
86,18,0,23.84296058053634,21.679662643808214,10.137623225080949,57.274060673430334,53.870960674123936,0.2
86,18,1,7.552450877922518,7.702294442430101,3.4470031974606994,57.274060673430334,53.870960674123936,0.2
86,18,2,7.559292735291731,8.240964985012273,4.025141777369002,57.274060673430334,53.870960674123936,0.2
86,18,3,9.096707643866065,6.67364125646989,3.1506827026126047,57.274060673430334,53.870960674123936,0.2
86,18,4,11.324453934891839,10.843382716663095,4.773324848209284,57.274060673430334,53.870960674123936,0.2
86,18,5,9.50634226236686,9.117345315237989,4.017439226745416,57.274060673430334,53.870960674123936,0.2
86,18,6,10.02283120700272,5.831053444325788,2.9571262407525407,57.274060673430334,53.870960674123936,0.2
86,18,7,9.692132446582844,9.82382809420773,4.461390550098988,57.274060673430334,53.870960674123936,0.2
86,18,8,9.690024571341231,9.588808539512094,4.3185923031924345,57.274060673430334,53.870960674123936,0.2
86,18,9,11.541407028163018,10.987624366431449,4.859860254464599,57.274060673430334,53.870960674123936,0.2
86,19,0,20.50815435980704,19.608601503260225,9.449569351944096,49.82532023036339,49.691563230479204,0.2
86,19,1,6.973199938756648,7.4044494003044194,3.353146615586311,49.82532023036339,49.691563230479204,0.2
86,19,2,8.142759605245873,8.604480365021935,4.148621248677952,49.82532023036339,49.691563230479204,0.2
86,19,3,6.3737511021413376,7.219012937254279,3.328780376800034,49.82532023036339,49.691563230479204,0.2
86,19,4,9.656314958952997,5.070775785920349,2.803869046293125,49.82532023036339,49.691563230479204,0.2
86,19,5,8.127177540925123,5.957547198981828,2.98255648519215,49.82532023036339,49.691563230479204,0.2
86,19,6,5.98219129477509,7.1691390386644285,3.4172271797996197,49.82532023036339,49.691563230479204,0.2
86,19,7,9.025279794819353,9.444369838863238,4.340050720862313,49.82532023036339,49.691563230479204,0.2
86,19,8,8.736402567401377,9.060240097301918,4.150541380482994,49.82532023036339,49.691563230479204,0.2
86,19,9,9.83137388841508,9.975068969540294,4.541844421860461,49.82532023036339,49.691563230479204,0.2
86,20,0,19.116238846194033,19.620286336021298,9.453510721209833,50.43632651455664,49.691563230479204,0.2
86,20,1,6.783330456923695,7.01199281419981,3.2277257592134716,50.43632651455664,49.691563230479204,0.2
86,20,2,8.392555440191309,8.691678258256292,4.178006227659905,50.43632651455664,49.691563230479204,0.2
86,20,3,6.734038174590634,6.939444649755194,3.238008390695428,50.43632651455664,49.691563230479204,0.2
86,20,4,5.672155882041592,5.834886561522044,3.0933448097255765,50.43632651455664,49.691563230479204,0.2
86,20,5,6.033636033526559,6.230576465373625,3.0775930624195826,50.43632651455664,49.691563230479204,0.2
86,20,6,6.912963811130305,7.123159322855094,3.401870761231076,50.43632651455664,49.691563230479204,0.2
86,20,7,8.779812401454228,9.026564092306774,4.204742883627578,50.43632651455664,49.691563230479204,0.2
86,20,8,8.396439818075024,8.650450239053999,4.018223155293299,50.43632651455664,49.691563230479204,0.2
86,20,9,9.188035934428715,9.457502852740486,4.375570194082895,50.43632651455664,49.691563230479204,0.2
87,0,0,2.0,2.0,1.5706808819926692,18.01561696879952,18.01561696879952,0.0
87,0,1,2.0,2.0,1.8146623633629018,18.01561696879952,18.01561696879952,0.0
87,0,2,2.0,2.0,1.5127743992287108,18.01561696879952,18.01561696879952,0.0
87,0,3,2.0,2.0,1.453559197936444,18.01561696879952,18.01561696879952,0.0
87,0,4,2.0,2.0,2.07509948089956,18.01561696879952,18.01561696879952,0.0
87,0,5,2.0,2.0,1.415653906034096,18.01561696879952,18.01561696879952,0.0
87,0,6,2.0,2.0,1.5642563788748811,18.01561696879952,18.01561696879952,0.0
87,0,7,2.0,2.0,1.4196492573505641,18.01561696879952,18.01561696879952,0.0
87,0,8,2.0,2.0,1.4306233249561682,18.01561696879952,18.01561696879952,0.0
87,0,9,2.0,2.0,1.6783835812783963,18.01561696879952,18.01561696879952,0.0
87,1,0,3.1774475399924236,3.8185796536233827,2.470007423968181,18.01561696879952,28.244110505993664,0.0
87,1,1,3.671015881385893,4.458237221346726,3.1804535441268724,18.01561696879952,28.244110505993664,0.0
87,1,2,3.0603041957794828,3.6667635415472377,2.312337394397666,18.01561696879952,28.244110505993664,0.0
87,1,3,2.9405133472160463,3.5115163013955066,2.155549541872221,18.01561696879952,28.244110505993664,0.0
87,1,4,4.197873556886291,5.141037293765266,4.018402661597982,18.01561696879952,28.244110505993664,0.0
87,1,5,2.863831904226169,3.150422362631872,1.9457822696792157,18.01561696879952,28.244110505993664,0.0
87,1,6,3.1644509333224606,3.8017362357743067,2.4523041058653257,18.01561696879952,28.244110505993664,0.0
87,1,7,2.8719143984854814,2.8638319042261684,1.825254083442158,18.01561696879952,28.244110505993664,0.0
87,1,8,2.8941146585872652,3.451384259234847,2.0960402805130856,18.01561696879952,28.244110505993664,0.0
87,1,9,3.3953273657542393,4.10094881654278,2.7745290075363727,18.01561696879952,28.244110505993664,0.0
87,2,0,4.996762297821964,6.929329795867991,3.748442237456027,30.62077045424382,42.29983494332347,0.2
87,2,1,6.433976758554118,8.724522717188405,5.088549568635508,30.62077045424382,42.29983494332347,0.2
87,2,2,4.677799831713777,6.588584970080403,3.4850392622088697,30.62077045424382,42.29983494332347,0.2
87,2,3,4.360621987366656,4.322123571399444,2.492870694832529,30.62077045424382,42.29983494332347,0.2
87,2,4,8.129126545167377,10.785878405031719,6.750202302356494,30.62077045424382,42.29983494332347,0.2
87,2,5,3.9362681223377587,5.664938746052043,2.9340853801913953,30.62077045424382,42.29983494332347,0.2
87,2,6,4.96094893484001,6.842184433692578,3.7001836628227287,30.62077045424382,42.29983494332347,0.2
87,2,7,3.6924426621508215,5.437458132081042,2.859151779995734,30.62077045424382,42.29983494332347,0.2
87,2,8,4.2402362627550065,4.867962003031636,2.666535257154407,30.62077045424382,42.29983494332347,0.2
87,2,9,5.612801728667896,7.691937760448429,4.30918618118039,30.62077045424382,42.29983494332347,0.2
87,3,0,7.583003462229661,10.427175914284868,4.989805886187855,46.14614805023497,56.26857797204218,0.2
87,3,1,10.294006563878115,13.725084218087003,6.987717638041166,46.14614805023497,56.26857797204218,0.2
87,3,2,7.05014593189291,9.860925286355968,4.62163386821504,46.14614805023497,56.26857797204218,0.2
87,3,3,5.043014114213809,7.771262645478216,3.7588572912852842,46.14614805023497,56.26857797204218,0.2
87,3,4,13.655487849869903,17.71237628083672,9.552382528893201,46.14614805023497,56.26857797204218,0.2
87,3,5,5.935580218936158,6.761416782834328,3.3209511680966273,46.14614805023497,56.26857797204218,0.2
87,3,6,7.485377591175843,10.246396262352357,4.908928889012202,46.14614805023497,56.26857797204218,0.2
87,3,7,5.783991448528249,6.021172392459406,3.0706958765570245,46.14614805023497,56.26857797204218,0.2
87,3,8,5.394333113929046,7.906453077052748,3.7444798083635846,46.14614805023497,56.26857797204218,0.2
87,3,9,8.717374221420544,11.798349202807335,5.81359933763998,46.14614805023497,56.26857797204218,0.2
87,4,0,10.094250601683529,12.270666969380141,5.592096783293514,57.062640189735376,62.07434559453474,0.2
87,4,1,14.135975342736234,16.654410584760758,8.00101937355815,57.062640189735376,62.07434559453474,0.2
87,4,2,9.34944795831168,7.260982269106589,3.7303530176370976,57.062640189735376,62.07434559453474,0.2
87,4,3,7.604072851656927,9.787156372354422,4.417446472370804,57.062640189735376,62.07434559453474,0.2
87,4,4,19.32422729242844,22.19463572639571,11.18643078515969,57.062640189735376,62.07434559453474,0.2
87,4,5,6.718199884190635,8.923151877707825,4.032727660945093,57.062640189735376,62.07434559453474,0.2
87,4,6,9.930638490105697,12.093882253094652,5.512936026856742,57.062640189735376,62.07434559453474,0.2
87,4,7,6.211939784135309,8.559895953866413,3.9281494513158717,57.062640189735376,62.07434559453474,0.2
87,4,8,7.57498756879356,6.389597244999393,3.2257874168223886,57.062640189735376,62.07434559453474,0.2
87,4,9,11.760763835395021,14.088030441876489,6.582114341878416,57.062640189735376,62.07434559453474,0.2
87,5,0,11.312669792563536,11.209429850043199,5.248986152903876,57.37654363047969,58.35674535138858,0.2
87,5,1,16.1858590229296,15.678964050946291,7.670028717588718,57.37654363047969,58.35674535138858,0.2
87,5,2,7.546409429875286,8.300185186531257,4.096515635480482,57.37654363047969,58.35674535138858,0.2
87,5,3,8.936382041446619,6.323129785996212,3.2536002585180364,57.37654363047969,58.35674535138858,0.2
87,5,4,22.629865421489907,21.598391925743616,10.975211979869965,57.37654363047969,58.35674535138858,0.2
87,5,5,8.158105655092065,5.57446521511125,2.901204493667397,57.37654363047969,58.35674535138858,0.2
87,5,6,11.152529592419981,11.146421844857757,5.206930373334572,57.37654363047969,58.35674535138858,0.2
87,5,7,7.946546592565237,8.27059019072658,3.8347372664501056,57.37654363047969,58.35674535138858,0.2
87,5,8,6.52568603185472,7.456313212603512,3.5939431626457785,57.37654363047969,58.35674535138858,0.2
87,5,9,13.315450174078096,13.074502718593184,6.246947429883274,57.37654363047969,58.35674535138858,0.2
87,6,0,10.618565699888972,10.252829198282491,4.9312561982438305,52.7607753806104,54.06823217656786,0.2
87,6,1,15.516273330744763,14.544967413276359,7.277358364949152,52.7607753806104,54.06823217656786,0.2
87,6,2,8.287147107809968,8.383683264722658,4.125319341376608,52.7607753806104,54.06823217656786,0.2
87,6,3,6.581950704353897,7.104271505180078,3.5300057440934536,52.7607753806104,54.06823217656786,0.2
87,6,4,22.202575141865108,20.432103577810263,10.55691638682639,52.7607753806104,54.06823217656786,0.2
87,6,5,5.869063020442024,6.651755967416632,3.283155934339222,52.7607753806104,54.06823217656786,0.2
87,6,6,10.533487925742122,4.7311867842247946,2.8580248694315173,52.7607753806104,54.06823217656786,0.2
87,6,7,7.757576114596161,5.651032123112534,2.937308119859507,52.7607753806104,54.06823217656786,0.2
87,6,8,7.27045575708148,7.596046319105039,3.6409576511311994,52.7607753806104,54.06823217656786,0.2
87,6,9,12.637416022000863,12.049544756658044,5.899968226981245,52.7607753806104,54.06823217656786,0.2
87,7,0,9.975806069724213,5.486476012757663,3.1832621105550754,52.55748197353277,56.95752504240583,0.2
87,7,1,14.721911178427964,15.807804938460627,7.714094108254628,52.55748197353277,56.95752504240583,0.2
87,7,2,8.34541627342571,9.625208329468737,4.544020333658141,52.55748197353277,56.95752504240583,0.2
87,7,3,7.141111982912148,8.507454186348346,4.0047135755727155,52.55748197353277,56.95752504240583,0.2
87,7,4,21.35637377891239,22.292404549107054,11.220901908118284,52.55748197353277,56.95752504240583,0.2
87,7,5,6.641741086033272,8.039779013444337,3.7489269044155438,52.55748197353277,56.95752504240583,0.2
87,7,6,5.781711737072462,8.076154858008707,4.155565998781517,52.55748197353277,56.95752504240583,0.2
87,7,7,5.9420997394497626,7.568944193019199,3.603999937796535,52.55748197353277,56.95752504240583,0.2
87,7,8,7.365564873449207,6.478529777717538,3.2571505000578105,52.55748197353277,56.95752504240583,0.2
87,7,9,11.935485905368342,13.073365854265,6.246567192322005,52.55748197353277,56.95752504240583,0.2
87,8,0,6.439658417120482,10.000051858827733,4.845834049453624,60.69955810731088,66.90827500672697,0.2
87,8,1,15.60541649711002,19.44634664334863,8.917876446795676,60.69955810731088,66.90827500672697,0.2
87,8,2,9.192437748742524,12.320229633442617,5.401151150989646,60.69955810731088,66.90827500672697,0.2
87,8,3,8.101433871745042,7.2463667447860765,3.5792822263331288,60.69955810731088,66.90827500672697,0.2
87,8,4,22.699599627910377,27.343064064812516,12.945265166408477,60.69955810731088,66.90827500672697,0.2
87,8,5,7.583983931181623,8.23621506214765,3.812812680986143,60.69955810731088,66.90827500672697,0.2
87,8,6,8.406604493302872,11.615925333001655,5.359504080412287,60.69955810731088,66.90827500672697,0.2
87,8,7,7.290800357839905,10.173536157908075,4.432925327570482,60.69955810731088,66.90827500672697,0.2
87,8,8,6.589132752837624,9.540809426037889,4.270846467892721,60.69955810731088,66.90827500672697,0.2
87,8,9,12.636646811069783,16.06845259329603,7.216922880949089,60.69955810731088,66.90827500672697,0.2
87,9,0,9.802999231845115,14.696881674408875,6.34489733104669,73.527900371252,77.59135313570229,0.2
87,9,1,18.040637600349648,23.96969539088762,10.323776537086514,73.527900371252,77.59135313570229,0.2
87,9,2,10.926391627092714,8.76890116016228,4.257109212466928,73.527900371252,77.59135313570229,0.2
87,9,3,7.240797055205952,12.008353689366475,5.097416921856037,73.527900371252,77.59135313570229,0.2
87,9,4,26.187942712698156,33.465830358702306,14.912108277875854,73.527900371252,77.59135313570229,0.2
87,9,5,7.713223234933271,12.06311846524364,4.980326436164534,73.527900371252,77.59135313570229,0.2
87,9,6,10.842140660858224,15.531036444608596,6.5679107839712225,73.527900371252,77.59135313570229,0.2
87,9,7,8.967695372461202,10.17188961946185,4.4324231018592615,73.527900371252,77.59135313570229,0.2
87,9,8,8.639813954999418,12.870928608852376,5.266610753445405,73.527900371252,77.59135313570229,0.2
87,9,9,14.599651728933278,19.843559705458787,8.365731717687533,73.527900371252,77.59135313570229,0.2
87,10,0,12.835566184813915,16.42148006194057,6.85733819457066,80.78903622791667,80.75916108232205,0.2
87,10,1,20.88473778300572,24.998973289556368,10.632131899694143,80.78903622791667,80.75916108232205,0.2
87,10,2,8.612023836102985,12.699043481816927,5.516871602855239,80.78903622791667,80.75916108232205,0.2
87,10,3,10.311944994274663,13.720470019943102,5.595900955334598,80.78903622791667,80.75916108232205,0.2
87,10,4,30.16681638317569,35.04240593028471,15.400459043844636,80.78903622791667,80.75916108232205,0.2
87,10,5,10.0750739149979,9.3435731854391,4.164809954234973,80.78903622791667,80.75916108232205,0.2
87,10,6,13.2867167371026,16.73164510372118,6.919329122508561,80.78903622791667,80.75916108232205,0.2
87,10,7,8.966679382600415,12.364118182179993,5.081293325404556,80.78903622791667,80.75916108232205,0.2
87,10,8,10.65421981924324,10.502825659589702,4.567921312805634,80.78903622791667,80.75916108232205,0.2
87,10,9,16.92366283396764,20.637810888078253,8.59873897083679,80.78903622791667,80.75916108232205,0.2
87,11,0,13.872221039318873,14.564114618956108,6.3047202694135285,76.3656922296722,72.45061502730579,0.2
87,11,1,21.508532851497332,21.62099012904336,9.604787037898175,76.3656922296722,72.45061502730579,0.2
87,11,2,11.160491162728912,12.235875289932377,5.375238004692754,76.3656922296722,72.45061502730579,0.2
87,11,3,11.320365536003363,8.503132248839762,4.003289341194873,76.3656922296722,72.45061502730579,0.2
87,11,4,31.154737582046028,30.67935407247535,14.031699422594757,76.3656922296722,72.45061502730579,0.2
87,11,5,8.425304780453576,9.969740882323041,4.358276748625928,76.3656922296722,72.45061502730579,0.2
87,11,6,13.997627112402439,14.69301103596389,6.317780034614843,76.3656922296722,72.45061502730579,0.2
87,11,7,10.279327368079588,7.498595920671063,3.580519378033004,76.3656922296722,72.45061502730579,0.2
87,11,8,9.240788822640656,10.618532409915755,4.603089852471806,76.3656922296722,72.45061502730579,0.2
87,11,9,17.395030590338504,17.77433498966699,7.745074116944366,76.3656922296722,72.45061502730579,0.2
87,12,0,12.75428900934562,5.775388434721831,3.2996950088861587,65.20562447871768,62.364775618879875,0.2
87,12,1,19.430240283438504,18.306889705105302,8.54879751256867,65.20562447871768,62.364775618879875,0.2
87,12,2,10.87396999014628,10.95554446572404,4.975044222245233,65.20562447871768,62.364775618879875,0.2
87,12,3,8.098552681764232,9.043815443567432,4.1798231834903605,65.20562447871768,62.364775618879875,0.2
87,12,4,28.385771625152383,26.098609226605014,12.529971412036272,65.20562447871768,62.364775618879875,0.2
87,12,5,8.816683192806742,9.335447082748223,4.162274129598003,65.20562447871768,62.364775618879875,0.2
87,12,6,12.780708582721438,6.942480211121122,3.738067962070544,65.20562447871768,62.364775618879875,0.2
87,12,7,7.2432997816798235,8.53691530480481,3.920764376356444,65.20562447871768,62.364775618879875,0.2
87,12,8,9.31193388535106,9.785399980869885,4.34719690767337,65.20562447871768,62.364775618879875,0.2
87,12,9,15.668088268014412,15.07905103221385,6.902907171321076,65.20562447871768,62.364775618879875,0.2
87,13,0,6.675199213865225,8.470889779159641,4.314368955338936,59.01845065545341,60.70125171187824,0.2
87,13,1,17.294000288424883,17.296815657904276,8.215824332947841,59.01845065545341,60.70125171187824,0.2
87,13,2,10.064388130370341,10.522422128640878,4.836533203821565,59.01845065545341,60.70125171187824,0.2
87,13,3,8.455676162006496,9.115127395416021,4.202866997205798,59.01845065545341,60.70125171187824,0.2
87,13,4,25.347813993151966,24.8164550181099,12.095831971581884,59.01845065545341,60.70125171187824,0.2
87,13,5,8.420174871605147,5.9922472184200535,3.0517496283146293,59.01845065545341,60.70125171187824,0.2
87,13,6,7.562016566558667,9.055918324234376,4.50235448631472,59.01845065545341,60.70125171187824,0.2
87,13,7,7.931606773451426,8.681748560076459,3.9672092254613878,59.01845065545341,60.70125171187824,0.2
87,13,8,8.794268955909969,6.761625975785659,3.356140280194051,59.01845065545341,60.70125171187824,0.2
87,13,9,13.964405922152546,14.196617667940085,6.617586791869445,59.01845065545341,60.70125171187824,0.2
87,14,0,8.727858841937167,11.908823665143094,5.47614786056945,63.25171821822305,67.3676347153441,0.2
87,14,1,16.620404001235467,20.03427977054756,9.10576523056347,63.25171821822305,67.3676347153441,0.2
87,14,2,9.78418385730771,6.698060992960756,3.5254741765469095,63.25171821822305,67.3676347153441,0.2
87,14,3,8.50229321200157,11.308853459131527,4.887702121724756,63.25171821822305,67.3676347153441,0.2
87,14,4,24.469560929209774,28.4828822472503,13.320688693490126,63.25171821822305,67.3676347153441,0.2
87,14,5,6.173612005042773,9.192254783006634,4.117480318156773,63.25171821822305,67.3676347153441,0.2
87,14,6,9.10814879758709,12.165415448863692,5.535741463001905,63.25171821822305,67.3676347153441,0.2
87,14,7,8.025563523817292,7.834204383877784,3.69195578182353,63.25171821822305,67.3676347153441,0.2
87,14,8,6.789386564407067,9.69936996619587,4.32040810484118,63.25171821822305,67.3676347153441,0.2
87,14,9,13.387210039658497,16.49000365563174,7.348940848796512,63.25171821822305,67.3676347153441,0.2
87,15,0,11.078108066182207,16.535867666506295,6.890739822081056,74.04112216382259,77.75503977523137,0.2
87,15,1,18.42073183885451,24.981787833505347,10.627015056845291,74.04112216382259,77.75503977523137,0.2
87,15,2,7.131944736835523,13.056076675686171,5.624993872625483,74.04112216382259,77.75503977523137,0.2
87,15,3,9.887697278894214,10.43123052702129,4.618985585717651,74.04112216382259,77.75503977523137,0.2
87,15,4,26.9474149748597,34.92953477872869,15.36571896361925,74.04112216382259,77.75503977523137,0.2
87,15,5,8.329558128508197,13.219474469322607,5.309896157395653,74.04112216382259,77.75503977523137,0.2
87,15,6,11.19866441064351,16.48803274188721,6.848652434150866,74.04112216382259,77.75503977523137,0.2
87,15,7,7.468732796844939,12.557058532620536,5.13666928855756,74.04112216382259,77.75503977523137,0.2
87,15,8,8.740075888028164,13.556233094331898,5.461370297166889,74.04112216382259,77.75503977523137,0.2
87,15,9,14.866720725558112,8.58816083606476,4.654792692398299,74.04112216382259,77.75503977523137,0.2
87,16,0,13.93979168360532,18.23071111161152,7.3778443226472525,82.81135546290798,83.67785286210841,0.2
87,16,1,21.49818160834603,26.709909783027996,11.136418157527768,82.81135546290798,83.67785286210841,0.2
87,16,2,11.379219768926758,15.711434264596003,6.403305939991215,82.81135546290798,83.67785286210841,0.2
87,16,3,9.344090550067264,13.64478117120548,5.574274215833128,82.81135546290798,83.67785286210841,0.2
87,16,4,31.08445928190447,37.4140841040756,16.122875764064293,82.81135546290798,83.67785286210841,0.2
87,16,5,10.741785092288906,11.78832540107463,4.900637460392135,82.81135546290798,83.67785286210841,0.2
87,16,6,13.85464996654703,18.028156375325786,7.290425213017943,82.81135546290798,83.67785286210841,0.2
87,16,7,10.391351535377021,14.230831629551393,5.6068799687281174,82.81135546290798,83.67785286210841,0.2
87,16,8,11.048213430665298,10.545862971809665,4.581015817900716,82.81135546290798,83.67785286210841,0.2
87,16,9,9.416527417632832,14.974113350193871,6.869245008751184,82.81135546290798,83.67785286210841,0.2
87,17,0,14.925191719212632,8.753387088558567,4.41458877342037,81.26873972506716,77.40147294092495,0.2
87,17,1,22.528691145760515,24.189546914711656,10.389968924962595,81.26873972506716,77.40147294092495,0.2
87,17,2,12.953725317539659,14.847045493550027,6.154619334691287,81.26873972506716,77.40147294092495,0.2
87,17,3,11.276615191159395,13.257562362324695,5.463064168767018,81.26873972506716,77.40147294092495,0.2
87,17,4,32.616168262732224,34.09263145337721,15.10707173352169,81.26873972506716,77.40147294092495,0.2
87,17,5,9.913865140551437,12.138991840397637,5.002233130251299,81.26873972506716,77.40147294092495,0.2
87,17,6,14.748345080264828,16.596779471135378,6.880240416222202,81.26873972506716,77.40147294092495,0.2
87,17,7,11.342575801308511,10.187733245070465,4.437254699616765,81.26873972506716,77.40147294092495,0.2
87,17,8,9.267278673939412,11.877989556992675,4.978796343683878,81.26873972506716,77.40147294092495,0.2
87,17,9,13.8963082220565,16.70230400833279,7.415043351176705,81.26873972506716,77.40147294092495,0.2
87,18,0,8.930600989035398,9.965265007070064,4.834027952391527,69.96011474560608,66.43787264316346,0.2
87,18,1,21.018643302856606,19.277289249800976,8.863535932766988,69.96011474560608,66.43787264316346,0.2
87,18,2,12.450638629913566,11.743696669819302,5.222958162423557,69.96011474560608,66.43787264316346,0.2
87,18,3,11.051640089899902,8.105317492214693,3.871245811741043,69.96011474560608,66.43787264316346,0.2
87,18,4,30.56122250324278,27.60757260574737,13.03279850616367,69.96011474560608,66.43787264316346,0.2
87,18,5,10.119390600859033,7.22751163071663,3.4795914423091534,69.96011474560608,66.43787264316346,0.2
87,18,6,13.918551652164133,13.245992030333849,5.875516906743706,69.96011474560608,66.43787264316346,0.2
87,18,7,8.976453582175145,9.197836486327704,4.130855866718267,69.96011474560608,66.43787264316346,0.2
87,18,8,10.071978576763149,10.020182743952972,4.419948957170102,69.96011474560608,66.43787264316346,0.2
87,18,9,15.00044440933328,14.41069142434572,6.687281398667794,69.96011474560608,66.43787264316346,0.2
87,19,0,9.779115797280557,10.492982237125998,5.011828680035399,61.448473137397805,61.27253630002106,0.2
87,19,1,17.930708120337563,17.38826229384403,8.24620567827396,61.448473137397805,61.27253630002106,0.2
87,19,2,10.565911736075703,5.970333142986946,3.252761081283941,61.448473137397805,61.27253630002106,0.2
87,19,3,7.831431974658722,8.601530735603582,4.035661656572569,61.448473137397805,61.27253630002106,0.2
87,19,4,26.36502043628998,24.997862261788452,12.157658335768977,61.448473137397805,61.27253630002106,0.2
87,19,5,7.039125130572202,8.039656564100941,3.7488869358691317,61.448473137397805,61.27253630002106,0.2
87,19,6,11.88602150541985,12.011598259379118,5.48665302717631,61.448473137397805,61.27253630002106,0.2
87,19,7,8.356616523602975,8.872994832396454,4.028183281427243,61.448473137397805,61.27253630002106,0.2
87,19,8,8.941444504650034,6.936354785417586,3.416616340211324,61.448473137397805,61.27253630002106,0.2
87,19,9,13.528200459457334,13.590537588041187,6.418534363533327,61.448473137397805,61.27253630002106,0.2
87,20,0,10.138802154412597,10.428549486228853,4.990265992107667,62.19087197698297,61.27253630002106,0.2
87,20,1,16.68186469135711,17.13563008052458,8.162155974714212,62.19087197698297,61.27253630002106,0.2
87,20,2,6.580253070118538,6.783533001668956,3.556905515359844,62.19087197698297,61.27253630002106,0.2
87,20,3,8.164041053743539,8.425049023171628,3.97752055146556,62.19087197698297,61.27253630002106,0.2
87,20,4,24.59463409400422,25.225556813776166,12.235069981543717,62.19087197698297,61.27253630002106,0.2
87,20,5,7.583903075827153,7.813713812543248,3.6748223158308684,62.19087197698297,61.27253630002106,0.2
87,20,6,11.09935975147033,11.403375098556362,5.290665748927582,62.19087197698297,61.27253630002106,0.2
87,20,7,8.148912490722825,8.396428260496005,3.8754868696092726,62.19087197698297,61.27253630002106,0.2
87,20,8,6.911728098154223,7.111251968088187,3.476694667253591,62.19087197698297,61.27253630002106,0.2
87,20,9,12.984532031670195,13.343444457074755,6.33662187076208,62.19087197698297,61.27253630002106,0.2
88,0,0,2.0,2.0,1.4937853923483584,18.211844360926605,18.211844360926605,0.0
88,0,1,2.0,2.0,1.4613708723496583,18.211844360926605,18.211844360926605,0.0
88,0,2,2.0,2.0,1.9002586440026996,18.211844360926605,18.211844360926605,0.0
88,0,3,2.0,2.0,1.3827288347496334,18.211844360926605,18.211844360926605,0.0
88,0,4,2.0,2.0,1.4912070456143514,18.211844360926605,18.211844360926605,0.0
88,0,5,2.0,2.0,1.4541903049418297,18.211844360926605,18.211844360926605,0.0
88,0,6,2.0,2.0,1.333535605042299,18.211844360926605,18.211844360926605,0.0
88,0,7,2.0,2.0,1.7630224314650926,18.211844360926605,18.211844360926605,0.0
88,0,8,2.0,2.0,1.569526910805131,18.211844360926605,18.211844360926605,0.0
88,0,9,2.0,2.0,1.4863644227589112,18.211844360926605,18.211844360926605,0.0
88,1,0,3.0218899170481293,3.624430699659363,2.2648271962309336,18.211844360926605,27.682737535502113,0.0
88,1,1,2.956316166192234,3.5392050168412506,2.1790814041167637,18.211844360926605,27.682737535502113,0.0
88,1,2,3.844174983574988,4.6931480652389785,3.452364951957014,18.211844360926605,27.682737535502113,0.0
88,1,3,2.797225321083598,2.69770866654869,1.7049535658030155,18.211844360926605,27.682737535502113,0.0
88,1,4,3.0166739870771573,3.617651596931438,2.257957001875136,18.211844360926605,27.682737535502113,0.0
88,1,5,2.9417900606622487,3.5203255529350104,2.160270959966676,18.211844360926605,27.682737535502113,0.0
88,1,6,2.6977086665486887,2.966453649096662,1.7573162118503631,18.211844360926605,27.682737535502113,0.0
88,1,7,3.5665496104487286,4.332320574307206,3.028595346150878,18.211844360926605,27.682737535502113,0.0
88,1,8,3.1751130855828094,3.823573634011554,2.470451829849462,18.211844360926605,27.682737535502113,0.0
88,1,9,3.006877484009259,3.6049191597550707,2.2450766641004556,18.211844360926605,27.682737535502113,0.0
88,2,0,4.581687907248309,6.592392967910683,3.4426856748790975,30.01215957711986,41.017555442368014,0.2
88,2,1,4.4082263471431,4.109093701744693,2.4191437809019622,30.01215957711986,41.017555442368014,0.2
88,2,2,6.98404663195173,9.425436393325157,5.624743812996589,30.01215957711986,41.017555442368014,0.2
88,2,3,3.4490777697562804,5.289072737500029,2.731377328649405,30.01215957711986,41.017555442368014,0.2
88,2,4,4.567789678521283,6.541673785200821,3.418213368049737,30.01215957711986,41.017555442368014,0.2
88,2,5,4.370173296280831,4.688432708312973,2.64009545150389,30.01215957711986,41.017555442368014,0.2
88,2,6,3.5550060730660897,5.580543350697722,2.734998919381149,30.01215957711986,41.017555442368014,0.2
88,2,7,6.126771480181882,8.407651175207038,4.817360202632593,30.01215957711986,41.017555442368014,0.2
88,2,8,4.997661319635005,6.991222092710868,3.769076380904346,30.01215957711986,41.017555442368014,0.2
88,2,9,4.541733082273351,6.475230053890536,3.3828516011481597,30.01215957711986,41.017555442368014,0.2
88,3,0,6.964465700208861,9.864667987261738,4.564833507894433,44.747271204210506,54.217355006417655,0.2
88,3,1,4.893866439478816,7.598451789500144,3.720035021765419,44.747271204210506,54.217355006417655,0.2
88,3,2,11.378713904647265,14.9663998534943,7.774524930955623,44.747271204210506,54.217355006417655,0.2
88,3,3,5.5255069780295685,5.7879962016807776,2.9092817910378663,44.747271204210506,54.217355006417655,0.2
88,3,4,6.914958844918027,9.75544383763209,4.521576396831081,44.747271204210506,54.217355006417655,0.2
88,3,5,5.340846058483683,8.003695459272494,3.83887204467974,44.747271204210506,54.217355006417655,0.2
88,3,6,5.532833364116881,6.518307942727488,3.0491446703093072,44.747271204210506,54.217355006417655,0.2
88,3,7,9.745397362762182,13.072505615142957,6.561271773245024,44.747271204210506,54.217355006417655,0.2
88,3,8,7.624745810463081,10.491634274107538,5.0076961524485135,44.747271204210506,54.217355006417655,0.2
88,3,9,6.843422888417012,9.618946356650163,4.462657496723874,44.747271204210506,54.217355006417655,0.2
88,4,0,9.234542271713888,7.121082134263206,3.633702834498775,54.98247036396669,58.88850682858183,0.2
88,4,1,7.525536386231613,9.990698091973083,4.505640475862944,54.98247036396669,58.88850682858183,0.2
88,4,2,15.727666516915056,18.631868861483287,9.06298399304765,54.98247036396669,58.88850682858183,0.2
88,4,3,5.885403187915778,8.457927333884877,3.7940302328372306,54.98247036396669,58.88850682858183,0.2
88,4,4,9.147034234459973,6.074279328244126,3.245363007141182,54.98247036396669,58.88850682858183,0.2
88,4,5,7.765940665960342,10.147030552939052,4.532497002494578,54.98247036396669,58.88850682858183,0.2
88,4,6,6.16834224114567,8.507784537599557,3.674135397393064,54.98247036396669,58.88850682858183,0.2
88,4,7,13.27328618698781,15.978677562144323,7.551190456415759,54.98247036396669,58.88850682858183,0.2
88,4,8,10.130442156041546,12.538342825782404,5.673040285873839,54.98247036396669,58.88850682858183,0.2
88,4,9,9.027842795669939,11.307886725736703,4.997713076228001,54.98247036396669,58.88850682858183,0.2
88,5,0,7.3508885636232755,8.025364254635507,3.950868168385575,54.431809937298965,54.55307132930637,0.2
88,5,1,9.114796271002058,9.233624684477334,4.263831193285659,54.431809937298965,54.55307132930637,0.2
88,5,2,18.3341864817034,17.7327714611535,8.754580724857773,54.431809937298965,54.55307132930637,0.2
88,5,3,7.675226819270477,7.824514548174012,3.592826159657794,54.431809937298965,54.55307132930637,0.2
88,5,4,6.565286953986935,7.583405180863162,3.7907219728168386,54.431809937298965,54.55307132930637,0.2
88,5,5,9.16912634241043,9.235644186408292,4.24353005992319,54.431809937298965,54.55307132930637,0.2
88,5,6,7.432682611654889,6.309149112124477,2.98032189247012,54.431809937298965,54.55307132930637,0.2
88,5,7,15.275866546050253,14.83005432973399,7.166989372389722,54.431809937298965,54.55307132930637,0.2
88,5,8,11.476416442886249,11.332850216992783,5.2854890041842335,54.431809937298965,54.55307132930637,0.2
88,5,9,10.110246646347573,5.4936322714961845,3.0151298103877764,54.431809937298965,54.55307132930637,0.2
88,6,0,7.992505980301168,7.773099591052348,3.8635200789557804,49.32184489379622,49.48930672946238,0.2
88,6,1,8.625622232608107,8.28476450592692,3.9521695483634485,49.32184489379622,49.48930672946238,0.2
88,6,2,17.710294501435364,16.31848530040031,8.259763472773756,49.32184489379622,49.48930672946238,0.2
88,6,3,7.268196088400831,5.027155856308694,2.6359773087698173,49.32184489379622,49.48930672946238,0.2
88,6,4,7.668534293255827,7.615685989681465,3.8020101349277167,49.32184489379622,49.48930672946238,0.2
88,6,5,8.584553555322241,4.292366967074782,2.481921485793052,49.32184489379622,49.48930672946238,0.2
88,6,6,6.029115509192876,5.643052568114423,2.7564078999586834,49.32184489379622,49.48930672946238,0.2
88,6,7,14.498637509078597,13.407902315674352,6.678661419306199,49.32184489379622,49.48930672946238,0.2
88,6,8,10.69241004111272,10.080168560703976,4.869397467910551,49.32184489379622,49.48930672946238,0.2
88,6,9,6.0995310432632985,6.70061575355908,3.4648513289357115,49.32184489379622,49.48930672946238,0.2
88,7,0,7.815803013413566,8.742493917509075,4.194806655563641,48.106498799929156,51.9552967810808,0.2
88,7,1,7.995138638950479,5.308005064931795,2.8939523759047585,48.106498799929156,51.9552967810808,0.2
88,7,2,16.7092917653573,17.38859534959616,8.635288875743623,48.106498799929156,51.9552967810808,0.2
88,7,3,5.332515160304598,6.559485901749912,3.175593355869468,48.106498799929156,51.9552967810808,0.2
88,7,4,7.691369958565982,8.655140092625642,4.158233005378086,48.106498799929156,51.9552967810808,0.2
88,7,5,5.020864142360065,6.621701819891368,3.3618550319344154,48.106498799929156,51.9552967810808,0.2
88,7,6,5.576143188187274,4.736604802581752,2.4384318620465706,48.106498799929156,51.9552967810808,0.2
88,7,7,13.510762460095846,14.250791740997018,6.969861310879504,48.106498799929156,51.9552967810808,0.2
88,7,8,9.850667429037907,10.666153750521573,5.065860860385739,48.106498799929156,51.9552967810808,0.2
88,7,9,7.009306255513232,8.131814405877268,3.967669831591248,48.106498799929156,51.9552967810808,0.2
88,8,0,8.485987345535635,12.040575088018839,5.248319583927229,55.36869015284355,60.94777236618834,0.2
88,8,1,5.854392170361135,9.54434362910209,4.363768437865808,55.36869015284355,60.94777236618834,0.2
88,8,2,17.46897011985378,21.841429386223147,10.129510514557662,55.36869015284355,60.94777236618834,0.2
88,8,3,6.424144721124084,9.749967021988386,4.191005446860671,55.36869015284355,60.94777236618834,0.2
88,8,4,8.411999779924468,5.906431997609383,3.182325477212082,55.36869015284355,60.94777236618834,0.2
88,8,5,6.8009473620632095,10.260828678123026,4.568019544506459,55.36869015284355,60.94777236618834,0.2
88,8,6,4.932885737852371,8.715466866154328,3.7366900712964495,55.36869015284355,60.94777236618834,0.2
88,8,7,14.099852446313669,18.141451125692367,8.252912815512543,55.36869015284355,60.94777236618834,0.2
88,8,8,10.2481078832229,6.980538888649237,3.7650438193580906,55.36869015284355,60.94777236618834,0.2
88,8,9,8.026495318321833,11.501441792156923,5.057441928527675,55.36869015284355,60.94777236618834,0.2
88,9,0,10.617217247775395,7.811512042130737,3.8768748868852057,66.97769048656966,71.32569674291054,0.2
88,9,1,8.827792740688626,13.147385601083212,5.460432341940258,66.97769048656966,71.32569674291054,0.2
88,9,2,20.491742552424377,26.547519496499675,11.612038943963805,66.97769048656966,71.32569674291054,0.2
88,9,3,8.478297596853565,9.135714528868029,4.0043846395292615,66.97769048656966,71.32569674291054,0.2
88,9,4,6.437763631651525,11.403758128760522,5.043715114264002,66.97769048656966,71.32569674291054,0.2
88,9,5,9.24098754287703,13.51933247330729,5.54075467922064,66.97769048656966,71.32569674291054,0.2
88,9,6,7.5592291285114355,12.296918641998204,4.754896067280101,66.97769048656966,71.32569674291054,0.2
88,9,7,16.695433059676514,22.21709502263414,9.510819330114378,66.97769048656966,71.32569674291054,0.2
88,9,8,7.616588040853788,12.574034474452436,5.6843396791936325,66.97769048656966,71.32569674291054,0.2
88,9,9,10.23107659785586,14.725211948115398,6.012393447599527,66.97769048656966,71.32569674291054,0.2
88,10,0,7.842819450736333,12.278357322676104,5.320658667280669,74.26516055296067,74.4410593470102,0.2
88,10,1,11.04631597105931,14.44160250771427,5.831364934164377,74.26516055296067,74.4410593470102,0.2
88,10,2,23.49085991928831,27.930985346902304,12.032395530541416,74.26516055296067,74.4410593470102,0.2
88,10,3,8.100768442481804,11.716402547112944,4.766197359661125,74.26516055296067,74.4410593470102,0.2
88,10,4,10.203307601165262,14.01036857196405,5.8254790172250495,74.26516055296067,74.4410593470102,0.2
88,10,5,11.208806019753478,14.545922130006709,5.832021666078289,74.26516055296067,74.4410593470102,0.2
88,10,6,9.61903400309505,9.793930593958082,4.054651517875045,74.26516055296067,74.4410593470102,0.2
88,10,7,19.240145996712634,23.34439427006177,9.84610964481357,74.26516055296067,74.4410593470102,0.2
88,10,8,11.499274828646849,15.42140262799491,6.557442373121945,74.26516055296067,74.4410593470102,0.2
88,10,9,12.162919271866995,8.561478581450666,4.113281637768372,74.26516055296067,74.4410593470102,0.2
88,11,0,10.763557376494022,12.003305096528736,5.236942466390135,70.391308566836,66.3578952708335,0.2
88,11,1,11.796703186042318,6.861981981807785,3.463810714194861,70.391308566836,66.3578952708335,0.2
88,11,2,24.34123061982561,24.61815780283207,11.014647565210266,70.391308566836,66.3578952708335,0.2
88,11,3,9.641896230608292,10.626641505173644,4.4513653751153885,70.391308566836,66.3578952708335,0.2
88,11,4,11.784796125535072,12.711263587109743,5.441881207328379,70.391308566836,66.3578952708335,0.2
88,11,5,11.798031738027777,7.971019604165627,3.8278945197965757,70.391308566836,66.3578952708335,0.2
88,11,6,8.20245706094915,9.087551208959853,3.847657697499776,70.391308566836,66.3578952708335,0.2
88,11,7,19.918429789326595,20.35058624965712,8.94418324530068,70.391308566836,66.3578952708335,0.2
88,11,8,13.26553940777873,14.342311780801639,6.232771147108808,70.391308566836,66.3578952708335,0.2
88,11,9,8.321064304699497,10.574359229466127,4.768503949683396,70.391308566836,66.3578952708335,0.2
88,12,0,10.59420162789685,9.594667004463144,4.477010838880565,59.722170731018416,56.6225505199799,0.2
88,12,1,7.007201118316808,7.429360906757453,3.661891474763211,59.722170731018416,56.6225505199799,0.2
88,12,2,22.28235232962124,19.900547883722062,9.490678089983877,59.722170731018416,56.6225505199799,0.2
88,12,3,9.004999120396667,6.027486925120497,2.99303238797863,59.722170731018416,56.6225505199799,0.2
88,12,4,11.008787496808191,9.937796410533922,4.580575193076778,59.722170731018416,56.6225505199799,0.2
88,12,5,7.743733411873842,7.836245421224155,3.782473275644701,59.722170731018416,56.6225505199799,0.2
88,12,6,7.783713818521309,5.445513945475338,2.6885048914114873,59.722170731018416,56.6225505199799,0.2
88,12,7,18.093855585717087,16.167360140667522,7.6134976829468926,59.722170731018416,56.6225505199799,0.2
88,12,8,12.608737761926278,11.54691006880111,5.355176853015105,59.722170731018416,56.6225505199799,0.2
88,12,9,9.646562403652139,9.088829923936814,4.289037943907912,59.722170731018416,56.6225505199799,0.2
88,13,0,9.056879242378697,4.562121473740305,2.6606270529712885,53.58433780426663,54.04126758320233,0.2
88,13,1,7.4079134670844615,8.622074352347765,4.064130871317713,53.58433780426663,54.04126758320233,0.2
88,13,2,19.19940077937487,19.330386020281637,9.299510487855501,53.58433780426663,54.04126758320233,0.2
88,13,3,6.054828518849149,7.3348007262429675,3.433901599683127,53.58433780426663,54.04126758320233,0.2
88,13,4,9.266387301109368,5.465830055260555,3.0142289526834816,53.58433780426663,54.04126758320233,0.2
88,13,5,7.651847388335648,8.747734622720875,4.085330229157848,53.58433780426663,54.04126758320233,0.2
88,13,6,5.438777126156489,6.499726961566766,3.0430577764540283,53.58433780426663,54.04126758320233,0.2
88,13,7,15.401912483156162,15.73181762261051,7.469337324436127,53.58433780426663,54.04126758320233,0.2
88,13,8,10.833386789714954,11.4999744177008,5.3399302144676035,53.58433780426663,54.04126758320233,0.2
88,13,9,8.676614849042243,9.537573787957015,4.436197188904446,53.58433780426663,54.04126758320233,0.2
88,14,0,5.382380966893548,9.340659418323124,4.393710996713768,56.31190350988131,60.79407175398409,0.2
88,14,1,8.221633552254572,11.196833006967415,4.879845708268104,56.31190350988131,60.79407175398409,0.2
88,14,2,18.812673574585546,22.524765248253246,10.350323197801252,56.31190350988131,60.79407175398409,0.2
88,14,3,6.946695739141316,9.886403235942323,4.231972593816998,56.31190350988131,60.79407175398409,0.2
88,14,4,6.097708631002978,9.769788737833323,4.526229499877377,56.31190350988131,60.79407175398409,0.2
88,14,5,8.264519314850153,11.206544218082351,4.858815903037701,56.31190350988131,60.79407175398409,0.2
88,14,6,6.156028609440855,9.287182644583856,3.9066311566376584,56.31190350988131,60.79407175398409,0.2
88,14,7,15.110279738550949,18.573761114823576,8.390092326831423,56.31190350988131,60.79407175398409,0.2
88,14,8,10.802543227091048,6.948859420113003,3.75307494979165,56.31190350988131,60.79407175398409,0.2
88,14,9,8.97431426485748,5.885215443872269,3.1640108260847275,56.31190350988131,60.79407175398409,0.2
88,15,0,8.888365776907051,13.493885939686095,5.684118660780382,66.81637722019792,71.3413379644738,0.2
88,15,1,9.871803953969208,14.031616555205842,5.7149817198390425,66.81637722019792,71.3413379644738,0.2
88,15,2,20.93844100353263,26.90046938267278,11.719892290498803,66.81637722019792,71.3413379644738,0.2
88,15,3,8.561173094868,8.91932092700143,3.937751231145788,66.81637722019792,71.3413379644738,0.2
88,15,4,9.156447343766443,13.660054242883064,5.723130471341637,66.81637722019792,71.3413379644738,0.2
88,15,5,9.829261191997666,7.726426155873384,3.745288772685685,66.81637722019792,71.3413379644738,0.2
88,15,6,7.903015628844981,12.523250291942999,4.815989830076915,66.81637722019792,71.3413379644738,0.2
88,15,7,16.972943727677105,22.389556485875858,9.56243914957526,66.81637722019792,71.3413379644738,0.2
88,15,8,7.592375321646225,12.38099630989732,5.623111373202227,66.81637722019792,71.3413379644738,0.2
88,15,9,6.400713557484579,11.104089719558328,4.93449119271679,66.81637722019792,71.3413379644738,0.2
88,16,0,11.498827714009161,15.837646225161418,6.358441171954741,75.98057842235745,76.6346472304043,0.2
88,16,1,11.561262898779582,8.574938067767578,4.048565261264462,75.98057842235745,76.6346472304043,0.2
88,16,2,23.709044500610023,29.15694596825051,12.399698980841817,75.98057842235745,76.6346472304043,0.2
88,16,3,7.965970749343289,12.139525046393006,4.886042152662966,75.98057842235745,76.6346472304043,0.2
88,16,4,11.577747616148192,15.829964922000617,6.345311057002955,75.98057842235745,76.6346472304043,0.2
88,16,5,7.576624083075149,12.166920750342557,5.14667475033482,75.98057842235745,76.6346472304043,0.2
88,16,6,9.742625133879898,9.817148240930438,4.061377542527725,75.98057842235745,76.6346472304043,0.2
88,16,7,19.34457158070061,24.340207143230025,10.138269460514714,75.98057842235745,76.6346472304043,0.2
88,16,8,11.375411520395794,15.901816619277467,6.699779166975922,75.98057842235745,76.6346472304043,0.2
88,16,9,9.98235038139684,14.338644988598684,5.901467002582111,75.98057842235745,76.6346472304043,0.2
88,17,0,12.862965031052333,7.5054893503999,3.7699233511565278,74.42831031949524,70.22220413764994,0.2
88,17,1,8.190144718374173,11.372428814506357,4.9332907146982805,74.42831031949524,70.22220413764994,0.2
88,17,2,25.08427617285169,26.748257036095634,11.673432094023184,74.42831031949524,70.22220413764994,0.2
88,17,3,9.884339203633782,11.733476511452182,4.771058243737961,74.42831031949524,70.22220413764994,0.2
88,17,4,12.836403141917701,8.801964342103302,4.207485940012831,74.42831031949524,70.22220413764994,0.2
88,17,5,10.411592330483856,12.652587379286189,5.289636024196472,74.42831031949524,70.22220413764994,0.2
88,17,6,8.216063638027668,10.137651427178607,4.153744381270646,74.42831031949524,70.22220413764994,0.2
88,17,7,20.509461677679695,22.181035008371634,9.500010955497071,74.42831031949524,70.22220413764994,0.2
88,17,8,13.553483127389011,15.633745029408487,6.620516721568766,74.42831031949524,70.22220413764994,0.2
88,17,9,11.938517890350505,13.87636605722134,5.767629151416892,74.42831031949524,70.22220413764994,0.2
88,18,0,7.626459209776142,8.059726309044507,3.9627020289227715,63.47105904443086,59.47689115314512,0.2
88,18,1,9.979921844849118,9.599652269193891,4.381454450331757,63.47105904443086,59.47689115314512,0.2
88,18,2,23.615056702902997,21.289976740359794,9.949799989505872,63.47105904443086,59.47689115314512,0.2
88,18,3,9.651729675663368,6.6024112809153195,3.1901259101368526,63.47105904443086,59.47689115314512,0.2
88,18,4,8.511637216011444,8.62927600238857,4.1495308898442875,63.47105904443086,59.47689115314512,0.2
88,18,5,10.700799357292254,10.039332401904744,4.49876835595258,63.47105904443086,59.47689115314512,0.2
88,18,6,8.402919407334688,5.976129339086748,2.8693109154990477,63.47105904443086,59.47689115314512,0.2
88,18,7,19.218280929318734,17.340292142376587,7.996065224729089,63.47105904443086,59.47689115314512,0.2
88,18,8,13.393137213040557,12.3942395725569,5.627321008472942,63.47105904443086,59.47689115314512,0.2
88,18,9,11.667767315986042,10.724229774335004,4.815712838404884,63.47105904443086,59.47689115314512,0.2
88,19,0,8.016445579670853,8.707311016414096,4.18298253527582,55.01025247978121,54.10580535331649,0.2
88,19,1,8.863571094806563,9.287211443660986,4.281137565531082,55.01025247978121,54.10580535331649,0.2
88,19,2,20.128192723631578,19.402854202278174,9.32390100872002,55.01025247978121,54.10580535331649,0.2
88,19,3,6.453543709382046,7.307216826254056,3.4248568083072684,55.01025247978121,54.10580535331649,0.2
88,19,4,8.394395621172299,8.982975032223562,4.267869042093771,55.01025247978121,54.10580535331649,0.2
88,19,5,9.100894146927041,5.405398093030443,2.916618504036243,55.01025247978121,54.10580535331649,0.2
88,19,6,5.804543121680659,6.373184881807772,3.001464291013544,55.01025247978121,54.10580535331649,0.2
88,19,7,16.175836905649046,15.761741421886136,7.479279790456254,55.01025247978121,54.10580535331649,0.2
88,19,8,11.383927505653238,11.493384506353042,5.337788045828273,55.01025247978121,54.10580535331649,0.2
88,19,9,9.742064786761023,4.495060830295302,2.620108077101799,55.01025247978121,54.10580535331649,0.2
88,20,0,8.462067450443103,8.744062002011226,4.195333318102537,54.91672806660868,54.10580535331649,0.2
88,20,1,8.660632584200117,8.921444656595622,4.162402559061988,54.91672806660868,54.10580535331649,0.2
88,20,2,18.862014978946295,19.349255395517588,9.305863966205676,54.91672806660868,54.10580535331649,0.2
88,20,3,6.928398355862222,7.164544433083664,3.377909647339737,54.91672806660868,54.10580535331649,0.2
88,20,4,8.633790698213877,8.91288804821123,4.244532527170818,54.91672806660868,54.10580535331649,0.2
88,20,5,5.900245172010438,6.079425958633639,3.166679053807323,54.91672806660868,54.10580535331649,0.2
88,20,6,6.071886044577577,6.345260692772434,2.9922525620311498,54.91672806660868,54.10580535331649,0.2
88,20,7,15.130393094840757,15.546722208151534,7.407710954480731,54.91672806660868,54.10580535331649,0.2
88,20,8,10.798209674329742,11.108624242765645,5.212066679699789,54.91672806660868,54.10580535331649,0.2
88,20,9,5.300412107607386,5.466510213165986,3.0047020918128653,54.91672806660868,54.10580535331649,0.2
89,0,0,2.0,2.0,1.274574959647919,17.611942978509433,17.611942978509433,0.0
89,0,1,2.0,2.0,1.364564116590029,17.611942978509433,17.611942978509433,0.0
89,0,2,2.0,2.0,1.3335410212609349,17.611942978509433,17.611942978509433,0.0
89,0,3,2.0,2.0,1.5108741753835555,17.611942978509433,17.611942978509433,0.0
89,0,4,2.0,2.0,1.8733047434710357,17.611942978509433,17.611942978509433,0.0
89,0,5,2.0,2.0,1.518743843548123,17.611942978509433,17.611942978509433,0.0
89,0,6,2.0,2.0,1.444772334225897,17.611942978509433,17.611942978509433,0.0
89,0,7,2.0,2.0,1.4673333377063853,17.611942978509433,17.611942978509433,0.0
89,0,8,2.0,2.0,1.400433046390343,17.611942978509433,17.611942978509433,0.0
89,0,9,2.0,2.0,1.3970228649471388,17.611942978509433,17.611942978509433,0.0
89,1,0,2.578432778102742,2.8387929737840123,1.6286883513848631,17.611942978509433,25.884666075589806,0.0
89,1,1,2.760478557503165,3.3041028038743137,1.9391456739848238,17.611942978509433,25.884666075589806,0.0
89,1,2,2.6977196234214547,2.578432778102743,1.593068506457082,17.611942978509433,25.884666075589806,0.0
89,1,3,3.0564600911930926,3.692074927440944,2.3205805900463905,17.611942978509433,25.884666075589806,0.0
89,1,4,3.78964792723947,4.653136376707349,3.383058305599684,17.611942978509433,25.884666075589806,0.0
89,1,5,3.0723802300556335,3.7129430201390727,2.3418891398932686,17.611942978509433,25.884666075589806,0.0
89,1,6,2.922737745054322,3.5167918888236747,2.1447717871053356,17.611942978509433,25.884666075589806,0.0
89,1,7,2.9683780822040897,3.5766171701631593,2.2041366084664094,17.611942978509433,25.884666075589806,0.0
89,1,8,2.8330404916699425,3.399216871761669,2.030049206733443,17.611942978509433,25.884666075589806,0.0
89,1,9,2.8261417812050325,3.3901740530574918,2.0213332231019274,17.611942978509433,25.884666075589806,0.0
89,2,0,3.2947951775899336,4.3067330446035275,2.1804591357155085,28.062785620994823,37.521654697680184,0.2
89,2,1,3.92284245777099,3.809246504735212,2.1422014259573103,28.062785620994823,37.521654697680184,0.2
89,2,2,3.2227371357952803,4.797858184731378,2.460472795198278,28.062785620994823,37.521654697680184,0.2
89,2,3,4.694475607191789,6.545094919187807,3.464563020511445,28.062785620994823,37.521654697680184,0.2
89,2,4,6.843841046273602,9.072438863206795,5.398763102331143,28.062785620994823,37.521654697680184,0.2
89,2,5,4.737582262444301,6.5142238100444985,3.47110224466718,28.062785620994823,37.521654697680184,0.2
89,2,6,4.338818863152629,6.254796626896995,3.209428132442354,28.062785620994823,37.521654697680184,0.2
89,2,7,4.458912389315964,6.203159036358319,3.2406850739219704,28.062785620994823,37.521654697680184,0.2
89,2,8,4.106737996209247,5.70636460964001,2.9173800965262737,28.062785620994823,37.521654697680184,0.2
89,2,9,4.089105782647549,5.813537713734655,2.948430283334802,28.062785620994823,37.521654697680184,0.2
89,3,0,4.411013463182641,6.943623897556471,3.0461740739927827,40.93348910436442,48.64674033439906,0.2
89,3,1,4.333619087819321,6.956584911026847,3.2655039464871356,40.93348910436442,48.64674033439906,0.2
89,3,2,4.977473985933153,7.510033778848715,3.3669347960737785,40.93348910436442,48.64674033439906,0.2
89,3,3,7.008723014891953,10.001647913263595,4.661840328885364,40.93348910436442,48.64674033439906,0.2
89,3,4,10.921560665296251,14.586614494475063,7.527583636842405,40.93348910436442,48.64674033439906,0.2
89,3,5,7.021951699308572,9.89374496912848,4.6506754326570166,40.93348910436442,48.64674033439906,0.2
89,3,6,6.492591614965,9.587935205292222,4.327987354050883,40.93348910436442,48.64674033439906,0.2
89,3,7,6.5558236138711665,9.36939407609946,4.325196489611864,40.93348910436442,48.64674033439906,0.2
89,3,8,5.901785854278662,5.946177427001934,3.0026717508453604,40.93348910436442,48.64674033439906,0.2
89,3,9,5.9645995937353335,5.138637779667481,2.70443234304325,40.93348910436442,48.64674033439906,0.2
89,4,0,6.162332800229653,6.351558754345561,2.861940555898786,49.333243173206725,52.702093065289844,0.2
89,4,1,6.606031562845194,8.287970605796371,3.6913624589897984,49.333243173206725,52.702093065289844,0.2
89,4,2,6.811223595926758,5.646853246734306,2.7577185060551592,49.333243173206725,52.702093065289844,0.2
89,4,3,9.430784607285624,11.183679462528698,5.040998856810928,49.333243173206725,52.702093065289844,0.2
89,4,4,15.228110549501015,17.399614907011777,8.516579040764078,49.333243173206725,52.702093065289844,0.2
89,4,5,9.408198305725739,11.159247068946303,5.059504175626359,49.333243173206725,52.702093065289844,0.2
89,4,6,8.755408516719617,10.445530756327493,4.595468339188404,49.333243173206725,52.702093065289844,0.2
89,4,7,8.749762668827868,10.441715102925892,4.666035895774245,49.333243173206725,52.702093065289844,0.2
89,4,8,6.07432870515633,7.974135226258471,3.687396768529471,49.333243173206725,52.702093065289844,0.2
89,4,9,5.470997956361978,7.530808799734993,3.5340415582679086,49.333243173206725,52.702093065289844,0.2
89,5,0,5.789633071364772,6.243207205159361,2.8276770650607905,48.713585511313646,48.002119233077174,0.2
89,5,1,7.467532519818537,4.665661916599772,2.4689496632976544,48.713585511313646,48.002119233077174,0.2
89,5,2,5.578794511040241,6.480394088369274,3.0367313620403644,48.713585511313646,48.002119233077174,0.2
89,5,3,10.197812681311584,10.102571576117398,4.6947195779638395,48.713585511313646,48.002119233077174,0.2
89,5,4,17.22882313808742,16.840363474538783,8.324026582830887,48.713585511313646,48.002119233077174,0.2
89,5,5,10.235248471369886,10.307146001671065,4.785864880982255,48.713585511313646,48.002119233077174,0.2
89,5,6,9.296515757511726,5.365639428543341,2.8827930018435186,48.713585511313646,48.002119233077174,0.2
89,5,7,9.439272132563858,9.491884668471869,4.364701066261462,48.713585511313646,48.002119233077174,0.2
89,5,8,7.459510028718019,7.986634773475726,3.691441843164172,48.713585511313646,48.002119233077174,0.2
89,5,9,7.149276332505693,7.5823103035159045,3.550942214279556,48.713585511313646,48.002119233077174,0.2
89,6,0,5.7203188994518746,4.746522459363708,2.3340344572483196,43.39907949628997,43.446130646756245,0.2
89,6,1,4.994622474845193,5.596007956212086,2.804063058659024,43.39907949628997,43.446130646756245,0.2
89,6,2,6.1432304337285695,6.115080656719794,2.9158616596407825,43.39907949628997,43.446130646756245,0.2
89,6,3,9.497298493269046,8.793902045117251,4.260243649328205,43.39907949628997,43.446130646756245,0.2
89,6,4,16.83929440517058,15.463552526564632,7.841586320983248,43.39907949628997,43.446130646756245,0.2
89,6,5,9.681683126823833,9.116874141514272,4.3919329884914635,43.39907949628997,43.446130646756245,0.2
89,6,6,5.831817040005084,6.00572521304418,3.1194227856262335,43.39907949628997,43.446130646756245,0.2
89,6,7,8.829679424250815,4.016177861527434,2.390434478934797,43.39907949628997,43.446130646756245,0.2
89,6,8,7.467693111987493,7.279165727292347,3.4593816584559582,43.39907949628997,43.446130646756245,0.2
89,6,9,7.183465930459122,6.853414913576631,3.3083956031291772,43.39907949628997,43.446130646756245,0.2
89,7,0,4.721692438907421,5.742448652327156,2.6669346223678336,42.232178422808346,45.61080881086653,0.2
89,7,1,5.672548364131251,6.756794553396067,3.1995687724539406,42.232178422808346,45.61080881086653,0.2
89,7,2,5.8987140950169605,4.400555555775762,2.316011110123128,42.232178422808346,45.61080881086653,0.2
89,7,3,8.618364722280635,9.42019798294336,4.47043024192482,42.232178422808346,45.61080881086653,0.2
89,7,4,15.863330006051958,16.550490957638456,8.223468870703421,42.232178422808346,45.61080881086653,0.2
89,7,5,8.884768911422269,9.706759243302457,4.588973122732965,42.232178422808346,45.61080881086653,0.2
89,7,6,6.310513083860564,7.358249611285633,3.5960074362224397,42.232178422808346,45.61080881086653,0.2
89,7,7,4.835788250614165,6.493054563458671,3.3459706299555374,42.232178422808346,45.61080881086653,0.2
89,7,8,6.99824125102396,5.013017413728113,2.6644698030944367,42.232178422808346,45.61080881086653,0.2
89,7,9,6.692800295084777,7.564236849291041,3.5450151905321463,42.232178422808346,45.61080881086653,0.2
89,8,0,5.395141019614732,6.46354635939621,2.8971700887778087,48.60737782541295,53.59342566429614,0.2
89,8,1,6.4726463800670375,9.103056713047513,3.9418856669824978,48.60737782541295,53.59342566429614,0.2
89,8,2,4.685231665339772,7.539107998481044,3.37605379308774,48.60737782541295,53.59342566429614,0.2
89,8,3,9.043566861838237,12.08260984746769,5.321325531216275,48.60737782541295,53.59342566429614,0.2
89,8,4,16.63586870699736,20.426201385045182,9.528373276563803,48.60737782541295,53.59342566429614,0.2
89,8,5,9.283376099555317,5.350962244098541,3.02458541890093,48.60737782541295,53.59342566429614,0.2
89,8,6,7.274631730108994,10.421546764243498,4.588079631605472,48.60737782541295,53.59342566429614,0.2
89,8,7,6.768813620212349,9.76643888445911,4.452697108138653,48.60737782541295,53.59342566429614,0.2
89,8,8,5.390154752813773,8.286868383675591,3.788040924106248,48.60737782541295,53.59342566429614,0.2
89,8,9,7.171475711922948,9.998160992126738,4.309497222647326,48.60737782541295,53.59342566429614,0.2
89,9,0,5.8609015217959755,9.567355082876995,3.8124021866040767,58.895735428872996,62.92930231584141,0.2
89,9,1,7.97433460805528,8.388257661344385,3.7225726581813903,58.895735428872996,62.92930231584141,0.2
89,9,2,6.829671095327432,10.513386176389627,4.260937997608955,58.895735428872996,62.92930231584141,0.2
89,9,3,10.764906425302087,15.155188189268202,6.235915686546925,58.895735428872996,62.92930231584141,0.2
89,9,4,19.275657184632696,24.886006919679854,10.940976573462844,58.895735428872996,62.92930231584141,0.2
89,9,5,6.118659499179267,10.701395735707889,4.913283575609759,58.895735428872996,62.92930231584141,0.2
89,9,6,9.281568589692807,13.821202829843626,5.590626877741922,58.895735428872996,62.92930231584141,0.2
89,9,7,9.007693182486053,13.115643167999977,5.473441775361227,58.895735428872996,62.92930231584141,0.2
89,9,8,7.663110599794135,11.43019378354037,4.744373470337209,58.895735428872996,62.92930231584141,0.2
89,9,9,8.718003450409881,7.272333667340095,3.44869013762167,58.895735428872996,62.92930231584141,0.2
89,10,0,7.712392815222028,8.587629692025546,3.5347255681247605,65.52273519061393,65.51788242803859,0.2
89,10,1,7.530669960262955,10.397459384812352,4.326353603001061,65.52273519061393,65.51788242803859,0.2
89,10,2,8.619769371221013,7.631500518027224,3.404962547422658,65.52273519061393,65.51788242803859,0.2
89,10,3,12.615099085360342,15.588226950076905,6.360115538858956,65.52273519061393,65.51788242803859,0.2
89,10,4,22.133317784042724,25.86561510810119,11.2407011959033,65.52273519061393,65.51788242803859,0.2
89,10,5,9.939447910514055,13.130264004068682,5.669633088424792,65.52273519061393,65.51788242803859,0.2
89,10,6,11.309696210957958,14.308904930538342,5.7279985395961,65.52273519061393,65.51788242803859,0.2
89,10,7,11.07263372452156,13.939591227771118,5.7119291878403144,65.52273519061393,65.51788242803859,0.2
89,10,8,9.59774705667974,12.275584728792271,4.987361922172398,65.52273519061393,65.51788242803859,0.2
89,10,9,6.9766125758658415,10.238784992504767,4.381838970595135,65.52273519061393,65.51788242803859,0.2
89,11,0,7.150660067077053,8.283757205116437,3.4467004275943585,61.95357130987652,57.970598844197504,0.2
89,11,1,8.752103479831646,9.945923963883036,4.193962510093812,61.95357130987652,57.970598844197504,0.2
89,11,2,6.888152771267357,8.616558185361574,3.7069699046833122,61.95357130987652,57.970598844197504,0.2
89,11,3,12.866352232782383,13.439556996119235,5.732931709823599,61.95357130987652,57.970598844197504,0.2
89,11,4,22.739653084336414,23.03497759667043,10.364751444224254,61.95357130987652,57.970598844197504,0.2
89,11,5,11.469523768965747,12.637213347278397,5.5197506051541705,61.95357130987652,57.970598844197504,0.2
89,11,6,11.587595594612177,7.048705903114406,3.489434039332932,61.95357130987652,57.970598844197504,0.2
89,11,7,11.555087704059062,12.351350978253343,5.248170211211004,61.95357130987652,57.970598844197504,0.2
89,11,8,10.089306524539802,6.077696758459893,3.0490087639167758,61.95357130987652,57.970598844197504,0.2
89,11,9,8.864348969535257,10.06337081063249,4.329153153628965,61.95357130987652,57.970598844197504,0.2
89,12,0,6.9725874430052714,5.6460481912352325,2.635515602276579,52.173595732989796,49.44894890341312,0.2
89,12,1,8.484279660685543,4.953095022204496,2.5744627446263717,52.173595732989796,49.44894890341312,0.2
89,12,2,7.499105986136854,7.164585534611041,3.257760348176646,52.173595732989796,49.44894890341312,0.2
89,12,3,11.597575272714483,10.403629341399949,4.7922195959773255,52.173595732989796,49.44894890341312,0.2
89,12,4,20.9676289796701,18.783056506085863,8.9851187524226,52.173595732989796,49.44894890341312,0.2
89,12,5,11.166315311273184,10.340586891784387,4.796728806088605,52.173595732989796,49.44894890341312,0.2
89,12,6,7.05903645441837,6.969141475142623,3.4618154867495186,52.173595732989796,49.44894890341312,0.2
89,12,7,10.616915070563492,9.696349656721862,4.430304486180316,52.173595732989796,49.44894890341312,0.2
89,12,8,6.168067305964647,6.724895756498814,3.2728133882340056,52.173595732989796,49.44894890341312,0.2
89,12,9,8.757766899662945,8.047665644838744,3.702128291087307,52.173595732989796,49.44894890341312,0.2
89,13,0,5.331581139792884,6.147426074024898,2.7972398424117975,46.79565222289723,47.76249883000354,0.2
89,13,1,5.208072759080917,6.544720447865254,3.1289362890372354,46.79565222289723,47.76249883000354,0.2
89,13,2,6.590366460096162,5.496194265715895,2.7060064967230795,46.79565222289723,47.76249883000354,0.2
89,13,3,9.694538553893667,10.080900219872744,4.687667750107756,46.79565222289723,47.76249883000354,0.2
89,13,4,18.176667077149943,18.13076129939591,8.76553975990405,46.79565222289723,47.76249883000354,0.2
89,13,5,9.703660571446472,10.21762671857938,4.756730607156407,46.79565222289723,47.76249883000354,0.2
89,13,6,7.003164823859663,7.767759933975668,3.7349558832833742,46.79565222289723,47.76249883000354,0.2
89,13,7,8.962393476879887,4.635232431809709,2.6427607580238477,46.79565222289723,47.76249883000354,0.2
89,13,8,6.620818377890554,7.6026982230876206,3.566307442947388,46.79565222289723,47.76249883000354,0.2
89,13,9,7.489311524775165,8.049222587632679,3.702629639487499,46.79565222289723,47.76249883000354,0.2
89,14,0,5.658745170924951,6.6795185398396875,2.964599266599672,49.769321590487394,54.00761499692152,0.2
89,14,1,6.329758659684756,8.49720232467954,3.7563506056433744,49.769321590487394,54.00761499692152,0.2
89,14,2,5.474182429283808,7.705751471690711,3.42811893730276,49.769321590487394,54.00761499692152,0.2
89,14,3,9.48303282458316,11.864952008769624,5.254041408667553,49.769321590487394,54.00761499692152,0.2
89,14,4,17.732464351051355,20.65996984244964,9.604576369334593,49.769321590487394,54.00761499692152,0.2
89,14,5,9.62274523068037,11.935039928241796,5.303227363588962,49.769321590487394,54.00761499692152,0.2
89,14,6,7.555720910197197,10.034373895740934,4.468086944360614,49.769321590487394,54.00761499692152,0.2
89,14,7,5.346237905893466,8.081355022261455,3.8998393598213617,49.769321590487394,54.00761499692152,0.2
89,14,8,7.214549397885099,9.367024419800424,4.127266478009624,49.769321590487394,54.00761499692152,0.2
89,14,9,7.4903257398580205,5.806713152291215,2.9460070252927126,49.769321590487394,54.00761499692152,0.2
89,15,0,5.997309036301389,10.002531265061519,3.9329762818658023,59.35764906487022,63.346974609772985,0.2
89,15,1,7.599001890255578,11.564896875505221,4.660925752912986,59.35764906487022,63.346974609772985,0.2
89,15,2,6.934997559984902,10.916241850862043,4.374582254815557,59.35764906487022,63.346974609772985,0.2
89,15,3,10.628792353930852,15.319278197329734,6.283102044911594,59.35764906487022,63.346974609772985,0.2
89,15,4,19.429814106283878,25.373176762778442,11.09046683252485,59.35764906487022,63.346974609772985,0.2
89,15,5,10.72829429175856,7.304399404638549,3.760734655565201,59.35764906487022,63.346974609772985,0.2
89,15,6,9.03882643036917,13.894203513979114,5.611280499034853,59.35764906487022,63.346974609772985,0.2
89,15,7,7.889275996349621,12.413389854426738,5.2666088471507315,59.35764906487022,63.346974609772985,0.2
89,15,8,8.349355281390688,8.692988288804061,3.917055450991327,59.35764906487022,63.346974609772985,0.2
89,15,9,5.959697404249947,10.605289815053645,4.491054197165871,59.35764906487022,63.346974609772985,0.2
89,16,0,7.956311148200101,9.573689000795522,3.81416877010858,67.4663513397207,68.26622638616197,0.2
89,16,1,9.428934443317317,12.594989208362055,4.947791719820747,67.4663513397207,68.26622638616197,0.2
89,16,2,8.84966881778286,8.567211867816116,3.6920964495559887,67.4663513397207,68.26622638616197,0.2
89,16,3,12.710555890129497,16.474880076840755,6.61123941211805,67.4663513397207,68.26622638616197,0.2
89,16,4,22.435732782121,27.23475197407207,11.653968315782583,67.4663513397207,68.26622638616197,0.2
89,16,5,7.6078707119233115,11.819534517507275,5.2672483384317275,67.4663513397207,68.26622638616197,0.2
89,16,6,11.351477962376427,15.205954408099917,5.977065273446934,67.4663513397207,68.26622638616197,0.2
89,16,7,10.654215962857524,14.247845677904353,5.80005657245251,67.4663513397207,68.26622638616197,0.2
89,16,8,7.924103711618485,11.418865175652998,4.741081435301575,67.4663513397207,68.26622638616197,0.2
89,16,9,9.085288599587061,12.632212174028403,5.075958998412601,67.4663513397207,68.26622638616197,0.2
89,17,0,7.715966568792807,9.348976574705437,3.7512778716163617,66.30081908688355,62.35018110647288,0.2
89,17,1,10.009257009988037,7.0039444336898935,3.2810498892350344,66.30081908688355,62.35018110647288,0.2
89,17,2,7.469017364095727,9.669788846023327,4.018623098481202,66.30081908688355,62.35018110647288,0.2
89,17,3,13.374369451600355,14.791057254804809,6.130653260432289,66.30081908688355,62.35018110647288,0.2
89,17,4,23.575681973765725,25.0526338066103,10.992204744897757,66.30081908688355,62.35018110647288,0.2
89,17,5,10.655509637480382,12.95899881698546,5.617764749538521,66.30081908688355,62.35018110647288,0.2
89,17,6,12.091451272644154,8.016581798128623,3.8183073163452947,66.30081908688355,62.35018110647288,0.2
89,17,7,11.733367165312027,13.363074187421432,5.54551971319572,66.30081908688355,62.35018110647288,0.2
89,17,8,9.591087353397256,11.493865098569394,4.762857854031554,66.30081908688355,62.35018110647288,0.2
89,17,9,10.268536160029354,11.827239822149405,4.847311165415992,66.30081908688355,62.35018110647288,0.2
89,18,0,7.5887398781307995,6.108535679933258,2.784840751823441,56.35585033307298,52.268005156391716,0.2
89,18,1,6.637480610266277,7.194334100196751,3.3432308932588466,56.35585033307298,52.268005156391716,0.2
89,18,2,8.129572483384578,7.871519783320338,3.4795765599340123,56.35585033307298,52.268005156391716,0.2
89,18,3,12.40215587025782,11.299139884894231,5.077373018663565,56.35585033307298,52.268005156391716,0.2
89,18,4,22.236951074019277,20.183141579776315,9.44886344332038,56.35585033307298,52.268005156391716,0.2
89,18,5,11.36459543649086,10.831722020934913,4.955092745817929,56.35585033307298,52.268005156391716,0.2
89,18,6,7.724338742739631,7.7440083241237305,3.726957905687948,56.35585033307298,52.268005156391716,0.2
89,18,7,11.218445562486624,10.438459069275574,4.665017343139114,56.35585033307298,52.268005156391716,0.2
89,18,8,9.635140495519693,9.239543426233942,4.087866563848954,56.35585033307298,52.268005156391716,0.2
89,18,9,9.805987399928599,5.333847095605985,2.7759453406340033,56.35585033307298,52.268005156391716,0.2
89,19,0,5.633662125514649,6.026981020981243,2.758762168643541,48.342744627727086,47.98683160720085,0.2
89,19,1,6.763271202445041,7.232907142392538,3.3557683398036815,48.342744627727086,47.98683160720085,0.2
89,19,2,7.039095023905198,5.36395939423517,2.6602669545506967,48.342744627727086,47.98683160720085,0.2
89,19,3,10.27139668709086,10.034148113710636,4.672439172229222,48.342744627727086,47.98683160720085,0.2
89,19,4,19.114810810973385,18.188109066571464,8.784938403264569,48.342744627727086,47.98683160720085,0.2
89,19,5,10.02402680018548,10.02979143163662,4.69534885394216,48.342744627727086,47.98683160720085,0.2
89,19,6,7.5395412046141885,7.698095459246451,3.711476579515328,48.342744627727086,47.98683160720085,0.2
89,19,7,9.43721162644708,9.370230954601283,4.32546691593869,48.342744627727086,47.98683160720085,0.2
89,19,8,8.269650255525148,4.6038325481364675,2.5102964775712837,48.342744627727086,47.98683160720085,0.2
89,19,9,5.615666934559474,6.516811887718326,3.1937958095922867,48.342744627727086,47.98683160720085,0.2
89,20,0,5.580905813954827,5.784507933256612,2.6805930040811075,48.70604484938617,47.98683160720085,0.2
89,20,1,6.788634138442028,6.996492389922685,3.278605823302913,48.70604484938617,47.98683160720085,0.2
89,20,2,5.381652496932665,5.556098962695372,2.7266184147577346,48.70604484938617,47.98683160720085,0.2
89,20,3,9.452225798233961,9.752556221769346,4.580260984809631,48.70604484938617,47.98683160720085,0.2
89,20,4,17.77170731398019,18.232463114663226,8.79992916667865,48.70604484938617,47.98683160720085,0.2
89,20,5,9.49857150259399,9.774628153453962,4.611409659701771,48.70604484938617,47.98683160720085,0.2
89,20,6,7.508222874884088,7.79152152806798,3.7429498849785143,48.70604484938617,47.98683160720085,0.2
89,20,7,8.750309734420105,9.019150457772378,4.211373210492604,48.70604484938617,47.98683160720085,0.2
89,20,8,5.07826603020164,5.228190515694294,2.7440204070464422,48.70604484938617,47.98683160720085,0.2
89,20,9,6.460967822790681,6.681531234078793,3.2500924837771867,48.70604484938617,47.98683160720085,0.2
90,0,0,2.0,2.0,1.5017223675032887,17.76754942058183,17.76754942058183,0.0
90,0,1,2.0,2.0,1.813444400583131,17.76754942058183,17.76754942058183,0.0
90,0,2,2.0,2.0,1.3291681851530874,17.76754942058183,17.76754942058183,0.0
90,0,3,2.0,2.0,1.4470043686410141,17.76754942058183,17.76754942058183,0.0
90,0,4,2.0,2.0,1.7496838271567365,17.76754942058183,17.76754942058183,0.0
90,0,5,2.0,2.0,1.410251891413286,17.76754942058183,17.76754942058183,0.0
90,0,6,2.0,2.0,1.4072801109960413,17.76754942058183,17.76754942058183,0.0
90,0,7,2.0,2.0,1.4134165947244421,17.76754942058183,17.76754942058183,0.0
90,0,8,2.0,2.0,1.4412512520995024,17.76754942058183,17.76754942058183,0.0
90,0,9,2.0,2.0,1.8971770149146918,17.76754942058183,17.76754942058183,0.0
90,1,0,3.037946216243048,3.6460014074474003,2.2863380014300554,17.76754942058183,26.986727142321545,0.0
90,1,1,3.6685519736101297,4.465813281071103,3.1820986588953417,17.76754942058183,26.986727142321545,0.0
90,1,2,2.6888734870146487,2.9594918929173866,1.7486824393100293,17.76754942058183,26.986727142321545,0.0
90,1,3,2.927253093998084,3.5020960674077037,2.141797878163361,17.76754942058183,26.986727142321545,0.0
90,1,4,3.539565952639926,4.298126465200036,2.989055736737446,17.76754942058183,26.986727142321545,0.0
90,1,5,2.852903765821555,3.4054390652744617,2.0469011664913204,17.76754942058183,26.986727142321545,0.0
90,1,6,2.8468919294998503,2.6888734870146496,1.7312461121777307,17.76754942058183,26.986727142321545,0.0
90,1,7,2.8593058802587548,3.4137620616483426,2.0550030101662293,17.76754942058183,26.986727142321545,0.0
90,1,8,2.915614685323418,3.486965686008373,2.1268265453689237,17.76754942058183,26.986727142321545,0.0
90,1,9,3.8379409261817146,4.686025470630977,3.443103745396914,17.76754942058183,26.986727142321545,0.0
90,2,0,4.62520371994254,6.567723176655457,3.451906630028719,29.257581928840672,40.064760989856445,0.2
90,2,1,6.437304783956354,8.575707541307985,5.024261336765929,29.257581928840672,40.064760989856445,0.2
90,2,2,3.5375401704542657,4.668576168439169,2.4059580716720648,29.257581928840672,40.064760989856445,0.2
90,2,3,4.332802720879445,6.268464173939772,3.219301478140803,29.257581928840672,40.064760989856445,0.2
90,2,4,6.046783854367285,8.08957496070363,4.653573451279407,29.257581928840672,40.064760989856445,0.2
90,2,5,4.140829082877844,5.886788040238883,3.0025522461786336,29.257581928840672,40.064760989856445,0.2
90,2,6,3.5022669234260486,5.214941555866795,2.7525433334921123,29.257581928840672,40.064760989856445,0.2
90,2,7,4.157218906902177,4.157265781186569,2.3589277666728803,29.257581928840672,40.064760989856445,0.2
90,2,8,4.302516094803154,5.971398469096571,3.099359383183072,29.257581928840672,40.064760989856445,0.2
90,2,9,6.965311446250344,9.200301762838983,5.52138851906685,29.257581928840672,40.064760989856445,0.2
90,3,0,6.983119458328953,10.121957616105382,4.672548442286778,43.707839397302685,52.825516734329675,0.2
90,3,1,10.163953103276175,13.660658270069467,6.960066466377194,43.707839397302685,52.825516734329675,0.2
90,3,2,4.867192084531274,7.3725285300078305,3.312763739207326,43.707839397302685,52.825516734329675,0.2
90,3,3,6.512565142599227,9.63473924328355,4.349474820806242,43.707839397302685,52.825516734329675,0.2
90,3,4,9.414060923809487,12.742343127859606,6.396068223968556,43.707839397302685,52.825516734329675,0.2
90,3,5,6.0740869502501225,6.501538474838712,3.218748098162405,43.707839397302685,52.825516734329675,0.2
90,3,6,5.568325268358286,8.327273883297611,3.819544261325152,43.707839397302685,52.825516734329675,0.2
90,3,7,4.772050971757832,7.532869850189629,3.5761976527106953,43.707839397302685,52.825516734329675,0.2
90,3,8,6.26992533018776,5.690852956726915,2.996697155359008,43.707839397302685,52.825516734329675,0.2
90,3,9,11.169628769527009,14.839273717802579,7.715706683609528,43.707839397302685,52.825516734329675,0.2
90,4,0,9.452446848785701,11.417816269203747,5.083663404182876,53.5709904690612,57.75367972264845,0.2
90,4,1,14.080037724605855,16.43277500867979,7.92101588512293,53.5709904690612,57.75367972264845,0.2
90,4,2,6.7016369234508515,7.141299842165637,3.239686814170844,53.5709904690612,57.75367972264845,0.2
90,4,3,8.79887711633475,6.232313921848264,3.2062942027128627,53.5709904690612,57.75367972264845,0.2
90,4,4,12.939083601813046,15.207361833190163,7.238961987577783,53.5709904690612,57.75367972264845,0.2
90,4,5,6.511445668954899,8.63059730513342,3.9246803529429193,53.5709904690612,57.75367972264845,0.2
90,4,6,7.726841051024155,9.593836890260423,4.217491191969251,53.5709904690612,57.75367972264845,0.2
90,4,7,7.2345570410943045,9.197476969389609,4.112607709878477,53.5709904690612,57.75367972264845,0.2
90,4,8,6.062242250200264,8.37713851129434,3.928128515656196,53.5709904690612,57.75367972264845,0.2
90,4,9,15.60867869610488,18.06608698237327,8.855064424300753,53.5709904690612,57.75367972264845,0.2
90,5,0,10.284121977264748,5.227524558673684,2.9422251922711498,53.38286682991692,53.16512277747445,0.2
90,5,1,16.024013997352668,15.836285021916256,7.718636069232915,53.38286682991692,53.16512277747445,0.2
90,5,2,6.553804159743434,7.152198430372977,3.2431469622022684,53.38286682991692,53.16512277747445,0.2
90,5,3,6.486251754702075,7.328194255467275,3.591258992575746,53.38286682991692,53.16512277747445,0.2
90,5,4,14.644236282004382,14.579024340634469,7.0282710708460225,53.38286682991692,53.16512277747445,0.2
90,5,5,7.939528694647522,8.232326155201855,3.797007821426232,53.38286682991692,53.16512277747445,0.2
90,5,6,8.531877586656051,6.102018062507667,3.0724936577573505,53.38286682991692,53.16512277747445,0.2
90,5,7,8.319700965691279,8.6045735516292,3.925181424505876,53.38286682991692,53.16512277747445,0.2
90,5,8,7.946504240257331,8.552475089917554,3.9855014657170105,53.38286682991692,53.16512277747445,0.2
90,5,9,17.913570473827274,17.622892139118267,8.70243695241671,53.38286682991692,53.16512277747445,0.2
90,6,0,5.95204685207936,6.3030863531497845,3.3539449684284124,48.0669900977978,48.79630306977616,0.2
90,6,1,15.61460476883514,14.350445557250799,7.204254022175794,48.0669900977978,48.79630306977616,0.2
90,6,2,6.560803951347513,5.256506917793816,2.6142493502113973,48.0669900977978,48.79630306977616,0.2
90,6,3,7.265025749188899,6.794175555737259,3.405999504671671,48.0669900977978,48.79630306977616,0.2
90,6,4,14.218013907527677,13.145626284005859,6.537105255174912,48.0669900977978,48.79630306977616,0.2
90,6,5,7.681250405376158,7.178378796649353,3.4498018778822876,48.0669900977978,48.79630306977616,0.2
90,6,6,6.215576649852534,6.293271001623149,3.1395908632647274,48.0669900977978,48.79630306977616,0.2
90,6,7,7.940542349695679,4.606392515941847,2.534555749971863,48.0669900977978,48.79630306977616,0.2
90,6,8,8.062568261359802,7.745324793549572,3.718317277511219,48.0669900977978,48.79630306977616,0.2
90,6,9,17.60480897387321,16.139729003066396,8.183031523915993,48.0669900977978,48.79630306977616,0.2
90,7,0,6.784945504450703,8.06498186128672,3.9855753938581033,47.43285873652543,51.201745014267196,0.2
90,7,1,14.574022949335065,15.43087917396376,7.579782037815691,47.43285873652543,51.201745014267196,0.2
90,7,2,5.288560051878678,6.493182514786696,3.0309534600499832,47.43285873652543,51.201745014267196,0.2
90,7,3,6.890250509450668,7.927324627085893,3.7943509324144986,47.43285873652543,51.201745014267196,0.2
90,7,4,13.224397934592046,14.113997910874817,6.870583383829581,47.43285873652543,51.201745014267196,0.2
90,7,5,6.978861598182665,5.5922604930330655,2.8965889464663253,47.43285873652543,51.201745014267196,0.2
90,7,6,6.3513125927955105,7.486501715023274,3.5453147928875746,47.43285873652543,51.201745014267196,0.2
90,7,7,5.127341922252628,6.673486673040102,3.2854597216844375,47.43285873652543,51.201745014267196,0.2
90,7,8,7.522061433224023,4.823985174376802,2.6693337388158436,47.43285873652543,51.201745014267196,0.2
90,7,9,16.554064981271402,17.37292418652954,8.615845538550785,47.43285873652543,51.201745014267196,0.2
90,8,0,8.062717816111975,11.091022912774815,4.981369693849704,54.56563104480621,60.28436677554781,0.2
90,8,1,15.33370658919667,18.778143174678103,8.69641186898853,54.56563104480621,60.28436677554781,0.2
90,8,2,6.131541884720217,6.981465404379448,3.188757945269525,54.56563104480621,60.28436677554781,0.2
90,8,3,7.675875586371769,10.662476179457638,4.669275476806225,54.56563104480621,60.28436677554781,0.2
90,8,4,13.899015720854758,17.157602942115787,7.876952196471202,54.56563104480621,60.28436677554781,0.2
90,8,5,5.859725885656783,8.678664112491258,3.9399681414509966,54.56563104480621,60.28436677554781,0.2
90,8,6,7.172081799880181,6.105271692300533,3.073640355490076,54.56563104480621,60.28436677554781,0.2
90,8,7,6.6464015893326005,9.307203699943942,4.14689121210991,54.56563104480621,60.28436677554781,0.2
90,8,8,5.399994371268324,8.251919867425308,3.886934318929715,54.56563104480621,60.28436677554781,0.2
90,8,9,17.42963674243707,21.0779671494235,9.864315714375037,54.56563104480621,60.28436677554781,0.2
90,9,0,10.077184398803567,14.909303550884271,6.127577352869185,66.24865031673349,70.15115850124737,0.2
90,9,1,17.59262038309287,23.111552111700007,10.056888303040537,66.24865031673349,70.15115850124737,0.2
90,9,2,6.450776351192157,10.340394836450697,4.197927424230476,66.24865031673349,70.15115850124737,0.2
90,9,3,9.44582572272891,7.585150425553502,3.6789491397946072,66.24865031673349,70.15115850124737,0.2
90,9,4,15.934874274118881,21.138421776672217,9.115686314257195,66.24865031673349,70.15115850124737,0.2
90,9,5,7.970455502596752,12.29118224721139,5.026795928542624,66.24865031673349,70.15115850124737,0.2
90,9,6,6.217896390247757,10.667665960892737,4.542638094122577,66.24865031673349,70.15115850124737,0.2
90,9,7,8.389055620144953,8.914998944697166,4.0237787829452225,66.24865031673349,70.15115850124737,0.2
90,9,8,7.86316942632335,12.043711382736015,5.064667493662835,66.24865031673349,70.15115850124737,0.2
90,9,9,19.95526020574296,25.814634167570443,11.36823492597728,66.24865031673349,70.15115850124737,0.2
90,10,0,12.395933387364137,15.696290843650164,6.352235325355428,73.04221741919622,72.9408754402318,0.2
90,10,1,20.34482966262009,24.149254666760413,10.370885987241934,73.04221741919622,72.9408754402318,0.2
90,10,2,8.492300581303002,9.367304456451077,3.917321225009349,73.04221741919622,72.9408754402318,0.2
90,10,3,7.442420690297913,11.302409342288849,4.863720031728989,73.04221741919622,72.9408754402318,0.2
90,10,4,18.440801939240966,22.066933667521788,9.394160443153996,73.04221741919622,72.9408754402318,0.2
90,10,5,10.169080518079571,8.228907728047044,3.7959040723632316,73.04221741919622,72.9408754402318,0.2
90,10,6,9.189641513261266,12.303193867258098,5.019634090270586,73.04221741919622,72.9408754402318,0.2
90,10,7,8.140002302137065,11.435292108638071,4.789853969433826,73.04221741919622,72.9408754402318,0.2
90,10,8,10.245693732645611,13.26505308459599,5.4189481457794155,73.04221741919622,72.9408754402318,0.2
90,10,9,22.99765058181376,27.000853051507207,11.731433876346221,73.04221741919622,72.9408754402318,0.2
90,11,0,12.850410760966898,7.69868157332913,3.8579811594067803,68.972737831608,64.75751308710045,0.2
90,11,1,20.980039004420497,21.422745990088018,9.536650014326087,68.972737831608,64.75751308710045,0.2
90,11,2,7.9246413657081485,9.245801727164464,3.881683698022059,68.972737831608,64.75751308710045,0.2
90,11,3,9.839182119809665,10.839319679003985,4.723351466161652,68.972737831608,64.75751308710045,0.2
90,11,4,19.004148030709345,19.574289753873142,8.638111180500509,68.972737831608,64.75751308710045,0.2
90,11,5,7.679017549049194,9.523271765202553,4.204612900531241,68.972737831608,64.75751308710045,0.2
90,11,6,10.154592301115702,6.724450148204562,3.288662435810741,68.972737831608,64.75751308710045,0.2
90,11,7,9.689752951466488,10.835272292702241,4.612507335290621,68.972737831608,64.75751308710045,0.2
90,11,8,10.962394495633566,11.912965233033772,5.026117215386354,68.972737831608,64.75751308710045,0.2
90,11,9,23.73239283570401,24.057723072685615,10.820940832868233,68.972737831608,64.75751308710045,0.2
90,12,0,7.804597919815647,7.9850168785288975,3.95787195135079,58.2818251983325,55.350529437646976,0.2
90,12,1,19.2924008149547,17.560259974666195,8.297646076820174,58.2818251983325,55.350529437646976,0.2
90,12,2,7.85254755355611,6.008023733676431,2.8705894755091466,58.2818251983325,55.350529437646976,0.2
90,12,3,9.555220076044062,8.640078089077626,4.030057222378235,58.2818251983325,55.350529437646976,0.2
90,12,4,17.47467957071021,16.012798780050264,7.505258463863198,58.2818251983325,55.350529437646976,0.2
90,12,5,8.50582513009524,8.142926662513519,3.768096880640671,58.2818251983325,55.350529437646976,0.2
90,12,6,6.652880598683636,7.115560861286243,3.421416529727589,58.2818251983325,55.350529437646976,0.2
90,12,7,9.330985213955506,8.821462288950633,3.9941796656991055,58.2818251983325,55.350529437646976,0.2
90,12,8,10.167707498598993,5.17425700924403,2.803575772374166,58.2818251983325,55.350529437646976,0.2
90,12,9,21.890488528885786,19.866078582443297,9.463795816398738,58.2818251983325,55.350529437646976,0.2
90,13,0,8.006674455392828,8.685211398457678,4.197734126480167,52.38056992832426,53.607415839699875,0.2
90,13,1,16.785927311390743,16.788017632234823,8.040495987573141,52.38056992832426,53.607415839699875,0.2
90,13,2,5.807129616114632,6.720188425798819,3.1047451386666864,52.38056992832426,53.607415839699875,0.2
90,13,3,8.152703425681722,8.5124948340328,3.9883076201838428,52.38056992832426,53.607415839699875,0.2
90,13,4,15.182947291466897,15.300550430687256,7.26998506749558,52.38056992832426,53.607415839699875,0.2
90,13,5,7.622764306302103,5.066581813354648,2.703187906431901,52.38056992832426,53.607415839699875,0.2
90,13,6,6.921438759654479,7.696300714029336,3.614572771457032,52.38056992832426,53.607415839699875,0.2
90,13,7,8.08012403955816,5.787560611365255,2.973692624098307,52.38056992832426,53.607415839699875,0.2
90,13,8,5.671562596350638,7.10550835259765,3.500542128160405,52.38056992832426,53.607415839699875,0.2
90,13,9,19.14501862253335,19.01326611963507,9.177545920142231,52.38056992832426,53.607415839699875,0.2
90,14,0,8.491909544862533,11.046983654004794,4.967515723621291,55.859822746229895,60.307113171880715,0.2
90,14,1,16.265719210652794,19.096289476411204,8.799288164408003,55.859822746229895,60.307113171880715,0.2
90,14,2,6.280820576770695,6.8590562614018635,3.149517284944889,55.859822746229895,60.307113171880715,0.2
90,14,3,8.06824504058956,10.559219324093352,4.637576778869579,55.859822746229895,60.307113171880715,0.2
90,14,4,14.70699518490943,17.40239107059113,7.9554514071542135,55.859822746229895,60.307113171880715,0.2
90,14,5,5.4684804926971795,8.06556938480828,3.7430033518903443,55.859822746229895,60.307113171880715,0.2
90,14,6,7.312188931859265,5.993498054665554,3.0341413625916744,55.859822746229895,60.307113171880715,0.2
90,14,7,6.015704667613621,8.46564931882887,3.880711709395551,55.859822746229895,60.307113171880715,0.2
90,14,8,7.0815078360487975,9.425156808077396,4.265998610902201,55.859822746229895,60.307113171880715,0.2
90,14,9,18.565942351146244,21.54522287724281,10.016881846986946,55.859822746229895,60.307113171880715,0.2
90,15,0,10.04915816882517,15.914858119912344,6.414024173118344,66.28118016275951,70.32356571464496,0.2
90,15,1,17.800736516390064,24.348173088907526,10.430610161749078,66.28118016275951,70.32356571464496,0.2
90,15,2,6.3713934917929835,11.327846997369157,4.474681234499327,66.28118016275951,70.32356571464496,0.2
90,15,3,9.381700061727692,7.489378580118262,3.6463713397091704,66.28118016275951,70.32356571464496,0.2
90,15,4,16.0936761840012,8.925880133336987,4.985334642511502,66.28118016275951,70.32356571464496,0.2
90,15,5,7.5720007348398335,13.016819535601012,5.232739472128127,66.28118016275951,70.32356571464496,0.2
90,15,6,6.137990930611692,11.89537387304559,4.902574708590874,66.28118016275951,70.32356571464496,0.2
90,15,7,7.850581245246376,13.067205452120506,5.25868422127835,66.28118016275951,70.32356571464496,0.2
90,15,8,8.630006863409164,13.75454007936708,5.558158814837882,66.28118016275951,70.32356571464496,0.2
90,15,9,20.263897617907077,27.172827861141894,11.783688234106949,66.28118016275951,70.32356571464496,0.2
90,16,0,12.975408030987888,17.15499910565238,6.7599291208142365,74.8966216807173,75.08043040331407,0.2
90,16,1,21.100859492873276,25.927564399367604,10.899747893883067,74.8966216807173,75.08043040331407,0.2
90,16,2,9.052166511871066,9.751009823480999,4.028966499713039,74.8966216807173,75.08043040331407,0.2
90,16,3,7.376516627972719,12.007541806778598,5.074189946558737,74.8966216807173,75.08043040331407,0.2
90,16,4,10.085205389264496,15.408925927108644,7.305992764652957,74.8966216807173,75.08043040331407,0.2
90,16,5,10.585699077231382,14.322365536429293,5.594818747082255,74.8966216807173,75.08043040331407,0.2
90,16,6,9.917784144464969,13.64382391346443,5.39653287335184,74.8966216807173,75.08043040331407,0.2
90,16,7,10.63818464594761,8.606536755159972,3.925808296529227,74.8966216807173,75.08043040331407,0.2
90,16,8,11.244014144164176,14.84022226299608,5.861745847491101,74.8966216807173,75.08043040331407,0.2
90,16,9,23.838102074559753,28.95134371172889,12.31841880091368,74.8966216807173,75.08043040331407,0.2
90,17,0,13.675164956616943,7.457663683598553,3.7730330411467685,72.9188399103386,68.66253612592362,0.2
90,17,1,22.049913212172147,23.64141148306129,10.217734867364145,72.9188399103386,68.66253612592362,0.2
90,17,2,8.150496921426738,10.20517115187698,4.159423540733566,72.9188399103386,68.66253612592362,0.2
90,17,3,10.264957413050498,12.186256369468161,5.126937965213634,72.9188399103386,68.66253612592362,0.2
90,17,4,14.779837841915828,17.582386675987266,8.01296156143414,72.9188399103386,68.66253612592362,0.2
90,17,5,11.318176256189368,8.701920425758033,3.947355757880492,72.9188399103386,68.66253612592362,0.2
90,17,6,10.917048968703295,12.498984512805034,5.075418564102358,72.9188399103386,68.66253612592362,0.2
90,17,7,7.941810495880765,10.691836525473597,4.569680179827505,72.9188399103386,68.66253612592362,0.2
90,17,8,11.858163002240156,13.464844708281413,5.475952155227963,72.9188399103386,68.66253612592362,0.2
90,17,9,24.919848432803597,26.490846464300905,11.575878033311742,72.9188399103386,68.66253612592362,0.2
90,18,0,7.63275003366208,8.497662449007041,4.134074373408174,62.06133712416839,58.229243578503684,0.2
90,18,1,20.670218177872076,19.134195847603092,8.8115112142307,62.06133712416839,58.229243578503684,0.2
90,18,2,8.414408202717356,8.342138887261282,3.6120448298399674,62.06133712416839,58.229243578503684,0.2
90,18,3,10.37166531535962,9.606274362366785,4.340475765247405,62.06133712416839,58.229243578503684,0.2
90,18,4,16.21001776575491,15.64703937678056,7.384840222544079,62.06133712416839,58.229243578503684,0.2
90,18,5,7.9854004630399755,8.337270593273635,3.830825960804006,62.06133712416839,58.229243578503684,0.2
90,18,6,10.267442875142974,6.806538347079868,3.316713510200647,62.06133712416839,58.229243578503684,0.2
90,18,7,9.244346965963013,9.225907388155804,4.121502357100697,62.06133712416839,58.229243578503684,0.2
90,18,8,11.077712159245923,5.902667243897083,3.074344358459678,62.06133712416839,58.229243578503684,0.2
90,18,9,23.417707315272715,21.597282903413603,10.033818465659577,62.06133712416839,58.229243578503684,0.2
90,19,0,8.363127480909155,8.486303700453849,4.1302054114912,53.856301646841914,53.891719457038796,0.2
90,19,1,17.825463435801638,16.963508942518903,8.099239328163943,53.856301646841914,53.891719457038796,0.2
90,19,2,7.307074970159931,5.9942918269619385,2.865995196688796,53.856301646841914,53.891719457038796,0.2
90,19,3,8.78067225545212,8.458014003375965,3.970422517568169,53.856301646841914,53.891719457038796,0.2
90,19,4,14.93934424705712,14.523921336147806,7.009665632125342,53.856301646841914,53.891719457038796,0.2
90,19,5,7.7496636425938314,7.85243396917538,3.6734886224874166,53.856301646841914,53.891719457038796,0.2
90,19,6,6.709627209873858,7.209270032655773,3.4528956832878257,53.856301646841914,53.891719457038796,0.2
90,19,7,8.337694611160172,5.290812665353208,2.7926393820599986,53.856301646841914,53.891719457038796,0.2
90,19,8,6.219320570378524,7.155796159040056,3.5178658422081917,53.856301646841914,53.891719457038796,0.2
90,19,9,20.298159967410477,19.227714155339715,9.249882530046428,53.856301646841914,53.891719457038796,0.2
90,20,0,8.355300669195616,8.650544303842628,4.185998388181686,54.69943351065476,53.891719457038796,0.2
90,20,1,16.38455549699912,16.813783170033123,8.049132148951875,54.69943351065476,53.891719457038796,0.2
90,20,2,5.797835506723524,5.985002843924543,2.8628855947983807,54.69943351065476,53.891719457038796,0.2
90,20,3,8.032063932154223,8.34075070095886,3.931809283625275,54.69943351065476,53.891719457038796,0.2
90,20,4,14.1803755774434,14.553782628996274,7.019750871772506,54.69943351065476,53.891719457038796,0.2
90,20,5,7.43137420244431,7.68587544984215,3.6187704356383548,54.69943351065476,53.891719457038796,0.2
90,20,6,6.98512028795711,7.2178016744614295,3.455755549771266,54.69943351065476,53.891719457038796,0.2
90,20,7,5.64943855645269,5.828726785506722,2.988482920744601,54.69943351065476,53.891719457038796,0.2
90,20,8,7.116553269666629,7.328592102219593,3.57711651032991,54.69943351065476,53.891719457038796,0.2
90,20,9,18.712277476139864,19.18712596934364,9.236210158227816,54.69943351065476,53.891719457038796,0.2
91,0,0,2.0,2.0,1.4025038219022448,17.75003959265403,17.75003959265403,0.0
91,0,1,2.0,2.0,1.8472475972259015,17.75003959265403,17.75003959265403,0.0
91,0,2,2.0,2.0,1.5463244534800715,17.75003959265403,17.75003959265403,0.0
91,0,3,2.0,2.0,1.2789401454877565,17.75003959265403,17.75003959265403,0.0
91,0,4,2.0,2.0,1.519474102751805,17.75003959265403,17.75003959265403,0.0
91,0,5,2.0,2.0,1.4603910404033547,17.75003959265403,17.75003959265403,0.0
91,0,6,2.0,2.0,1.490349511305136,17.75003959265403,17.75003959265403,0.0
91,0,7,2.0,2.0,1.393684816661296,17.75003959265403,17.75003959265403,0.0
91,0,8,2.0,2.0,2.3439701557083397,17.75003959265403,17.75003959265403,0.0
91,0,9,2.0,2.0,1.9951214217460875,17.75003959265403,17.75003959265403,0.0
91,1,0,2.837229617947345,3.3238136945987113,2.0013761839121345,17.75003959265403,27.73422611616175,0.0
91,1,1,3.7369349820543314,4.463285109274555,3.240129396186001,17.75003959265403,27.73422611616175,0.0
91,1,2,3.128175103593904,3.692294396558618,2.375128176128339,17.75003959265403,27.73422611616175,0.0
91,1,3,2.5872634382116275,2.8152751402746063,1.6247771948549077,17.75003959265403,27.73422611616175,0.0
91,1,4,3.07385752588122,3.6235015121464293,2.3033621096897536,17.75003959265403,27.73422611616175,0.0
91,1,5,2.954333991045721,3.472125676501343,2.1486464906495324,17.75003959265403,27.73422611616175,0.0
91,1,6,3.0149392169449714,3.5488818294011426,2.2265436286738813,17.75003959265403,27.73422611616175,0.0
91,1,7,2.819388994285789,2.5872634382116293,1.6689065827471037,17.75003959265403,27.73422611616175,0.0
91,1,8,4.741792104594983,5.735930591504156,4.900651301410516,17.75003959265403,27.73422611616175,0.0
91,1,9,4.036079974100608,4.842150436612574,3.704888389956639,17.75003959265403,27.73422611616175,0.0
91,2,0,4.0487331991354285,3.932917640212122,2.251559627471641,30.0679807724469,42.00770911043074,0.2
91,2,1,6.5546994919216175,8.628005866770286,5.139743140280267,30.0679807724469,42.00770911043074,0.2
91,2,2,4.804823988709443,6.505182527371847,3.530703659169509,30.0679807724469,42.00770911043074,0.2
91,2,3,3.2868830072457795,4.379239026868392,2.2136465469986284,30.0679807724469,42.00770911043074,0.2
91,2,4,4.659643058658956,6.2728793533268,3.382199024577761,30.0679807724469,42.00770911043074,0.2
91,2,5,4.346657290032244,6.08552857759555,3.1824162050667097,30.0679807724469,42.00770911043074,0.2
91,2,6,4.504241222214513,6.262848158284832,3.3136562224821966,30.0679807724469,42.00770911043074,0.2
91,2,7,3.3761556383747324,5.035303481297339,2.659876836120076,30.0679807724469,42.00770911043074,0.2
91,2,8,9.913893140580159,12.653796135534188,8.526791902982806,30.0679807724469,42.00770911043074,0.2
91,2,9,7.494895134700671,9.734710562241728,6.040521926166712,30.0679807724469,42.00770911043074,0.2
91,3,0,4.554847952551456,6.907195771617026,3.3395987686873836,45.82745929052637,56.10038715055175,0.2
91,3,1,10.397569859357779,13.70989168225307,7.107681030714069,45.82745929052637,56.10038715055175,0.2
91,3,2,7.142523847388858,9.807391122910298,4.70616417734917,45.82745929052637,56.10038715055175,0.2
91,3,3,4.4781507534809,6.136724182327986,2.803398559779444,45.82745929052637,56.10038715055175,0.2
91,3,4,6.842102742585964,9.363107218749807,4.476785675739054,45.82745929052637,56.10038715055175,0.2
91,3,5,6.437947171797585,5.360257201095435,2.911911041133996,45.82745929052637,56.10038715055175,0.2
91,3,6,6.703442394453099,9.460792986769373,4.42299461221768,45.82745929052637,56.10038715055175,0.2
91,3,7,5.380863297253791,7.9879358924928585,3.674072917368179,45.82745929052637,56.10038715055175,0.2
91,3,8,17.249483499020833,21.79638945880616,12.476715503343224,45.82745929052637,56.10038715055175,0.2
91,3,9,12.21982246974233,15.831566301865236,8.490143946751429,45.82745929052637,56.10038715055175,0.2
91,4,0,6.755923506667461,8.37937306286289,3.823236158227776,56.89207585923651,62.380115163937575,0.2
91,4,1,14.378658239884683,16.38839745823014,8.053407133139054,56.89207585923651,62.380115163937575,0.2
91,4,2,9.520450627213009,11.196377036799444,5.163377611118306,56.89207585923651,62.380115163937575,0.2
91,4,3,5.671204099771474,6.60731326290808,2.9522059519061483,56.89207585923651,62.380115163937575,0.2
91,4,4,9.056423743060984,10.694411383947966,4.913400049944136,56.89207585923651,62.380115163937575,0.2
91,4,5,5.890722094095735,7.899338302638288,3.819985042836734,56.89207585923651,62.380115163937575,0.2
91,4,6,8.947605787473005,10.578240517544009,4.782517178813013,56.89207585923651,62.380115163937575,0.2
91,4,7,7.432556216151102,5.858141534530452,2.95716443110711,56.89207585923651,62.380115163937575,0.2
91,4,8,25.240078642192508,27.801574564783177,14.793797035838352,56.89207585923651,62.380115163937575,0.2
91,4,9,17.17534561416582,19.34145749807109,9.767665379849,56.89207585923651,62.380115163937575,0.2
91,5,0,7.734309664709874,7.923437267448472,3.6763986090168332,57.65917248257118,58.52945402749088,0.2
91,5,1,16.291838130280084,15.660676169203736,7.801380669814533,57.65917248257118,58.52945402749088,0.2
91,5,2,10.445381793713326,10.27177590133477,4.861065824623434,57.65917248257118,58.52945402749088,0.2
91,5,3,5.972237675379667,5.660933977077346,2.6494204600623914,57.65917248257118,58.52945402749088,0.2
91,5,4,9.93968353513487,9.91035859230785,4.658379479022547,57.65917248257118,58.52945402749088,0.2
91,5,5,7.727732740829326,7.838245995748323,3.79928073430084,57.65917248257118,58.52945402749088,0.2
91,5,6,9.674910810343611,4.870380648992005,2.7788248003517726,57.65917248257118,58.52945402749088,0.2
91,5,7,5.9822685528926165,6.457443695190521,3.165818490918479,57.65917248257118,58.52945402749088,0.2
91,5,8,29.92747574480962,28.041099045525065,14.88290134046853,57.65917248257118,58.52945402749088,0.2
91,5,9,19.759739033237448,18.88675063922086,9.606350031563657,57.65917248257118,58.52945402749088,0.2
91,6,0,7.437261031300071,4.615972757782115,2.5186471101980836,52.91692260251676,54.351172713810556,0.2
91,6,1,15.781994994679211,14.299672439662977,7.320358930876661,52.91692260251676,54.351172713810556,0.2
91,6,2,9.833812726233376,9.088671923722067,4.462003695968758,52.91692260251676,54.351172713810556,0.2
91,6,3,5.359710314007714,4.159221718019145,2.135195637645389,52.91692260251676,54.351172713810556,0.2
91,6,4,9.42378339589446,8.83465942693276,4.298383635754297,52.91692260251676,54.351172713810556,0.2
91,6,5,7.6858484504054445,7.0880176092380385,3.5409151041287896,52.91692260251676,54.351172713810556,0.2
91,6,6,5.621492008450439,5.904948363652977,3.1799361913339346,52.91692260251676,54.351172713810556,0.2
91,6,7,6.40437041754125,6.029498326952449,3.0174521856636787,52.91692260251676,54.351172713810556,0.2
91,6,8,30.107731490452046,26.739355656085763,14.395830922064915,52.91692260251676,54.351172713810556,0.2
91,6,9,19.433402179934696,17.54703692560679,9.124119984701345,52.91692260251676,54.351172713810556,0.2
91,7,0,5.095159147958152,6.9864981801717665,3.3663924306722266,52.83251671365803,56.70524119592726,0.2
91,7,1,14.808900231386517,16.00303348686742,7.920374797334826,52.83251671365803,56.70524119592726,0.2
91,7,2,9.026520173344291,4.037536216162289,2.5284893488481726,52.83251671365803,56.70524119592726,0.2
91,7,3,4.319446555962194,5.949401438023282,2.7432192193009457,52.83251671365803,56.70524119592726,0.2
91,7,4,8.695520946332449,4.963558421088128,2.8709623827150628,52.83251671365803,56.70524119592726,0.2
91,7,5,7.163181341242397,8.510707938918218,4.024613168675201,52.83251671365803,56.70524119592726,0.2
91,7,6,6.432930166991137,8.12612646274312,3.976359449554585,52.83251671365803,56.70524119592726,0.2
91,7,7,6.104229149474405,7.498032574381671,3.5148492064405064,52.83251671365803,56.70524119592726,0.2
91,7,8,29.122400402194188,29.917817511128668,15.57334902492001,52.83251671365803,56.70524119592726,0.2
91,7,9,18.457863040393402,19.579482802376305,9.851654795773714,52.83251671365803,56.70524119592726,0.2
91,8,0,6.8101264044916965,9.167537577912618,4.0715516234932,60.43069955021134,66.65871409221867,0.2
91,8,1,16.02271709303647,19.44634921398554,9.078012359572764,60.43069955021134,66.65871409221867,0.2
91,8,2,5.115069746823447,8.164089823487263,4.139187204979388,60.43069955021134,66.65871409221867,0.2
91,8,3,5.549462822116664,6.578297158550934,2.9431247061038017,60.43069955021134,66.65871409221867,0.2
91,8,4,5.807883997922972,8.591829199223566,4.2153365098602595,60.43069955021134,66.65871409221867,0.2
91,8,5,8.141690243281268,10.85506265576512,4.77189410041986,60.43069955021134,66.65871409221867,0.2
91,8,6,8.04407419480631,10.804516165999848,4.853900383686146,60.43069955021134,66.65871409221867,0.2
91,8,7,7.110450692109994,5.766349690666883,2.9246523867882166,60.43069955021134,66.65871409221867,0.2
91,8,8,31.50448962356852,36.601017863821795,17.9339640578043,60.43069955021134,66.65871409221867,0.2
91,8,9,19.929647488911023,23.737595632072328,11.273377341480652,60.43069955021134,66.65871409221867,0.2
91,9,0,8.23664554547052,8.558797103298977,3.880359544916325,73.25364894186336,77.62561361727964,0.2
91,9,1,18.364588485568593,23.964666407471437,10.507613381103015,73.25364894186336,77.62561361727964,0.2
91,9,2,8.373470609347656,12.821755621018077,5.677313459701202,73.25364894186336,77.62561361727964,0.2
91,9,3,5.953866545721474,9.631135351862815,3.8432927209429213,73.25364894186336,77.62561361727964,0.2
91,9,4,8.527518719463375,12.718300246049479,5.547185089083382,73.25364894186336,77.62561361727964,0.2
91,9,5,9.65342059250595,7.329760881751759,3.625025181171219,73.25364894186336,77.62561361727964,0.2
91,9,6,9.81931722116919,14.310813655306063,5.909247242778274,73.25364894186336,77.62561361727964,0.2
91,9,7,5.916497512813404,10.357196199920008,4.406696230479414,73.25364894186336,77.62561361727964,0.2
91,9,8,36.2799538920273,44.7549418660971,20.645232539719984,73.25364894186336,77.62561361727964,0.2
91,9,9,22.805756097094466,29.05394108174564,12.986492551888945,73.25364894186336,77.62561361727964,0.2
91,10,0,7.849868825447411,11.069473305697855,4.645922132193958,80.82470864727117,80.82761265494246,0.2
91,10,1,21.256635050284565,25.198522369154702,10.883451985893753,80.82470864727117,80.82761265494246,0.2
91,10,2,11.485060965030359,14.858428453959881,6.294491349947123,80.82470864727117,80.82761265494246,0.2
91,10,3,7.774883581786584,9.240968745232596,3.7336316889099685,80.82470864727117,80.82761265494246,0.2
91,10,4,11.221814575618493,14.434272368950246,6.061062087375394,80.82470864727117,80.82761265494246,0.2
91,10,5,7.333333891293163,11.198652291161386,4.877128464659147,80.82470864727117,80.82761265494246,0.2
91,10,6,11.954257118703808,8.03554791461219,3.945281346147075,80.82470864727117,80.82761265494246,0.2
91,10,7,8.914634575081086,12.109278360897768,4.916163924451301,80.82470864727117,80.82761265494246,0.2
91,10,8,41.764781183738236,47.247206728340245,21.443436068864774,80.82470864727117,80.82761265494246,0.2
91,10,9,26.27134466663869,30.58367318882772,13.461426544370424,80.82470864727117,80.82761265494246,0.2
91,11,0,9.398582499589466,10.014829362528104,4.331452380976043,76.43041989223472,72.89153323836723,0.2
91,11,1,22.01694700411154,21.623525302948668,9.778059204928427,76.43041989223472,72.89153323836723,0.2
91,11,2,12.733596165007897,13.0386918149561,5.744383699343888,76.43041989223472,72.89153323836723,0.2
91,11,3,7.553042098605049,7.435569638750863,3.2066325356394954,76.43041989223472,72.89153323836723,0.2
91,11,4,12.261374694291451,12.653603085550081,5.527417266539821,76.43041989223472,72.89153323836723,0.2
91,11,5,9.866307039147218,10.350858802684396,4.6156368496328,76.43041989223472,72.89153323836723,0.2
91,11,6,7.981203980778784,9.246624512860851,4.352666451145547,76.43041989223472,72.89153323836723,0.2
91,11,7,9.945274783079835,6.593265697795027,3.2122843062316275,76.43041989223472,72.89153323836723,0.2
91,11,8,43.37952665442654,41.45755792832753,19.568326327889586,76.43041989223472,72.89153323836723,0.2
91,11,9,27.232124073436168,26.547697232685874,12.191780468802083,76.43041989223472,72.89153323836723,0.2
91,12,0,8.762418178201836,4.9024437693123915,2.6270714890939812,65.60245130048399,62.87825469083726,0.2
91,12,1,19.78076547744287,17.648298826107734,8.481957801917448,65.60245130048399,62.87825469083726,0.2
91,12,2,11.620742356713807,10.668997709286046,4.991903280713112,65.60245130048399,62.87825469083726,0.2
91,12,3,6.486936193621371,5.644389631781863,2.6439979419881263,65.60245130048399,62.87825469083726,0.2
91,12,4,11.181824772576924,10.406337949860761,4.820375312601912,65.60245130048399,62.87825469083726,0.2
91,12,5,9.33731614200202,8.48677360884655,4.016687039242418,65.60245130048399,62.87825469083726,0.2
91,12,6,8.805333703466138,8.293348883735785,4.033463093577025,65.60245130048399,62.87825469083726,0.2
91,12,7,6.498369582013919,6.4659504776735925,3.1687372817510893,65.60245130048399,62.87825469083726,0.2
91,12,8,39.586227263070455,34.608726721344254,17.244913326780296,65.60245130048399,62.87825469083726,0.2
91,12,9,24.663662302667323,21.930189865662733,10.665421140829888,65.60245130048399,62.87825469083726,0.2
91,13,0,5.314498913245742,6.683521563500524,3.26352394814612,59.50437783101355,60.986207797126596,0.2
91,13,1,17.158785251037344,17.088506750042967,8.292719837772207,59.50437783101355,60.986207797126596,0.2
91,13,2,10.098493577549013,10.519187347025062,4.942733100069808,59.50437783101355,60.986207797126596,0.2
91,13,3,5.348740697637405,4.6783735819227115,2.318438883686495,59.50437783101355,60.986207797126596,0.2
91,13,4,9.751496853667467,5.239111362595192,2.9816224278204584,59.50437783101355,60.986207797126596,0.2
91,13,5,8.125655884706848,8.594536290237683,4.052321349972001,59.50437783101355,60.986207797126596,0.2
91,13,6,8.159593416631632,8.74411576076942,4.185701574567783,59.50437783101355,60.986207797126596,0.2
91,13,7,6.410275057278804,7.147868168947432,3.3991250771840473,59.50437783101355,60.986207797126596,0.2
91,13,8,34.886021760221794,33.50722169745897,16.858851072662446,59.50437783101355,60.986207797126596,0.2
91,13,9,21.575876141001686,21.229859433991148,10.425846290572554,59.50437783101355,60.986207797126596,0.2
91,14,0,6.602026076479391,9.393725821264631,4.14161354676697,63.54864721886785,67.16973225636727,0.2
91,14,1,16.77596165488863,20.236850296529557,9.3347814959179,63.54864721886785,67.16973225636727,0.2
91,14,2,9.99902355068535,6.155695784107797,3.396828581076141,63.54864721886785,67.16973225636727,0.2
91,14,3,4.690142989610043,7.512209001467923,3.2297327436816303,63.54864721886785,67.16973225636727,0.2
91,14,4,6.031746459182134,9.494442334781683,4.52065046007091,63.54864721886785,67.16973225636727,0.2
91,14,5,8.197743190451215,5.150442454674054,2.8316484876049417,63.54864721886785,67.16973225636727,0.2
91,14,6,8.467567997886212,11.462666074549567,5.059027977790911,63.54864721886785,67.16973225636727,0.2
91,14,7,6.876343717205453,9.769030820153956,4.22999259944885,63.54864721886785,67.16973225636727,0.2
91,14,8,34.10502762341507,38.81907024417625,18.687993371443476,63.54864721886785,67.16973225636727,0.2
91,14,9,21.09122230245209,24.842850833960878,11.6382943490025,63.54864721886785,67.16973225636727,0.2
91,15,0,8.37837903717187,7.046844273891853,3.386720280469854,73.82361534168851,78.09127064663596,0.2
91,15,1,18.88402592825954,24.105161399890324,10.550696830648825,73.82361534168851,78.09127064663596,0.2
91,15,2,6.871697963894052,10.917579051959928,5.073037452200559,73.82361534168851,78.09127064663596,0.2
91,15,3,6.5336673279073345,8.035431657046445,3.3856001958892685,73.82361534168851,78.09127064663596,0.2
91,15,4,9.145161087906445,12.848931254402498,5.587006922319523,73.82361534168851,78.09127064663596,0.2
91,15,5,5.728352986412412,9.863841207117519,4.462522444242423,73.82361534168851,78.09127064663596,0.2
91,15,6,10.23428513524086,14.33579113437981,5.916464976393858,73.82361534168851,78.09127064663596,0.2
91,15,7,8.557167616539207,12.419279164179654,5.003927909784743,73.82361534168851,78.09127064663596,0.2
91,15,8,37.805336046463026,45.99851690396209,21.04513719572029,73.82361534168851,78.09127064663596,0.2
91,15,9,23.543973936978446,29.427441404419163,13.103131130089494,73.82361534168851,78.09127064663596,0.2
91,16,0,6.851249128447476,11.19827575817789,4.683697810941487,83.16945101902854,82.8171566480745,0.2
91,16,1,21.34379177469828,26.62082964617905,11.309911947053171,83.16945101902854,82.8171566480745,0.2
91,16,2,10.262625946229178,14.79843265457772,6.276689297738183,83.16945101902854,82.8171566480745,0.2
91,16,3,6.848983225783246,10.567807010891045,4.101272580317591,83.16945101902854,82.8171566480745,0.2
91,16,4,11.302373133059925,15.433485509465285,6.351804440448677,83.16945101902854,82.8171566480745,0.2
91,16,5,9.02756958792935,13.539307150739353,5.5701343631483615,83.16945101902854,82.8171566480745,0.2
91,16,6,11.96885841052832,7.717636591018702,3.835360222584928,83.16945101902854,82.8171566480745,0.2
91,16,7,10.122819096819676,9.072033498449498,4.0163987510791666,83.16945101902854,82.8171566480745,0.2
91,16,8,42.57377814805324,50.19301445200933,22.370792838257813,83.16945101902854,82.8171566480745,0.2
91,16,9,26.507301548536535,32.32456727574294,13.99333523544193,83.16945101902854,82.8171566480745,0.2
91,17,0,9.47500173845841,10.891221422680426,4.593425401386934,80.43282324049942,76.97322321137898,0.2
91,17,1,22.87966467644492,23.739902805916447,10.438530607181955,80.43282324049942,76.97322321137898,0.2
91,17,2,12.697583065436486,14.004110631050764,6.038909204079807,80.43282324049942,76.97322321137898,0.2
91,17,3,8.296770286422404,8.199180904591847,3.4337490402727737,80.43282324049942,76.97322321137898,0.2
91,17,4,12.849539091741997,14.043601328207544,5.945758290420793,80.43282324049942,76.97322321137898,0.2
91,17,5,11.268240374301337,7.255189546733718,3.5991694769776394,80.43282324049942,76.97322321137898,0.2
91,17,6,7.758836339038188,10.0855323043595,4.625474700606169,80.43282324049942,76.97322321137898,0.2
91,17,7,8.125072685073087,9.749946656424727,4.224206489893488,80.43282324049942,76.97322321137898,0.2
91,17,8,45.255545850550554,45.39628428519245,20.85188378297672,80.43282324049942,76.97322321137898,0.2
91,17,9,28.308161848723504,29.059560269870204,12.988250661034094,80.43282324049942,76.97322321137898,0.2
91,18,0,9.292382946215643,5.386495670650107,2.80606338581593,69.57303683764849,65.88244256944134,0.2
91,18,1,21.11688235286022,18.974967627918375,8.92340992056633,69.57303683764849,65.88244256944134,0.2
91,18,2,12.216559973912348,11.33688442316037,5.208650655730626,69.57303683764849,65.88244256944134,0.2
91,18,3,6.946387115328112,6.164885672694134,2.812397750577869,69.57303683764849,65.88244256944134,0.2
91,18,4,12.028118040960075,11.24540696338205,5.08926340692234,69.57303683764849,65.88244256944134,0.2
91,18,5,7.281028458263105,7.484844508845441,3.6785453184328514,69.57303683764849,65.88244256944134,0.2
91,18,6,9.357217864708728,8.903556025954291,4.238982070442145,69.57303683764849,65.88244256944134,0.2
91,18,7,8.545462463835314,7.921239860991873,3.6525720095956458,69.57303683764849,65.88244256944134,0.2
91,18,8,42.18283140135434,37.14523038188668,18.120209736440444,69.57303683764849,65.88244256944134,0.2
91,18,9,26.274901276795685,23.5312734276759,11.20469749478997,69.57303683764849,65.88244256944134,0.2
91,19,0,5.676594975175392,6.701119954319597,3.2695368079635805,60.934755153859555,61.00638926471122,0.2
91,19,1,18.051831677276258,17.16926193105914,8.320132674672177,60.934755153859555,61.00638926471122,0.2
91,19,2,10.53696801334623,10.446105916305072,4.918670432731128,60.934755153859555,61.00638926471122,0.2
91,19,3,5.689409234240355,5.620514262159395,2.636164218372579,60.934755153859555,61.00638926471122,0.2
91,19,4,10.29545064060589,4.691405550936181,2.7598430814938504,60.934755153859555,61.00638926471122,0.2
91,19,5,7.441603769937313,7.767213330290538,3.77514664411618,60.934755153859555,61.00638926471122,0.2
91,19,6,8.575353088089123,8.652982402784588,4.155116518942327,60.934755153859555,61.00638926471122,0.2
91,19,7,7.389060425699533,7.446495312762648,3.497920349877736,60.934755153859555,61.00638926471122,0.2
91,19,8,36.656724170574186,33.79401309751503,16.959729393944627,60.934755153859555,61.00638926471122,0.2
91,19,9,22.66681851122565,21.36367063432487,10.471802587632048,60.934755153859555,61.00638926471122,0.2
91,20,0,6.614189939205644,6.806964191550272,3.3056013912710274,61.9207360041719,61.00638926471122,0.2
91,20,1,16.831417127843466,17.28004449396396,8.357675651671594,61.9207360041719,61.00638926471122,0.2
91,20,2,9.950345385682192,10.239369040316234,4.850325269420275,61.9207360041719,61.00638926471122,0.2
91,20,3,5.3328932736847925,5.519587505602138,2.602938211693576,61.9207360041719,61.00638926471122,0.2
91,20,4,5.583092473203397,5.737030564550473,3.177264132582585,61.9207360041719,61.00638926471122,0.2
91,20,5,7.637025798798508,7.902979354366578,3.821217482923203,61.9207360041719,61.00638926471122,0.2
91,20,6,8.405695207001825,8.689743412843079,4.16746536925636,61.9207360041719,61.00638926471122,0.2
91,20,7,7.076204045157739,7.3366685163713505,3.461726876157962,61.9207360041719,61.00638926471122,0.2
91,20,8,34.30910190576705,35.154027481389555,17.43466641900667,61.9207360041719,61.00638926471122,0.2
91,20,9,21.1841907244358,21.721234462264036,10.594183406154805,61.9207360041719,61.00638926471122,0.2
92,0,0,2.0,2.0,1.4061744391683595,18.0420973993466,18.0420973993466,0.0
92,0,1,2.0,2.0,1.6464571174293727,18.0420973993466,18.0420973993466,0.0
92,0,2,2.0,2.0,1.5144017151957903,18.0420973993466,18.0420973993466,0.0
92,0,3,2.0,2.0,1.5906696041878579,18.0420973993466,18.0420973993466,0.0
92,0,4,2.0,2.0,1.497397887995704,18.0420973993466,18.0420973993466,0.0
92,0,5,2.0,2.0,1.4462963837083043,18.0420973993466,18.0420973993466,0.0
92,0,6,2.0,2.0,1.3990170112630897,18.0420973993466,18.0420973993466,0.0
92,0,7,2.0,2.0,1.6597332091062305,18.0420973993466,18.0420973993466,0.0
92,0,8,2.0,2.0,1.5147705680642338,18.0420973993466,18.0420973993466,0.0
92,0,9,2.0,2.0,1.4564985434594029,18.0420973993466,18.0420973993466,0.0
92,1,0,2.8446551834687597,2.8301758885648707,1.7930301857267934,18.0420973993466,27.376864403353895,0.0
92,1,1,3.3307409400959362,4.070218809743759,2.707458800987591,18.0420973993466,27.376864403353895,0.0
92,1,2,3.0635962146584723,3.717901640127663,2.3373762295216567,18.0420973993466,27.376864403353895,0.0
92,1,3,3.217884217419934,3.921380531015827,2.5483922587235215,18.0420973993466,27.376864403353895,0.0
92,1,4,3.0291979040106547,3.672536284599235,2.2913555607110476,18.0420973993466,27.376864403353895,0.0
92,1,5,2.9258208584570644,3.5362000420136,2.155321597559742,18.0420973993466,27.376864403353895,0.0
92,1,6,2.830175888564871,3.1344665209647196,1.9160928187558561,18.0420973993466,27.376864403353895,0.0
92,1,7,3.3575981364386003,4.105638754433948,2.7458942059906892,18.0420973993466,27.376864403353895,0.0
92,1,8,3.064342394645057,3.718885721024139,2.3383786886294273,18.0420973993466,27.376864403353895,0.0
92,1,9,2.9464595685702295,3.5634188909715574,2.182206636971556,18.0420973993466,27.376864403353895,0.0
92,2,0,3.6272545353336443,5.441682529914589,2.833553671263268,29.680548108398146,40.23040098767346,0.2
92,2,1,5.477120403932573,7.5757061219443775,4.182400427026809,29.680548108398146,40.23040098767346,0.2
92,2,2,4.728452759358803,6.830359026734549,3.5779195276184437,29.680548108398146,40.23040098767346,0.2
92,2,3,5.155332828106952,7.180010469659296,3.8917643871397996,29.680548108398146,40.23040098767346,0.2
92,2,4,4.635354114957171,6.562711891723932,3.4401276385798103,29.680548108398146,40.23040098767346,0.2
92,2,5,4.360160861810697,4.246756496813675,2.4500585062450737,29.680548108398146,40.23040098767346,0.2
92,2,6,3.876207117023635,5.717009748997349,2.9182349288415206,29.680548108398146,40.23040098767346,0.2
92,2,7,5.554874252264113,7.747207746270643,4.282712570532653,29.680548108398146,40.23040098767346,0.2
92,2,8,4.7304807086783915,6.807437886970746,3.57038001106307,29.680548108398146,40.23040098767346,0.2
92,2,9,4.414548613849349,4.83497641750141,2.7018741099041232,29.680548108398146,40.23040098767346,0.2
92,3,0,5.732207124574903,5.932154330807329,3.010002879496881,43.88854099749914,52.79914493642024,0.2
92,3,1,8.460889860236817,11.493932545872498,5.599606096862727,43.88854099749914,52.79914493642024,0.2
92,3,2,7.238040350309134,10.286762795384194,4.765573846567956,43.88854099749914,52.79914493642024,0.2
92,3,3,7.872940531662493,10.789961677929416,5.175745543967036,43.88854099749914,52.79914493642024,0.2
92,3,4,6.959290857731584,9.726174532926002,4.53080801677505,43.88854099749914,52.79914493642024,0.2
92,3,5,4.956406143830721,7.772030169750307,3.7403344541795724,43.88854099749914,52.79914493642024,0.2
92,3,6,5.9035151583456615,6.692685284951661,3.2585341787756836,43.88854099749914,52.79914493642024,0.2
92,3,7,8.663818779324215,11.850710109807121,5.766845933686856,43.88854099749914,52.79914493642024,0.2
92,3,8,7.222788099768456,10.230560862427232,4.748489386090192,43.88854099749914,52.79914493642024,0.2
92,3,9,5.465822715682704,8.094886290776445,3.875578915232711,43.88854099749914,52.79914493642024,0.2
92,4,0,6.089159392259106,8.838846920755007,3.9791941642695017,53.544246512318416,57.09380122584422,0.2
92,4,1,11.327860943230155,13.981304142851116,6.422628544832836,53.544246512318416,57.09380122584422,0.2
92,4,2,9.640634879453675,7.384939056549048,3.778878572394814,53.544246512318416,57.09380122584422,0.2
92,4,3,10.470401807807555,13.034510589532406,5.90779335236524,53.544246512318416,57.09380122584422,0.2
92,4,4,9.165709567188218,11.578411678187454,5.118827686455845,53.544246512318416,57.09380122584422,0.2
92,4,5,7.566601622542228,10.116482916648012,4.498388809044871,53.544246512318416,57.09380122584422,0.2
92,4,6,6.591931899748147,9.16679154521967,4.0611978462597,53.544246512318416,57.09380122584422,0.2
92,4,7,11.666182886406416,14.34736984794158,6.592617704159974,53.544246512318416,57.09380122584422,0.2
92,4,8,9.606073449732632,6.263569416724836,3.3682257187446707,53.544246512318416,57.09380122584422,0.2
92,4,9,7.840197732991927,10.332375451023811,4.597578814529657,53.544246512318416,57.09380122584422,0.2
92,5,0,8.049808750692712,8.495699424157825,3.8704155817482166,52.772928102410845,53.07585134971623,0.2
92,5,1,12.992814456475612,12.997773665059531,6.102920406662978,52.772928102410845,53.07585134971623,0.2
92,5,2,7.6445753949413815,8.491908924783965,4.167003116674713,52.772928102410845,53.07585134971623,0.2
92,5,3,11.95131593531686,12.008444457837149,5.578272333970124,52.772928102410845,53.07585134971623,0.2
92,5,4,10.355258427376812,5.675323532376801,3.1074894030333544,52.772928102410845,53.07585134971623,0.2
92,5,5,9.100126333170577,9.236765869131322,4.2208533003533155,52.772928102410845,53.07585134971623,0.2
92,5,6,8.215700117040479,6.612293595393098,3.23108578301167,52.772928102410845,53.07585134971623,0.2
92,5,7,13.336698209261948,13.159538820657875,6.205628250076352,52.772928102410845,53.07585134971623,0.2
92,5,8,6.813835099709591,8.043722343446035,4.01278425671785,52.772928102410845,53.07585134971623,0.2
92,5,9,9.30078519553581,9.628978920863693,4.376180462369055,52.772928102410845,53.07585134971623,0.2
92,6,0,7.829752440465252,5.830246122972387,2.9737128153511527,47.986279123950716,48.76860167079174,0.2
92,6,1,12.346053011302489,11.669745011497138,5.659425972138122,47.986279123950716,48.76860167079174,0.2
92,6,2,8.429741492378225,8.157735566871548,4.0515278852580305,47.986279123950716,48.76860167079174,0.2
92,6,3,11.284703282626378,10.714346309298927,5.150328864889171,47.986279123950716,48.76860167079174,0.2
92,6,4,6.286372153899395,7.0313946455024166,3.6103162907476922,47.986279123950716,48.76860167079174,0.2
92,6,5,8.53867904654304,5.09956753576516,2.7849002664990175,47.986279123950716,48.76860167079174,0.2
92,6,6,6.536404492114295,6.736260552526066,3.273370861862252,47.986279123950716,48.76860167079174,0.2
92,6,7,12.553828370468844,11.695789343473216,5.713970093830717,47.986279123950716,48.76860167079174,0.2
92,6,8,8.11776065476295,8.006562288466727,3.9997985802747276,47.986279123950716,48.76860167079174,0.2
92,6,9,8.852901951080321,8.613286127498776,4.047690241834935,47.986279123950716,48.76860167079174,0.2
92,7,0,6.015745514005412,7.806715395566986,3.6479262118670337,47.40593135756081,51.356146252895876,0.2
92,7,1,11.448875031906981,12.810812822819623,6.041337620010008,47.40593135756081,51.356146252895876,0.2
92,7,2,8.196138031483294,9.68899075198398,4.56998815935853,47.40593135756081,51.356146252895876,0.2
92,7,3,10.418984511438428,5.2929700546794365,3.1437542621742782,47.40593135756081,51.356146252895876,0.2
92,7,4,7.303578179469028,9.06534758982517,4.313058431416606,47.40593135756081,51.356146252895876,0.2
92,7,5,5.633782522192086,7.711202215849376,3.7198186523091374,47.40593135756081,51.356146252895876,0.2
92,7,6,6.621946132884578,8.15212305021294,3.741032721325786,47.40593135756081,51.356146252895876,0.2
92,7,7,11.559216405052945,12.89870207079117,6.119268295398282,47.40593135756081,51.356146252895876,0.2
92,7,8,8.091490961063622,9.629046363449985,4.551286299236012,47.40593135756081,51.356146252895876,0.2
92,7,9,8.188374576287599,6.344194234915587,3.2677783216853564,47.40593135756081,51.356146252895876,0.2
92,8,0,7.379662094865228,7.1293713102786125,3.423371778948926,54.73017623789535,60.579160633916885,0.2
92,8,1,12.221472597674413,15.468930865239331,6.893688189533588,54.73017623789535,60.579160633916885,0.2
92,8,2,9.244970000733758,12.478369415419152,5.4554500388189595,54.73017623789535,60.579160633916885,0.2
92,8,3,6.359735043068398,9.915995542903289,4.8785910122548595,54.73017623789535,60.579160633916885,0.2
92,8,4,8.72520768532041,11.709419007096663,5.159302143626748,54.73017623789535,60.579160633916885,0.2
92,8,5,7.525098676315823,10.531609886679417,4.626820358048203,54.73017623789535,60.579160633916885,0.2
92,8,6,7.56801419924793,8.030821505140135,3.7019792455813683,54.73017623789535,60.579160633916885,0.2
92,8,7,12.379124375092287,15.784706501468477,7.048275066608529,54.73017623789535,60.579160633916885,0.2
92,8,8,9.207136612601989,12.40501634267472,5.43430487808983,54.73017623789535,60.579160633916885,0.2
92,8,9,6.610632566118016,9.587116416128673,4.3628537846074185,54.73017623789535,60.579160633916885,0.2
92,9,0,6.9253941791796265,12.071052787365451,4.949254728448068,66.57260984858571,70.54949452071496,0.2
92,9,1,13.94575615609394,8.316062570551916,4.464489960706535,66.57260984858571,70.54949452071496,0.2
92,9,2,11.03623689836048,16.660698980544478,6.67890626355977,66.57260984858571,70.54949452071496,0.2
92,9,3,9.869265735794894,15.5311890814482,6.678859080138691,66.57260984858571,70.54949452071496,0.2
92,9,4,10.437137226466199,10.14176224994279,4.665472318556938,66.57260984858571,70.54949452071496,0.2
92,9,5,9.359940095543703,14.523069354632579,5.7939826618457895,66.57260984858571,70.54949452071496,0.2
92,9,6,7.489010009501363,12.583266726705423,5.069409566169794,66.57260984858571,70.54949452071496,0.2
92,9,7,14.25848148299403,20.162743133442746,8.365694848067804,66.57260984858571,70.54949452071496,0.2
92,9,8,10.993460775144234,16.548197015420126,6.648923546345394,66.57260984858571,70.54949452071496,0.2
92,9,9,8.825942420372682,13.77167847693218,5.621857978019731,66.57260984858571,70.54949452071496,0.2
92,10,0,10.012216639290948,13.708254089472442,5.410105127682383,73.45696960235983,73.15409652819581,0.2
92,10,1,9.031549823775128,14.750334600057286,6.667925476356548,73.45696960235983,73.15409652819581,0.2
92,10,2,13.511257773803498,9.702509210119656,4.574450583923216,73.45696960235983,73.15409652819581,0.2
92,10,3,13.511162322940782,17.72098743455796,7.324880226532043,73.45696960235983,73.15409652819581,0.2
92,10,4,9.43813203016415,13.93509645234465,5.827646562275946,73.45696960235983,73.15409652819581,0.2
92,10,5,11.721079798389361,11.193753331368473,4.828578719718992,73.45696960235983,73.15409652819581,0.2
92,10,6,10.255286824911806,13.913972165759354,5.438984103457448,73.45696960235983,73.15409652819581,0.2
92,10,7,16.923588247663158,21.197776412003687,8.664041058109138,73.45696960235983,73.15409652819581,0.2
92,10,8,13.450603498229551,17.41125127721602,6.889803717148541,73.45696960235983,73.15409652819581,0.2
92,10,9,11.372875933769054,15.061152424354002,5.985353431501808,73.45696960235983,73.15409652819581,0.2
92,11,0,10.944505294573908,8.116589447766316,3.7486915534772898,69.17435924225808,65.70662288199775,0.2
92,11,1,13.489043920126361,14.872343469537155,6.706485833872569,69.17435924225808,65.70662288199775,0.2
92,11,2,9.253997372313831,11.020571633518001,5.001070549600828,69.17435924225808,65.70662288199775,0.2
92,11,3,14.818046697688153,15.52320525061953,6.676455600579802,69.17435924225808,65.70662288199775,0.2
92,11,4,11.789181014132591,12.769134137956256,5.481876329904068,69.17435924225808,65.70662288199775,0.2
92,11,5,9.768092137956312,11.013799458388268,4.774108869285057,69.17435924225808,65.70662288199775,0.2
92,11,6,11.00292672924342,9.097583791735884,4.039710501729252,69.17435924225808,65.70662288199775,0.2
92,11,7,17.52713505467543,17.812350266401346,7.670472997427043,69.17435924225808,65.70662288199775,0.2
92,11,8,13.937897967097346,14.195467028330398,5.972149089280903,69.17435924225808,65.70662288199775,0.2
92,11,9,12.10821800592808,12.846191875631995,5.3546506395648725,69.17435924225808,65.70662288199775,0.2
92,12,0,7.583507822209798,8.400169541861919,3.839899327382385,59.136024943245936,55.99329465381122,0.2
92,12,1,13.567050544218626,13.386403865348328,6.230087887764469,59.136024943245936,55.99329465381122,0.2
92,12,2,10.117038729724527,10.085947027041481,4.7002588288631,59.136024943245936,55.99329465381122,0.2
92,12,3,13.506300144824671,13.056990081513879,5.914923570554266,59.136024943245936,55.99329465381122,0.2
92,12,4,11.089696614183195,10.927209732534083,4.915556750820255,59.136024943245936,55.99329465381122,0.2
92,12,5,9.657901013680652,9.619808021830835,4.342629586581481,59.136024943245936,55.99329465381122,0.2
92,12,6,8.172231764683238,8.57451347079246,3.8756864912420705,59.136024943245936,55.99329465381122,0.2
92,12,7,15.517172097576104,14.565830042966786,6.662725999338442,59.136024943245936,55.99329465381122,0.2
92,12,8,12.081505956912872,6.0443207970286,3.2852552311000296,59.136024943245936,55.99329465381122,0.2
92,12,9,10.832322273267264,7.066923781828938,3.5241171979302526,59.136024943245936,55.99329465381122,0.2
92,13,0,7.768018832782016,8.73480638778655,3.9463490949796074,52.988846103725855,54.203062992343135,0.2
92,13,1,12.603309596408648,13.287566892437628,6.197852716072465,52.988846103725855,54.203062992343135,0.2
92,13,2,9.508504257180125,10.226999657295766,4.746176283561104,52.988846103725855,54.203062992343135,0.2
92,13,3,11.965740185655724,12.574871093958699,5.761180268059222,52.988846103725855,54.203062992343135,0.2
92,13,4,9.94404648624218,5.858667393028362,3.177425740051673,52.988846103725855,54.203062992343135,0.2
92,13,5,8.785029381319003,6.831590804159686,3.4174454817184077,52.988846103725855,54.203062992343135,0.2
92,13,6,7.840415356527186,8.6941189021751,3.9134510060947467,52.988846103725855,54.203062992343135,0.2
92,13,7,13.478525510148982,13.90892748042073,6.45093753675332,52.988846103725855,54.203062992343135,0.2
92,13,8,6.6459879100729715,8.395391646864173,4.134800249962817,52.988846103725855,54.203062992343135,0.2
92,13,9,7.129199603551766,8.59624380937556,4.042082421520582,52.988846103725855,54.203062992343135,0.2
92,14,0,7.983364009553664,6.959571159030839,3.366091662059096,56.480497028785194,60.907527548315265,0.2
92,14,1,12.53809866262301,15.37744436775291,6.865123304933245,56.480497028785194,60.907527548315265,0.2
92,14,2,9.60139410205287,12.421760786162977,5.438114017438951,56.480497028785194,60.907527548315265,0.2
92,14,3,11.654721388709884,14.377889614425765,6.327695716756655,56.480497028785194,60.907527548315265,0.2
92,14,4,6.427851587794978,9.52569941317892,4.465232020425189,56.480497028785194,60.907527548315265,0.2
92,14,5,6.913405430368675,9.760706315723619,4.387055971889683,56.480497028785194,60.907527548315265,0.2
92,14,6,7.916812011120325,7.8912098058702504,3.6568109733278114,56.480497028785194,60.907527548315265,0.2
92,14,7,13.050082828280894,15.983700819990654,7.110357320770777,56.480497028785194,60.907527548315265,0.2
92,14,8,8.364595910747024,11.295149851933193,5.089208679372732,56.480497028785194,60.907527548315265,0.2
92,14,9,8.177030098190968,10.75228052620514,4.727586330987864,56.480497028785194,60.907527548315265,0.2
92,15,0,6.809517957224746,11.72524222814019,4.849572749841615,66.94107202897017,70.77896431481355,0.2
92,15,1,13.887970119895181,19.292595759255136,8.04642360016164,66.94107202897017,70.77896431481355,0.2
92,15,2,11.001166567322082,16.41168137382433,6.608870615176362,66.94107202897017,70.77896431481355,0.2
92,15,3,12.800767755905538,9.487428091750207,4.730019524510412,66.94107202897017,70.77896431481355,0.2
92,15,4,9.03305099174285,14.100383677893275,5.875947007007805,66.94107202897017,70.77896431481355,0.2
92,15,5,8.874902830678884,13.868804945744882,5.610009949140565,66.94107202897017,70.77896431481355,0.2
92,15,6,7.397635741689753,12.26868908807294,4.9803597070738155,66.94107202897017,70.77896431481355,0.2
92,15,7,14.384072306710404,20.071019358920516,8.339036747873614,66.94107202897017,70.77896431481355,0.2
92,15,8,10.295339928162727,15.668719346060948,6.399548170175261,66.94107202897017,70.77896431481355,0.2
92,15,9,9.563787100051625,8.178643982567577,3.9036059409375032,66.94107202897017,70.77896431481355,0.2
92,16,0,9.81056252779325,14.152604712602592,5.5322738033249,75.38163429809732,74.66928777525744,0.2
92,16,1,16.27771062039954,21.2430754267719,8.607590561592854,75.38163429809732,74.66928777525744,0.2
92,16,2,13.369577435538151,10.269690637934582,4.760036125142154,75.38163429809732,74.66928777525744,0.2
92,16,3,9.56870938876169,15.246626211151375,6.592962606796767,75.38163429809732,74.66928777525744,0.2
92,16,4,11.886891587332592,16.49832037422007,6.55879462661689,75.38163429809732,74.66928777525744,0.2
92,16,5,11.348907672203339,8.862484111505031,4.100389682405529,75.38163429809732,74.66928777525744,0.2
92,16,6,10.075141221202529,14.421607012738459,5.577140149975131,75.38163429809732,74.66928777525744,0.2
92,16,7,16.869659587899093,22.03990078843012,8.903567006074264,75.38163429809732,74.66928777525744,0.2
92,16,8,12.946123444622982,17.798824175399705,6.996805160079108,75.38163429809732,74.66928777525744,0.2
92,16,9,7.896895694302829,13.02313306272401,5.406172415539882,75.38163429809732,74.66928777525744,0.2
92,17,0,11.191649423171164,7.777940643328988,3.6385088824203793,72.51953421490596,68.60389945866828,0.2
92,17,1,17.412937133669697,18.791556270476285,7.899568166393218,72.51953421490596,68.60389945866828,0.2
92,17,2,9.629432209628563,12.10219469946619,5.339799996890648,72.51953421490596,68.60389945866828,0.2
92,17,3,13.337395938538073,15.308828463504426,6.611779400636144,72.51953421490596,68.60389945866828,0.2
92,17,4,13.268274982261248,14.67714451267506,6.0431770548839605,72.51953421490596,68.60389945866828,0.2
92,17,5,8.294984206365717,10.872698447088979,4.731212379110493,72.51953421490596,68.60389945866828,0.2
92,17,6,11.282412903154041,8.818817910881208,3.9526582013166878,72.51953421490596,68.60389945866828,0.2
92,17,7,18.01168996512967,19.270031794546828,8.104663512748413,72.51953421490596,68.60389945866828,0.2
92,17,8,14.154359169059665,15.338440962417296,6.304820325704419,72.51953421490596,68.60389945866828,0.2
92,17,9,10.936549517772937,12.767440466974364,5.331651407106402,72.51953421490596,68.60389945866828,0.2
92,18,0,7.360611076528769,8.669083046111158,3.9255400865684287,62.008337771396185,57.64682787954259,0.2
92,18,1,15.980625806984097,15.409119048110805,6.875018864844118,62.008337771396185,57.64682787954259,0.2
92,18,2,10.802279800239484,10.867328846349968,4.952289928126073,62.008337771396185,57.64682787954259,0.2
92,18,3,13.375461834660538,13.341413309200254,6.00482385449809,62.008337771396185,57.64682787954259,0.2
92,18,4,12.225193727715672,5.924320326252328,3.202308677110837,62.008337771396185,57.64682787954259,0.2
92,18,5,9.571122503327512,9.925485149924098,4.438768793444881,62.008337771396185,57.64682787954259,0.2
92,18,6,7.996127171466526,8.8413077666458,3.959711586740962,62.008337771396185,57.64682787954259,0.2
92,18,7,16.395528484677254,15.549643547947394,6.974636742583133,62.008337771396185,57.64682787954259,0.2
92,18,8,12.754491420681365,6.998903903315804,3.640381365736456,62.008337771396185,57.64682787954259,0.2
92,18,9,10.785795410022983,10.993826355310244,4.801680608330888,62.008337771396185,57.64682787954259,0.2
92,19,0,7.941267913940724,8.467867848095281,3.8615356840621944,53.317624624104745,53.32831936321564,0.2
92,19,1,13.907988586317055,13.725885190076886,6.340268942153909,53.317624624104745,53.32831936321564,0.2
92,19,2,10.01835677116677,10.061202298794422,4.692183768374869,53.317624624104745,53.32831936321564,0.2
92,19,3,12.147606177237366,12.197540792716053,5.639616607660103,53.317624624104745,53.32831936321564,0.2
92,19,4,6.478189137613577,7.992896979478072,3.949200379206874,53.317624624104745,53.32831936321564,0.2
92,19,5,8.979516555542059,5.520375508255041,2.94384091891224,53.317624624104745,53.32831936321564,0.2
92,19,6,8.010395991073311,8.401763185937597,3.820861572177443,53.317624624104745,53.32831936321564,0.2
92,19,7,14.109513023387638,13.778504568450964,6.408534785021505,53.317624624104745,53.32831936321564,0.2
92,19,8,7.364399062729247,8.415071011990264,4.141582442620282,53.317624624104745,53.32831936321564,0.2
92,19,9,9.713677941641562,6.330257277617468,3.2627515941277485,53.317624624104745,53.32831936321564,0.2
92,20,0,7.811788632933553,8.049424281279986,3.7269500816588934,54.127589333432994,53.32831936321564,0.2
92,20,1,12.826203071612436,13.172736844080196,6.160311002022688,54.127589333432994,53.32831936321564,0.2
92,20,2,9.492168614862338,9.813588075673051,4.611047255819665,54.127589333432994,53.32831936321564,0.2
92,20,3,11.408801190586878,11.723768588325182,5.4853715732148425,54.127589333432994,53.32831936321564,0.2
92,20,4,7.989132085142802,8.224870320169451,4.029086216495546,54.127589333432994,53.32831936321564,0.2
92,20,5,5.955315426046162,6.148559094038005,3.174516942986842,54.127589333432994,53.32831936321564,0.2
92,20,6,7.729505937427884,7.978935226422464,3.685220309756281,54.127589333432994,53.32831936321564,0.2
92,20,7,12.964303138259945,13.3385844128127,6.2646109588322405,54.127589333432994,53.32831936321564,0.2
92,20,8,8.378316114272948,8.655555938172517,4.224081981443102,54.127589333432994,53.32831936321564,0.2
92,20,9,6.600463623912601,6.786475234718949,3.4256267849729065,54.127589333432994,53.32831936321564,0.2
93,0,0,2.0,2.0,1.6564452258884887,17.67781580801168,17.67781580801168,0.0
93,0,1,2.0,2.0,1.3756780915438331,17.67781580801168,17.67781580801168,0.0
93,0,2,2.0,2.0,1.5315964239918098,17.67781580801168,17.67781580801168,0.0
93,0,3,2.0,2.0,1.6341949739151223,17.67781580801168,17.67781580801168,0.0
93,0,4,2.0,2.0,1.5073766401184658,17.67781580801168,17.67781580801168,0.0
93,0,5,2.0,2.0,1.5780435259649301,17.67781580801168,17.67781580801168,0.0
93,0,6,2.0,2.0,1.3681423342507992,17.67781580801168,17.67781580801168,0.0
93,0,7,2.0,2.0,1.4801236970796858,17.67781580801168,17.67781580801168,0.0
93,0,8,2.0,2.0,1.4111037717807777,17.67781580801168,17.67781580801168,0.0
93,0,9,2.0,2.0,1.3111872933389808,17.67781580801168,17.67781580801168,0.0
93,1,0,3.3509466298808226,4.0791329956948985,2.728057929730357,17.67781580801168,26.344188455160083,0.0
93,1,1,2.782961846617693,3.334365608209084,1.9674562167932999,17.67781580801168,26.344188455160083,0.0
93,1,2,3.098380673927808,3.747957068582355,2.3772758143335118,17.67781580801168,26.344188455160083,0.0
93,1,3,3.305934935139055,4.02011162173037,2.6640940449152866,17.67781580801168,26.344188455160083,0.0
93,1,4,3.0493846661646824,3.683711282824971,2.311536165995428,17.67781580801168,26.344188455160083,0.0
93,1,5,3.1923419817887875,3.87116339354468,2.5054574556541476,17.67781580801168,26.344188455160083,0.0
93,1,6,2.7677172009692694,2.6524985994632577,1.6671278197613926,17.67781580801168,26.344188455160083,0.0
93,1,7,2.9942526544308508,3.611419690592611,2.238471596055608,17.67781580801168,26.344188455160083,0.0
93,1,8,2.8546270981732045,3.4283363337413313,2.057767722413887,17.67781580801168,26.344188455160083,0.0
93,1,9,2.6524985994632577,2.925346891098385,1.7110704680687985,17.67781580801168,26.344188455160083,0.0
93,2,0,5.518791918305786,7.552344970108903,4.198685602910851,28.560975475492924,38.37463004128591,0.2
93,2,1,3.9801139669833008,3.985223561407314,2.229013539490397,28.560975475492924,38.37463004128591,0.2
93,2,2,4.80916860626356,6.767319645463999,3.595133566337568,28.560975475492924,38.37463004128591,0.2
93,2,3,5.3893946035589755,7.478299787190957,4.113816191649493,28.560975475492924,38.37463004128591,0.2
93,2,4,4.676178967001631,6.566659018420355,3.4645107215484505,28.560975475492924,38.37463004128591,0.2
93,2,5,5.068476811740492,7.0456884670324005,3.8101702912009316,28.560975475492924,38.37463004128591,0.2
93,2,6,3.372557246022743,5.115301391529752,2.640098580134348,28.560975475492924,38.37463004128591,0.2
93,2,7,4.528371197341029,6.3302805621508496,3.315683636123741,28.560975475492924,38.37463004128591,0.2
93,2,8,4.1628118495748865,4.520333362835714,2.4972227375893654,28.560975475492924,38.37463004128591,0.2
93,2,9,3.4614521077135416,5.243393851379339,2.5743789236165426,28.560975475492924,38.37463004128591,0.2
93,3,0,8.49383435752098,11.416310353037437,5.606916896057078,41.86402527647879,50.02846253408167,0.2
93,3,1,4.509237789077912,7.131307466644206,3.349764201559406,41.86402527647879,50.02846253408167,0.2
93,3,2,7.272863913522067,10.081841285678154,4.752271520791892,41.86402527647879,50.02846253408167,0.2
93,3,3,8.322145693627084,11.337679594385323,5.504904627103167,41.86402527647879,50.02846253408167,0.2
93,3,4,7.008617215417841,9.71008360305865,4.555718302618809,41.86402527647879,50.02846253408167,0.2
93,3,5,7.7078777474959566,10.544545459792902,5.052629871558934,41.86402527647879,50.02846253408167,0.2
93,3,6,5.340852387623654,5.475697359264594,2.7689677028903907,41.86402527647879,50.02846253408167,0.2
93,3,7,6.707543800767856,9.269740233895595,4.330363063425873,41.86402527647879,50.02846253408167,0.2
93,3,8,5.051818186199524,7.490637489831611,3.5563222066699542,41.86402527647879,50.02846253408167,0.2
93,3,9,5.2079031913064995,6.171652980243072,2.885524618113852,41.86402527647879,50.02846253408167,0.2
93,4,0,11.342650504357302,13.88713300008841,6.43109461409573,50.734464237684904,54.17542031710694,0.2
93,4,1,6.776487919236862,9.079721309183975,3.9668573835317296,50.734464237684904,54.17542031710694,0.2
93,4,2,9.613724612194476,11.972936273750317,5.359987987620297,50.734464237684904,54.17542031710694,0.2
93,4,3,11.136282274659727,13.65481057260749,6.270221015604517,50.734464237684904,54.17542031710694,0.2
93,4,4,9.216102442903583,5.772207696349484,3.1654841874003408,50.734464237684904,54.17542031710694,0.2
93,4,5,10.221341928800596,12.650135269162618,5.739374971828136,50.734464237684904,54.17542031710694,0.2
93,4,6,5.601551350587209,8.182279166799859,3.6679405623546626,50.734464237684904,54.17542031710694,0.2
93,4,7,8.760214516458865,6.86772375836199,3.5103141730706877,50.734464237684904,54.17542031710694,0.2
93,4,8,7.194349518450823,9.50135415113618,4.200372534699623,50.734464237684904,54.17542031710694,0.2
93,4,9,5.837343030356074,8.11153516190416,3.4939434651225034,50.734464237684904,54.17542031710694,0.2
93,5,0,13.009941099615661,12.675210082626917,6.032880167254208,50.075410989072694,50.195685229792154,0.2
93,5,1,8.02485175652791,5.44303848922271,2.7725846067205984,50.075410989072694,50.195685229792154,0.2
93,5,2,10.843119592852181,10.47078707805618,4.879877011896268,50.075410989072694,50.195685229792154,0.2
93,5,3,12.684497894929084,12.196529324298934,5.7935966787380995,50.075410989072694,50.195685229792154,0.2
93,5,4,6.40369413001302,7.383711375734231,3.7609112251770664,50.075410989072694,50.195685229792154,0.2
93,5,5,11.610609828135994,11.27162296330315,5.2940555999620935,50.075410989072694,50.195685229792154,0.2
93,5,6,7.4201506176775665,7.501070598142316,3.4514100670976346,50.075410989072694,50.195685229792154,0.2
93,5,7,7.101276434760892,7.795713292425267,3.835978070754961,50.075410989072694,50.195685229792154,0.2
93,5,8,8.497246977693429,8.528243887560842,3.894392174736885,50.075410989072694,50.195685229792154,0.2
93,5,9,7.068158908282885,6.0931461017454644,2.8597814787043894,50.075410989072694,50.195685229792154,0.2
93,6,0,12.204363385509415,11.520837996034112,5.642803555889345,45.38229912477239,45.703693702497546,0.2
93,6,1,5.608868255191728,5.882189773471556,2.9273398592609556,45.38229912477239,45.703693702497546,0.2
93,6,2,9.871867280414092,9.264211538911882,4.479084657211551,45.38229912477239,45.703693702497546,0.2
93,6,3,11.720298964363767,10.913870981481459,5.360040168245401,45.38229912477239,45.703693702497546,0.2
93,6,4,7.608227907764485,7.733667044264544,3.88481742574786,45.38229912477239,45.703693702497546,0.2
93,6,5,10.709740046839878,10.090857967598955,4.899453568201575,45.38229912477239,45.703693702497546,0.2
93,6,6,6.9821149241285845,4.341116726847655,2.3535927033312753,45.38229912477239,45.703693702497546,0.2
93,6,7,7.760086230197155,7.829664326051432,3.8476646667582557,45.38229912477239,45.703693702497546,0.2
93,6,8,7.878256479244021,4.964326767793203,2.666491527073435,45.38229912477239,45.703693702497546,0.2
93,6,9,5.785265313025927,5.678580728271241,2.7221471491015623,45.38229912477239,45.703693702497546,0.2
93,7,0,11.4152483059285,12.359213195166861,5.927201057331701,44.426661667956104,47.45575811615696,0.2
93,7,1,5.921934201382802,7.067735354679402,3.328833087345711,44.426661667956104,47.45575811615696,0.2
93,7,2,9.06107452420184,4.474049462905024,2.691001212864316,44.426661667956104,47.45575811615696,0.2
93,7,3,10.843225152931746,11.766823295347649,5.649946502278307,44.426661667956104,47.45575811615696,0.2
93,7,4,7.858887005170698,9.003874041903039,4.321170189548357,44.426661667956104,47.45575811615696,0.2
93,7,5,9.911470156712493,10.859434371294727,5.157782501107295,44.426661667956104,47.45575811615696,0.2
93,7,6,4.761258274090958,6.294558930044601,3.052713147425383,44.426661667956104,47.45575811615696,0.2
93,7,7,7.783727917154243,8.887472864886853,4.2045722174140465,44.426661667956104,47.45575811615696,0.2
93,7,8,5.394244649085676,6.905004966601248,3.3593306503297757,44.426661667956104,47.45575811615696,0.2
93,7,9,5.506834559186109,5.380295303982607,2.6212474081849475,44.426661667956104,47.45575811615696,0.2
93,8,0,11.990577229644417,15.673315390639425,6.999527007428562,50.57353782759251,55.95430494305955,0.2
93,8,1,6.734144806686062,10.071363271346224,4.265378806992575,50.57353782759251,55.95430494305955,0.2
93,8,2,5.443827121066504,9.711940525676226,4.629536970650303,50.57353782759251,55.95430494305955,0.2
93,8,3,11.429698305092627,15.205013156802735,6.760419311808952,50.57353782759251,55.95430494305955,0.2
93,8,4,8.741617566039174,12.20172896461569,5.345591225567444,50.57353782759251,55.95430494305955,0.2
93,8,5,10.434063028237608,6.171263549000172,3.4726406643215673,50.57353782759251,55.95430494305955,0.2
93,8,6,6.175561179737198,9.45346367546554,4.058111320973433,50.57353782759251,55.95430494305955,0.2
93,8,7,8.50574282918222,7.449989640072108,3.716087941314453,50.57353782759251,55.95430494305955,0.2
93,8,8,6.795840602178612,10.031583916967898,4.363114528924571,50.57353782759251,55.95430494305955,0.2
93,8,9,5.302716945457576,8.688307081292315,3.666049701547671,50.57353782759251,55.95430494305955,0.2
93,9,0,14.159865397131776,18.829594993174098,7.958748256955144,61.49019024600909,65.82374399530052,0.2
93,9,1,8.628753015838665,9.406623069342013,4.066300250861696,61.49019024600909,65.82374399530052,0.2
93,9,2,9.365435733854842,13.82729403477062,5.928425756086887,61.49019024600909,65.82374399530052,0.2
93,9,3,13.67615660055184,18.505349795610236,7.75694983095146,61.49019024600909,65.82374399530052,0.2
93,9,4,10.813995308796043,15.075472075519958,6.198554558753542,61.49019024600909,65.82374399530052,0.2
93,9,5,7.025063883204329,11.835438745805689,5.478063149225685,61.49019024600909,65.82374399530052,0.2
93,9,6,8.209456154762455,8.355296179077628,3.7220617938977743,61.49019024600909,65.82374399530052,0.2
93,9,7,7.517551542707469,11.705156649464355,5.0984841791816145,61.49019024600909,65.82374399530052,0.2
93,9,8,8.826469899505204,12.59804243777836,5.117408694040681,61.49019024600909,65.82374399530052,0.2
93,9,9,7.416325454279628,11.39247535312228,4.431761734133302,61.49019024600909,65.82374399530052,0.2
93,10,0,16.100345627431622,19.622540879662903,8.191902078143984,68.53646216212897,68.36876113058517,0.2
93,10,1,8.226022151985024,11.566079649432593,4.699224020246419,68.53646216212897,68.36876113058517,0.2
93,10,2,11.993054764127399,15.453448097777537,6.4082747748223525,68.53646216212897,68.36876113058517,0.2
93,10,3,15.692112535890915,19.262777224290133,7.97785438086586,68.53646216212897,68.36876113058517,0.2
93,10,4,12.539518472544946,15.774706710783883,6.398433920317901,68.53646216212897,68.36876113058517,0.2
93,10,5,11.081982646498872,14.858889082040555,6.423746875518004,68.53646216212897,68.36876113058517,0.2
93,10,6,7.529636494789568,10.89733424828842,4.482646324038901,68.53646216212897,68.36876113058517,0.2
93,10,7,10.314104028743456,13.650723021898434,5.677876908849146,68.53646216212897,68.36876113058517,0.2
93,10,8,10.35238784175339,8.19955447331511,3.7887079959636374,68.53646216212897,68.36876113058517,0.2
93,10,9,8.965341452484902,9.284922027992804,3.840506615975479,68.53646216212897,68.36876113058517,0.2
93,11,0,16.572009887224766,17.24706213127551,7.484394519402797,64.64935619254608,60.72445712932888,0.2
93,11,1,9.506410865625462,7.935089028716614,3.6097912392737768,64.64935619254608,60.72445712932888,0.2
93,11,2,12.963777144229493,13.74451300032111,5.903558840510775,64.64935619254608,60.72445712932888,0.2
93,11,3,16.138996830941448,16.65044334998517,7.20411994244224,64.64935619254608,60.72445712932888,0.2
93,11,4,12.943869345455674,6.687935384562397,3.509176656441432,64.64935619254608,60.72445712932888,0.2
93,11,5,12.995076811053952,14.102156493371265,6.192953965291757,64.64935619254608,60.72445712932888,0.2
93,11,6,9.068279685752211,10.164358945052525,4.269394436436772,64.64935619254608,60.72445712932888,0.2
93,11,7,11.486200808348991,12.54681236509745,5.352422616627946,64.64935619254608,60.72445712932888,0.2
93,11,8,7.664460069222687,9.717034195347521,4.266891184356626,64.64935619254608,60.72445712932888,0.2
93,11,9,7.7692473621849745,8.84919388141064,3.7134393242626182,64.64935619254608,60.72445712932888,0.2
93,12,0,15.140740061621372,13.825704926095222,6.411168351095237,54.652070886585186,52.10484241841191,0.2
93,12,1,7.302516013669924,7.069470310909092,3.3294050692811794,54.652070886585186,52.10484241841191,0.2
93,12,2,11.942749625362179,10.84286120947442,5.000622560010778,54.652070886585186,52.10484241841191,0.2
93,12,3,14.57375170943877,13.098859871232413,6.09040706840938,54.652070886585186,52.10484241841191,0.2
93,12,4,7.098975267504852,7.679223396653224,3.865653249265092,54.652070886585186,52.10484241841191,0.2
93,12,5,12.528188614187552,11.531687522055421,5.3792655856641165,54.652070886585186,52.10484241841191,0.2
93,12,6,8.63687653223545,5.5812703636788115,2.8062310588558637,54.652070886585186,52.10484241841191,0.2
93,12,7,10.827815039442019,10.091906614586815,4.595769843327744,54.652070886585186,52.10484241841191,0.2
93,12,8,8.631812516842361,8.372173543175526,3.8443658542400674,54.652070886585186,52.10484241841191,0.2
93,12,9,7.512193457667906,6.294590866009597,2.9256407059714995,54.652070886585186,52.10484241841191,0.2
93,13,0,12.969630775552995,13.282026723641735,6.23363152724551,49.309037684571905,50.39582717997094,0.2
93,13,1,6.735301911617185,7.443307360673933,3.4516916427617073,49.309037684571905,50.39582717997094,0.2
93,13,2,10.116132458159647,10.52458152103501,4.8974130279578,49.309037684571905,50.39582717997094,0.2
93,13,3,12.320738845766492,12.582396730818495,5.921302328337901,49.309037684571905,50.39582717997094,0.2
93,13,4,7.820118362781736,8.80312840188569,4.25350266543187,49.309037684571905,50.39582717997094,0.2
93,13,5,10.882117684179036,11.32257556071449,5.310796253522944,49.309037684571905,50.39582717997094,0.2
93,13,6,5.676934173477457,6.815326561202009,3.227386318368782,49.309037684571905,50.39582717997094,0.2
93,13,7,9.29712569272952,5.637792871753035,3.057407989915988,49.309037684571905,50.39582717997094,0.2
93,13,8,7.77705450319665,8.479984270337159,3.8789527408291984,49.309037684571905,50.39582717997094,0.2
93,13,9,5.918496857424809,5.019324587553678,2.496867128388652,49.309037684571905,50.39582717997094,0.2
93,14,0,12.610478289095205,15.645086881622465,6.990700046488622,52.51329371743453,55.98194083140042,0.2
93,14,1,6.9826845445469585,9.770437774629514,4.175761061292937,52.51329371743453,55.98194083140042,0.2
93,14,2,9.907342195614747,5.594054192911785,3.146531002980898,52.51329371743453,55.98194083140042,0.2
93,14,3,11.978644250676304,15.077911444976863,6.720811352727218,52.51329371743453,55.98194083140042,0.2
93,14,4,8.60472788303206,11.567524260303891,5.149547601594732,52.51329371743453,55.98194083140042,0.2
93,14,5,10.743605963898286,13.712056522829855,6.072531792927722,52.51329371743453,55.98194083140042,0.2
93,14,6,6.528920569082188,9.292711065495627,4.009682529266052,52.51329371743453,55.98194083140042,0.2
93,14,7,6.185058726879619,9.477420837496224,4.398049679445699,52.51329371743453,55.98194083140042,0.2
93,14,8,7.847022896502111,6.749559909125952,3.30621258958215,52.51329371743453,55.98194083140042,0.2
93,14,9,5.051098797816461,8.039249502965836,3.4721189102190384,52.51329371743453,55.98194083140042,0.2
93,15,0,14.14200867929318,18.763396769442704,7.9391518035911925,61.52755306876646,65.33541924287053,0.2
93,15,1,8.447458591950522,7.64785477337411,3.517819619342219,61.52755306876646,65.33541924287053,0.2
93,15,2,6.365352319210448,11.085941715642917,5.078835661686482,61.52755306876646,65.33541924287053,0.2
93,15,3,13.59603070509387,18.37378923296665,7.718305858704398,61.52755306876646,65.33541924287053,0.2
93,15,4,10.417404035632385,14.629424469917481,6.0695969453304,61.52755306876646,65.33541924287053,0.2
93,15,5,12.284577617373731,16.73900427715115,6.982464158617619,61.52755306876646,65.33541924287053,0.2
93,15,6,8.111485938890088,8.752902363145417,3.8451806067900134,61.52755306876646,65.33541924287053,0.2
93,15,7,8.897142821901634,12.911933406766508,5.460984062976409,61.52755306876646,65.33541924287053,0.2
93,15,8,6.688384114112376,10.589916816495275,4.5317165718140675,61.52755306876646,65.33541924287053,0.2
93,15,9,7.024008387903809,10.965760602061959,4.3149013113876515,61.52755306876646,65.33541924287053,0.2
93,16,0,16.060702499888826,20.542348182967398,8.458846475725986,69.58410210939114,69.72624774613948,0.2
93,16,1,7.116459761982504,11.52016062225837,4.686156605070683,69.58410210939114,69.72624774613948,0.2
93,16,2,10.274355576785346,14.841743983748941,6.229637870448608,69.58410210939114,69.72624774613948,0.2
93,16,3,15.613936761320982,20.19998054718429,8.247618029707755,69.58410210939114,69.72624774613948,0.2
93,16,4,12.278640495208892,8.207257483708778,4.0498545398598385,69.58410210939114,69.72624774613948,0.2
93,16,5,14.12534768726393,18.448394068811044,7.474273363801348,69.58410210939114,69.72624774613948,0.2
93,16,6,7.77870272691619,11.821583678556129,4.745513868672288,69.58410210939114,69.72624774613948,0.2
93,16,7,11.047432088705596,15.056326218385706,6.081074526692308,69.58410210939114,69.72624774613948,0.2
93,16,8,9.167547550961222,13.043110407974932,5.243300822735157,69.58410210939114,69.72624774613948,0.2
93,16,9,8.728935784705609,9.593425246138365,3.9293916862979583,69.58410210939114,69.72624774613948,0.2
93,17,0,17.112031625017618,18.387759944239008,7.827557386863556,67.71880594766711,64.37408748954421,0.2
93,17,1,9.479975816545648,10.890280988026054,4.505294487472478,67.71880594766711,64.37408748954421,0.2
93,17,2,12.602399222805944,14.105186786243548,6.011578683956548,67.71880594766711,64.37408748954421,0.2
93,17,3,16.684721842443853,17.847263080452453,7.562806892494195,67.71880594766711,64.37408748954421,0.2
93,17,4,8.192752896233987,10.939965988963634,4.952357227448571,67.71880594766711,64.37408748954421,0.2
93,17,5,15.12026522084601,16.342218376718808,6.866187954243068,67.71880594766711,64.37408748954421,0.2
93,17,6,9.600054053553487,8.457166811649062,3.7537704590743464,67.71880594766711,64.37408748954421,0.2
93,17,7,12.301859350853961,13.67060587455073,5.683664691541442,67.71880594766711,64.37408748954421,0.2
93,17,8,10.607064421325166,7.363570611833464,3.5139847691679043,67.71880594766711,64.37408748954421,0.2
93,17,9,7.9490596023899425,9.443587433729242,3.8863296753993213,67.71880594766711,64.37408748954421,0.2
93,18,0,15.834949828564357,14.593358046636538,6.658321311641387,58.1851788640959,54.485179925201145,0.2
93,18,1,9.114096345273826,5.79426183264338,2.8966398786644336,58.1851788640959,54.485179925201145,0.2
93,18,2,12.161271025706531,11.234276213425693,5.126310584637618,58.1851788640959,54.485179925201145,0.2
93,18,3,15.299366301260921,13.879937058736576,6.342407195913937,58.1851788640959,54.485179925201145,0.2
93,18,4,10.01849291598725,9.766989687333306,4.574391111690022,58.1851788640959,54.485179925201145,0.2
93,18,5,13.890123878414327,12.744240643011768,5.76922869960528,58.1851788640959,54.485179925201145,0.2
93,18,6,7.593782319264061,7.597140531669213,3.4822936947732077,58.1851788640959,54.485179925201145,0.2
93,18,7,11.49790934576642,10.78092386660584,4.81322540424083,58.1851788640959,54.485179925201145,0.2
93,18,8,7.108701957458163,7.646930797500337,3.6081033400044698,58.1851788640959,54.485179925201145,0.2
93,18,9,7.86194624781507,6.54591862383112,3.006928880285184,58.1851788640959,54.485179925201145,0.2
93,19,0,13.469614938786016,13.765851177441446,6.391727210038325,50.393412399012526,49.961342162623666,0.2
93,19,1,5.859828920200237,7.268637950866287,3.39479028044145,50.393412399012526,49.961342162623666,0.2
93,19,2,10.370396140385406,10.851647568372723,5.003458743880829,50.393412399012526,49.961342162623666,0.2
93,19,3,12.830528704672323,13.040515238498289,6.071404933246091,50.393412399012526,49.961342162623666,0.2
93,19,4,9.253877061496254,10.063954030556005,4.671311566825816,50.393412399012526,49.961342162623666,0.2
93,19,5,11.671003161353845,4.8225582698624345,2.9220807925631793,50.393412399012526,49.961342162623666,0.2
93,19,6,7.044591718688722,7.975440661112716,3.602786827081182,50.393412399012526,49.961342162623666,0.2
93,19,7,9.737032770610528,5.945891644850757,3.173429892071667,50.393412399012526,49.961342162623666,0.2
93,19,8,7.299101436308917,8.473267315802959,3.8768017354055746,50.393412399012526,49.961342162623666,0.2
93,19,9,6.082940769911864,6.96297332196759,3.139785986187387,50.393412399012526,49.961342162623666,0.2
93,20,0,12.930301840863498,13.274370604593233,6.23111604617139,50.71014881805868,49.961342162623666,0.2
93,20,1,6.8675745334686145,7.110187256046588,3.3428166065073683,50.71014881805868,49.961342162623666,0.2
93,20,2,10.12186998610958,10.430423547354447,4.866701478496739,50.71014881805868,49.961342162623666,0.2
93,20,3,12.282298008852123,12.639728994211788,5.940175923691996,50.71014881805868,49.961342162623666,0.2
93,20,4,9.449944681136138,9.730694488700776,4.562485212845323,50.71014881805868,49.961342162623666,0.2
93,20,5,5.91129524299661,6.080862455762449,3.436953108690519,50.71014881805868,49.961342162623666,0.2
93,20,6,7.288346265667248,7.524171418367257,3.4588470767892674,50.71014881805868,49.961342162623666,0.2
93,20,7,6.419768088797939,6.602008846805079,3.414682165001678,50.71014881805868,49.961342162623666,0.2
93,20,8,7.842671467150572,8.068743655698118,3.746296084800967,50.71014881805868,49.961342162623666,0.2
93,20,9,6.351707321513298,6.595254099760965,3.0227749023572352,50.71014881805868,49.961342162623666,0.2
94,0,0,2.0,2.0,1.6300846633982076,17.940575653843275,17.940575653843275,0.0
94,0,1,2.0,2.0,1.7216393202265852,17.940575653843275,17.940575653843275,0.0
94,0,2,2.0,2.0,1.3274301445340122,17.940575653843275,17.940575653843275,0.0
94,0,3,2.0,2.0,1.6008424671699941,17.940575653843275,17.940575653843275,0.0
94,0,4,2.0,2.0,1.3794110336491485,17.940575653843275,17.940575653843275,0.0
94,0,5,2.0,2.0,1.4451800716036567,17.940575653843275,17.940575653843275,0.0
94,0,6,2.0,2.0,1.3738660887772365,17.940575653843275,17.940575653843275,0.0
94,0,7,2.0,2.0,1.5338065996943189,17.940575653843275,17.940575653843275,0.0
94,0,8,2.0,2.0,1.5172429127586213,17.940575653843275,17.940575653843275,0.0
94,0,9,2.0,2.0,1.4594970962094445,17.940575653843275,17.940575653843275,0.0
94,1,0,3.2976198813363964,4.0051860772870596,2.6504831822268597,17.940575653843275,26.921196545710394,0.0
94,1,1,3.4828326272540213,4.247719558365055,2.9169585727578946,17.940575653843275,26.921196545710394,0.0
94,1,2,2.6853574749763016,2.96090462720399,1.7469793517101644,17.940575653843275,26.921196545710394,0.0
94,1,3,3.2384636609134207,3.927721840171424,2.5675925466789677,17.940575653843275,26.921196545710394,0.0
94,1,4,2.7905134937061966,3.3411374079609235,1.9755987119264982,17.940575653843275,26.921196545710394,0.0
94,1,5,2.9235625874158604,3.5153633214735334,2.1447670017454934,17.940575653843275,26.921196545710394,0.0
94,1,6,2.77929621103303,2.685357474976301,1.6885926011945906,17.940575653843275,26.921196545710394,0.0
94,1,7,3.102851803251021,3.750140023372792,2.3816768965864386,17.940575653843275,26.921196545710394,0.0
94,1,8,3.069343885181587,3.7062618767971185,2.3366270082701943,17.940575653843275,26.921196545710394,0.0
94,1,9,2.952525564641354,3.5532899320535924,2.1823464177136787,17.940575653843275,26.921196545710394,0.0
94,2,0,5.361860173960742,7.308140704946242,4.037885452605203,29.186537122662983,39.40352029991435,0.2
94,2,1,5.900933122398978,7.970720178339127,4.531786798997856,29.186537122662983,39.40352029991435,0.2
94,2,2,3.5340948674862203,4.597766004564245,2.377242490618325,29.186537122662983,39.40352029991435,0.2
94,2,3,5.194174523088163,7.122125029407314,3.8945233785150224,29.186537122662983,39.40352029991435,0.2
94,2,4,3.9965860278754892,4.079426706316251,2.271915072813403,29.186537122662983,39.40352029991435,0.2
94,2,5,4.338809182491183,6.031295582458647,3.129596852342956,29.186537122662983,39.40352029991435,0.2
94,2,6,3.4159799538071933,5.130761712444156,2.656750057412013,29.186537122662983,39.40352029991435,0.2
94,2,7,4.818071883904607,6.639797043981342,3.5526953571552125,29.186537122662983,39.40352029991435,0.2
94,2,8,4.72693710379206,6.5160304580272825,3.4683450306361894,29.186537122662983,39.40352029991435,0.2
94,2,9,4.414831386741213,6.203009623226375,3.2233239621585645,29.186537122662983,39.40352029991435,0.2
94,3,0,8.168539736648732,11.168557509472075,5.433593238663032,42.986472261572914,51.496530424261,0.2
94,3,1,9.16768961877075,12.37584482418222,6.166284731127419,42.986472261572914,51.496530424261,0.2
94,3,2,4.809101193233925,5.536633886648839,2.7074643281888666,42.986472261572914,51.496530424261,0.2
94,3,3,7.878521901155538,10.84760802778118,5.2283107024106155,42.986472261572914,51.496530424261,0.2
94,3,4,4.596026501592288,7.225958485401986,3.3899986248527076,42.986472261572914,51.496530424261,0.2
94,3,5,6.331094962478553,6.213424416881227,3.1954548166612677,42.986472261572914,51.496530424261,0.2
94,3,6,5.37453790332563,7.990185711402811,3.6225402401346547,42.986472261572914,51.496530424261,0.2
94,3,7,7.187012493979043,9.979991258944766,4.725423293751795,42.986472261572914,51.496530424261,0.2
94,3,8,7.016373925337778,9.7558612332216,4.600659062928834,42.986472261572914,51.496530424261,0.2
94,3,9,6.5207025256242765,9.256641215937929,4.265791651637468,42.986472261572914,51.496530424261,0.2
94,4,0,10.99202114665447,13.226422998543153,6.116441832795127,52.223249503113685,55.613614522082436,0.2
94,4,1,12.474237430684605,14.83471474184557,7.0002994104753995,52.223249503113685,55.613614522082436,0.2
94,4,2,5.477131585320401,7.621715167499074,3.3863167521049857,52.223249503113685,55.613614522082436,0.2
94,4,3,10.576739788552546,12.77286209905007,5.861777858875921,52.223249503113685,55.613614522082436,0.2
94,4,4,6.857881135887034,8.886986690081258,3.9183287374940785,52.223249503113685,55.613614522082436,0.2
94,4,5,6.464323951964085,8.818968256523451,4.083131931693404,52.223249503113685,55.613614522082436,0.2
94,4,6,7.32830691867627,6.592381725698276,3.1663072092967472,52.223249503113685,55.613614522082436,0.2
94,4,7,9.55941133064903,11.659492288658802,5.2689654746930135,52.223249503113685,55.613614522082436,0.2
94,4,8,9.307016459830635,11.382706932846627,5.125143249739413,52.223249503113685,55.613614522082436,0.2
94,4,9,8.629588190071924,5.647795224367373,3.0185439084529357,52.223249503113685,55.613614522082436,0.2
94,5,0,12.37340651301843,12.027078729806478,5.7227038553628224,51.40476229774191,51.51102123081132,0.2
94,5,1,14.161427948881908,13.675582188511187,6.612767487121303,51.40476229774191,51.51102123081132,0.2
94,5,2,6.850432800812139,5.12162225700875,2.5637516902543083,51.40476229774191,51.51102123081132,0.2
94,5,3,11.85822776045878,11.508349218437695,5.449249865902625,51.40476229774191,51.51102123081132,0.2
94,5,4,7.926679537881003,5.735743456309441,2.8839352232582716,51.40476229774191,51.51102123081132,0.2
94,5,5,8.260072214900921,8.432328711829493,3.9569834774020345,51.40476229774191,51.51102123081132,0.2
94,5,6,6.405359082410468,6.777086630837822,3.228148710241144,51.40476229774191,51.51102123081132,0.2
94,5,7,10.658983360533746,10.43173727733195,4.874154079210914,51.40476229774191,51.51102123081132,0.2
94,5,8,10.368034651528458,10.182517638344487,4.740593757481361,51.40476229774191,51.51102123081132,0.2
94,5,9,6.106437676954969,6.966801424577509,3.4962754498365944,51.40476229774191,51.51102123081132,0.2
94,6,0,11.576884582856103,11.307498861757573,5.480822675768722,46.571504363719995,46.74410413508101,0.2
94,6,1,13.377460708529545,12.907881467093874,6.35067157754062,46.571504363719995,46.74410413508101,0.2
94,6,2,5.186404568071894,6.05257105570765,2.8816989381391576,46.571504363719995,46.74410413508101,0.2
94,6,3,11.023694105991641,10.771780000548555,5.202700575875831,46.571504363719995,46.74410413508101,0.2
94,6,4,5.834127724922715,6.551540057413657,3.1652868903936593,46.571504363719995,46.74410413508101,0.2
94,6,5,8.004877095155502,8.24305154163695,3.894597475565652,46.571504363719995,46.74410413508101,0.2
94,6,6,6.530462868480571,6.863839602012716,3.257019774085133,46.571504363719995,46.74410413508101,0.2
94,6,7,9.860289932913973,4.088284221951974,2.5300456758395513,46.571504363719995,46.74410413508101,0.2
94,6,8,9.59010079355056,5.005725852297645,2.8837729463656774,46.571504363719995,46.74410413508101,0.2
94,6,9,7.072876454143435,7.608964739011107,3.7188626470117,46.571504363719995,46.74410413508101,0.2
94,7,0,11.087565098622813,11.95762822873441,5.699551696260961,45.438001420604394,49.092374734748454,0.2
94,7,1,12.84724733884577,13.688540812199154,6.6171531236865295,45.438001420604394,49.092374734748454,0.2
94,7,2,5.829603776912707,6.8554079981065374,3.144227730264402,45.438001420604394,49.092374734748454,0.2
94,7,3,10.524931152890279,11.395392608807063,5.411754720519714,45.438001420604394,49.092374734748454,0.2
94,7,4,6.403295003178464,7.4273757713593245,3.455870628534865,45.438001420604394,49.092374734748454,0.2
94,7,5,7.8786717976074145,5.499685825268889,2.9338471492250062,45.438001420604394,49.092374734748454,0.2
94,7,6,6.58886829751442,4.84100940692389,2.5508126117787553,45.438001420604394,49.092374734748454,0.2
94,7,7,5.118218156807217,7.115166062150985,3.7288862347427494,45.438001420604394,49.092374734748454,0.2
94,7,8,5.833799442889694,7.531200734548768,3.8383014217767397,45.438001420604394,49.092374734748454,0.2
94,7,9,7.5231647018749355,8.54081606100249,4.032104660307846,45.438001420604394,49.092374734748454,0.2
94,8,0,11.530048352895507,14.577103579212691,6.547251626753206,52.31767796474952,57.66375713460418,0.2
94,8,1,13.386332739936588,16.663699291793492,7.593835232986625,52.31767796474952,57.66375713460418,0.2
94,8,2,6.3606928569919505,6.7826980255027225,3.120846557968989,52.31767796474952,57.66375713460418,0.2
94,8,3,10.947842378995741,13.957435993722635,6.23722701466564,52.31767796474952,57.66375713460418,0.2
94,8,4,6.991138526649125,5.942716105824238,2.956393148711443,52.31767796474952,57.66375713460418,0.2
94,8,5,5.9350982837405475,8.746812183778271,4.059717634040355,52.31767796474952,57.66375713460418,0.2
94,8,6,5.160229140877697,7.985997193295591,3.6212108607559856,52.31767796474952,57.66375713460418,0.2
94,8,7,7.543442165326018,10.4754339008046,4.888436968311098,52.31767796474952,57.66375713460418,0.2
94,8,8,7.764786310317391,10.615387571042403,4.880779850413556,52.31767796474952,57.66375713460418,0.2
94,8,9,8.156845340622763,10.92387312869687,4.790114466077748,52.31767796474952,57.66375713460418,0.2
94,9,0,13.244923786648256,18.585529688502497,7.760891726142543,63.36876849984504,66.8789851008323,0.2
94,9,1,15.362135846174871,21.102027079130178,8.958764061087043,63.36876849984504,66.8789851008323,0.2
94,9,2,6.313393339156127,10.84428477071191,4.334423260890119,63.36876849984504,66.8789851008323,0.2
94,9,3,12.61775186884596,7.31246866077339,3.967093279222766,63.36876849984504,66.8789851008323,0.2
94,9,4,5.980708268191345,11.018518734296173,4.554691312416719,63.36876849984504,66.8789851008323,0.2
94,9,5,8.212705685307752,12.943117438597426,5.341069035736125,63.36876849984504,66.8789851008323,0.2
94,9,6,7.325617617950135,12.08806336186916,4.84030932334783,63.36876849984504,66.8789851008323,0.2
94,9,7,9.889183854878432,14.937492298545747,6.266773398294274,63.36876849984504,66.8789851008323,0.2
94,9,8,9.873693699808799,14.807427225774248,6.161264388462244,63.36876849984504,66.8789851008323,0.2
94,9,9,9.690279929562358,8.948262058386899,4.165808716283787,63.36876849984504,66.8789851008323,0.2
94,10,0,15.700086889765982,19.036391346012294,7.892205798659207,69.6351917042584,70.0111663362022,0.2
94,10,1,18.123352205802437,21.69508935342929,9.134277179298785,69.6351917042584,70.0111663362022,0.2
94,10,2,8.768428192828498,9.721903553559539,4.015287017868577,69.6351917042584,70.0111663362022,0.2
94,10,3,8.02532896752078,12.363531411916036,5.729640525089013,69.6351917042584,70.0111663362022,0.2
94,10,4,9.214024867803104,12.176675358123857,4.88475524376863,69.6351917042584,70.0111663362022,0.2
94,10,5,10.804847033599193,13.754503403886538,5.573299832056061,69.6351917042584,70.0111663362022,0.2
94,10,6,9.79182285122239,8.663613202849309,3.8336525109664534,69.6351917042584,70.0111663362022,0.2
94,10,7,12.677523452655763,15.844873746050112,6.530880741109344,69.6351917042584,70.0111663362022,0.2
94,10,8,12.46408140495445,15.56418119164466,6.380026978542731,69.6351917042584,70.0111663362022,0.2
94,10,9,8.427325250716775,11.92452960788675,5.09320454162761,69.6351917042584,70.0111663362022,0.2
94,11,0,15.965731924010697,16.42487004176684,7.1177138422762924,66.20241108771407,62.61556101711186,0.2
94,11,1,18.478410787142515,18.812321001597212,8.266674590267687,66.20241108771407,62.61556101711186,0.2
94,11,2,8.12282367701829,9.188323966391923,3.8597225601763294,66.20241108771407,62.61556101711186,0.2
94,11,3,11.590917289569424,13.064269613048936,5.95507443067785,66.20241108771407,62.61556101711186,0.2
94,11,4,9.881735819619001,7.83904224548498,3.588862354925781,66.20241108771407,62.61556101711186,0.2
94,11,5,11.2746440375209,6.781579948546958,3.3972897396032145,66.20241108771407,62.61556101711186,0.2
94,11,6,7.755381681797914,9.17409544948946,3.9904115148044292,66.20241108771407,62.61556101711186,0.2
94,11,7,13.211805900696406,13.87030513600038,5.94990204527947,66.20241108771407,62.61556101711186,0.2
94,11,8,12.906632569651736,13.57805324409267,5.798562942258175,66.20241108771407,62.61556101711186,0.2
94,11,9,10.303423456037473,11.329310003611933,4.913881291516763,66.20241108771407,62.61556101711186,0.2
94,12,0,14.398954362912008,13.402789638966022,6.173419725877528,56.35406623763288,53.76333631068739,0.2
94,12,1,16.723272780553607,15.425171698105501,7.194194593360876,56.35406623763288,53.76333631068739,0.2
94,12,2,7.80812072935308,6.500822034249793,3.029482671714475,56.35406623763288,53.76333631068739,0.2
94,12,3,12.046964356135474,11.615764566642738,5.4848033412142945,56.35406623763288,53.76333631068739,0.2
94,12,4,7.260177412080808,7.513956883888194,3.4840211890508406,56.35406623763288,53.76333631068739,0.2
94,12,5,6.87263087588413,7.796401400754639,3.745647474028096,56.35406623763288,53.76333631068739,0.2
94,12,6,8.072501165982839,7.905394984511744,3.5955878870209723,56.35406623763288,53.76333631068739,0.2
94,12,7,12.036500751816867,11.363786176121632,5.175064207533557,56.35406623763288,53.76333631068739,0.2
94,12,8,11.730345589356618,5.517201855942601,3.087004994242207,56.35406623763288,53.76333631068739,0.2
94,12,9,9.940657074616132,9.51391777708657,4.3484433231382935,56.35406623763288,53.76333631068739,0.2
94,13,0,12.488671343885246,12.77971658052292,5.9710955402393955,50.87854128612097,52.157931356768714,0.2
94,13,1,14.553672980281426,14.718361671033913,6.961820240718756,50.87854128612097,52.157931356768714,0.2
94,13,2,6.1285665172651935,6.965907464320167,3.179618897647205,50.87854128612097,52.157931356768714,0.2
94,13,3,11.095617883738223,11.573615207599946,5.4708641053562515,50.87854128612097,52.157931356768714,0.2
94,13,4,7.048086395746134,7.7409232133469015,3.5573584661627344,50.87854128612097,52.157931356768714,0.2
94,13,5,7.577349726782348,8.458903872573265,3.965708881978901,50.87854128612097,52.157931356768714,0.2
94,13,6,7.273782992728035,6.245047690350968,3.0485859125489205,50.87854128612097,52.157931356768714,0.2
94,13,7,10.469023481503795,10.885100420331735,5.021486658318906,50.87854128612097,52.157931356768714,0.2
94,13,8,6.244932715075224,7.85849300309113,3.954318168219858,50.87854128612097,52.157931356768714,0.2
94,13,9,8.7967904227453,5.402482482208859,2.926156807203668,50.87854128612097,52.157931356768714,0.2
94,14,0,12.079374653954659,14.970168261593926,6.670338008725544,54.3494357032868,58.70765348701629,0.2
94,14,1,14.083585565565265,17.151857088518668,7.74888080469637,54.3494357032868,58.70765348701629,0.2
94,14,2,6.432288289919918,7.619798981621031,3.3857207786463817,54.3494357032868,58.70765348701629,0.2
94,14,3,11.067419163556233,13.95789855597892,6.237371709151222,54.3494357032868,58.70765348701629,0.2
94,14,4,7.196445845090993,9.78134104118442,4.1903623556726455,54.3494357032868,58.70765348701629,0.2
94,14,5,8.022528367050421,10.649737376777074,4.659487982546398,54.3494357032868,58.70765348701629,0.2
94,14,6,6.167211888384936,8.932386715151633,3.9165228878232328,54.3494357032868,58.70765348701629,0.2
94,14,7,10.15833999923522,6.449563483254603,3.4811347173377416,54.3494357032868,58.70765348701629,0.2
94,14,8,7.99948524236012,10.910602535559153,4.975402672453922,54.3494357032868,58.70765348701629,0.2
94,14,9,5.919540917112134,9.07767510750648,4.20789101414026,54.3494357032868,58.70765348701629,0.2
94,15,0,13.493924411847436,18.336962294647897,7.688087877181844,64.52327682499867,68.65829158855281,0.2
94,15,1,15.675789100673544,20.911637203110164,8.902106812912352,64.52327682499867,68.65829158855281,0.2
94,15,2,6.849227161638929,10.759327024280985,4.310625109188783,64.52327682499867,68.65829158855281,0.2
94,15,3,12.618044582116068,17.39768485389767,7.277322501893035,64.52327682499867,68.65829158855281,0.2
94,15,4,8.476996639710196,9.560598464414289,4.123939198258226,64.52327682499867,68.65829158855281,0.2
94,15,5,9.426025870374994,8.34733250565,3.9290211500802656,64.52327682499867,68.65829158855281,0.2
94,15,6,7.9230263498528,12.103472545217997,4.844627605816995,64.52327682499867,68.65829158855281,0.2
94,15,7,7.042247136766674,11.84218503119796,5.326622201993438,64.52327682499867,68.65829158855281,0.2
94,15,8,10.065113266040395,14.459197908107972,6.059475893161942,64.52327682499867,68.65829158855281,0.2
94,15,9,8.51245667068519,12.927273906444553,5.389358873210027,64.52327682499867,68.65829158855281,0.2
94,16,0,15.552806552025656,19.77396675124229,8.10503368485579,73.12305680315258,73.37712917245925,0.2
94,16,1,18.00873603144179,22.55351166272084,9.385795701611512,73.12305680315258,73.37712917245925,0.2
94,16,2,8.720285136242843,10.141196305792867,4.1357388876180305,73.12305680315258,73.37712917245925,0.2
94,16,3,14.72183862837611,18.89164339357258,7.709326111812476,73.12305680315258,73.37712917245925,0.2
94,16,4,8.342624278943177,12.12274338769751,4.8696005418530035,73.12305680315258,73.37712917245925,0.2
94,16,5,7.94831001703057,12.006654683306976,5.067530618968223,73.12305680315258,73.37712917245925,0.2
94,16,6,9.800558627003422,8.967695501768773,3.9273535956710197,73.12305680315258,73.37712917245925,0.2
94,16,7,10.775621455785997,14.883278084048833,6.250843454287319,73.12305680315258,73.37712917245925,0.2
94,16,8,12.258165863675845,16.126600214952095,6.540547354707534,73.12305680315258,73.37712917245925,0.2
94,16,9,10.902536148585698,14.752294120292257,5.911312679401247,73.12305680315258,73.37712917245925,0.2
94,17,0,16.3962773334507,17.854239904873936,7.545849180089228,71.26457728684805,67.13026587202577,0.2
94,17,1,18.98722637097467,20.425146299371427,8.756625957809506,71.26457728684805,67.13026587202577,0.2
94,17,2,8.366494750888709,10.127546876833062,4.131841584662128,71.26457728684805,67.13026587202577,0.2
94,17,3,15.595770961381216,17.042277900504224,7.172935899258728,71.26457728684805,67.13026587202577,0.2
94,17,4,9.851078242466832,7.416991552643887,3.452487760392751,71.26457728684805,67.13026587202577,0.2
94,17,5,10.251485762435106,12.183478993620335,5.119657291949134,71.26457728684805,67.13026587202577,0.2
94,17,6,7.944936596804853,10.138443167312234,4.279601161147055,71.26457728684805,67.13026587202577,0.2
94,17,7,12.645297580438548,14.425753314072367,6.115705389650108,71.26457728684805,67.13026587202577,0.2
94,17,8,13.231361214541353,14.773931227471559,6.151504863322249,71.26457728684805,67.13026587202577,0.2
94,17,9,11.958435444544477,8.470261543202774,4.008759597703182,71.26457728684805,67.13026587202577,0.2
94,18,0,15.265061279672636,14.36423342431118,6.480177206218647,60.67637894816844,56.43958509621873,0.2
94,18,1,17.714431955762148,16.5158317135591,7.546602762432408,60.67637894816844,56.43958509621873,0.2
94,18,2,8.35861060597308,6.525543606890467,3.037542521252804,60.67637894816844,56.43958509621873,0.2
94,18,3,14.510667181934517,13.646890301734908,6.139757102531739,60.67637894816844,56.43958509621873,0.2
94,18,4,6.984295070298754,7.7173458834146285,3.5497704863841864,60.67637894816844,56.43958509621873,0.2
94,18,5,10.356936698223578,10.212355436928023,4.524692946142222,60.67637894816844,56.43958509621873,0.2
94,18,6,8.65752447714513,8.560861996258675,3.8017683802365503,60.67637894816844,56.43958509621873,0.2
94,18,7,12.371916707236549,11.924910664523862,5.352642019851564,60.67637894816844,56.43958509621873,0.2
94,18,8,12.444338133419734,5.473013237527864,3.0696769247393436,60.67637894816844,56.43958509621873,0.2
94,18,9,8.10961887177439,8.779167804531737,4.110546669974968,60.67637894816844,56.43958509621873,0.2
94,19,0,13.109233937126712,12.799718603505935,5.977635918362044,52.201044234184224,51.98527915659582,0.2
94,19,1,15.266585757617186,14.753145117972094,6.973333019742375,52.201044234184224,51.98527915659582,0.2
94,19,2,6.144871388217581,6.741158119268118,3.1074549313171196,52.201044234184224,51.98527915659582,0.2
94,19,3,12.420572711651262,12.142694229919565,5.657807162073206,52.201044234184224,51.98527915659582,0.2
94,19,4,7.181095554680461,7.539809176818199,3.4924077776603273,52.201044234184224,51.98527915659582,0.2
94,19,5,9.153338934577913,5.12594081406132,2.7928169936338088,52.201044234184224,51.98527915659582,0.2
94,19,6,7.690880894964627,5.9557378307934545,2.9490240028842956,52.201044234184224,51.98527915659582,0.2
94,19,7,10.828258886592096,10.76593363994456,4.982941564068153,52.201044234184224,51.98527915659582,0.2
94,19,8,6.20987847048237,7.65388556203373,3.8819639298776267,52.201044234184224,51.98527915659582,0.2
94,19,9,8.315531534302442,8.625624999207547,4.06008980211635,52.201044234184224,51.98527915659582,0.2
94,20,0,12.092605672817044,12.432290519847339,5.856996568685596,52.76442001494984,51.98527915659582,0.2
94,20,1,14.106875625186202,14.493394138591176,6.887161194880938,52.76442001494984,51.98527915659582,0.2
94,20,2,6.2863024184927925,6.4943343989276645,3.0273660185476206,52.76442001494984,51.98527915659582,0.2
94,20,3,11.44560022025208,11.7766576592449,5.537873552324175,52.76442001494984,51.98527915659582,0.2
94,20,4,7.0650522515425935,7.303377950311688,3.4153824443014336,52.76442001494984,51.98527915659582,0.2
94,20,5,5.64979786015642,5.816801725425338,3.0512651555878856,52.76442001494984,51.98527915659582,0.2
94,20,6,5.965800673307648,6.1721751341086835,3.0236406499749258,52.76442001494984,51.98527915659582,0.2
94,20,7,10.080364252341013,10.373217115600644,4.854997747243109,52.76442001494984,51.98527915659582,0.2
94,20,8,7.853114455483999,8.079930201475673,4.031990005882657,52.76442001494984,51.98527915659582,0.2
94,20,9,8.213458571875032,8.475787403911895,4.010590093249163,52.76442001494984,51.98527915659582,0.2
95,0,0,2.0,2.0,1.6121112865886964,17.930006636631514,17.930006636631514,0.0
95,0,1,2.0,2.0,1.440843801088105,17.930006636631514,17.930006636631514,0.0
95,0,2,2.0,2.0,1.532258482988346,17.930006636631514,17.930006636631514,0.0
95,0,3,2.0,2.0,1.6342855681340491,17.930006636631514,17.930006636631514,0.0
95,0,4,2.0,2.0,1.53175679039291,17.930006636631514,17.930006636631514,0.0
95,0,5,2.0,2.0,1.655578685169585,17.930006636631514,17.930006636631514,0.0
95,0,6,2.0,2.0,1.4899481379192427,17.930006636631514,17.930006636631514,0.0
95,0,7,2.0,2.0,1.3299555977896067,17.930006636631514,17.930006636631514,0.0
95,0,8,2.0,2.0,1.3897631343813899,17.930006636631514,17.930006636631514,0.0
95,0,9,2.0,2.0,1.5536349876152997,17.930006636631514,17.930006636631514,0.0
95,1,0,3.2612601964484735,3.9492280213871926,2.595568939737088,17.930006636631514,27.100202169815383,0.0
95,1,1,2.914790422273759,3.496815893428334,2.1304279080505837,17.930006636631514,27.100202169815383,0.0
95,1,2,3.099720002466145,3.73829261415141,2.374008897579774,17.930006636631514,27.100202169815383,0.0
95,1,3,3.3061182049434863,4.007802559750793,2.658528812539459,17.930006636631514,27.100202169815383,0.0
95,1,4,3.098705091085051,3.736967366606503,2.3726426398955387,17.930006636631514,27.100202169815383,0.0
95,1,5,3.3491936400105375,4.064049455422597,2.719569227653305,17.930006636631514,27.100202169815383,0.0
95,1,6,3.014127248777378,3.626527598209021,2.25992405865301,17.930006636631514,27.100202169815383,0.0
95,1,7,2.6904664027835685,2.964823979186492,1.751924495303932,17.930006636631514,27.100202169815383,0.0
95,1,8,2.8114555306167643,2.6904664027835694,1.7104055276530639,17.930006636631514,27.100202169815383,0.0
95,1,9,3.1429641285131744,3.7947597825595634,2.4325232414071873,17.930006636631514,27.100202169815383,0.0
95,2,0,5.250770055840564,7.164914600627868,3.9384173359499086,29.380605550648152,39.7561659529026,0.2
95,2,1,4.309801560058796,4.050848088816409,2.3614463069353127,29.380605550648152,39.7561659529026,0.2
95,2,2,4.802559716627521,6.744813462868732,3.5883103490058694,29.380605550648152,39.7561659529026,0.2
95,2,3,5.3781362797805485,7.358125600382228,4.067653833628364,29.380605550648152,39.7561659529026,0.2
95,2,4,4.7997958120256765,6.606559530589465,3.535505882634437,29.380605550648152,39.7561659529026,0.2
95,2,5,5.501619489557409,7.529933803322486,4.187768253065914,29.380605550648152,39.7561659529026,0.2
95,2,6,4.571768984433475,6.430770779655784,3.3746930385023353,29.380605550648152,39.7561659529026,0.2
95,2,7,3.5440987674044457,4.613963108517702,2.3876354985466595,29.380605550648152,39.7561659529026,0.2
95,2,8,3.4601069501373325,5.1328675199266,2.688263459174593,29.380605550648152,39.7561659529026,0.2
95,2,9,4.920932748336424,6.861643937434065,3.682372516789588,29.380605550648152,39.7561659529026,0.2
95,3,0,7.967318262447635,10.965984957935163,5.3052685633270205,43.37118389304551,52.04837271078157,0.2
95,3,1,4.777145914755473,7.581646308622112,3.662101436367109,43.37118389304551,52.04837271078157,0.2
95,3,2,7.259060718121908,10.301070372429583,4.826459711480053,43.37118389304551,52.04837271078157,0.2
95,3,3,8.228760415550484,11.33739993982327,5.505114746132023,43.37118389304551,52.04837271078157,0.2
95,3,4,7.152238623515611,9.97196211588843,4.716450179084833,43.37118389304551,52.04837271078157,0.2
95,3,5,8.471748836008793,11.661904384147014,5.6881031427023006,43.37118389304551,52.04837271078157,0.2
95,3,6,6.82691832335478,5.659787315106336,3.08610169316448,43.37118389304551,52.04837271078157,0.2
95,3,7,4.830125984363432,7.611812413274569,3.38967295764636,43.37118389304551,52.04837271078157,0.2
95,3,8,5.438288714871937,6.576350608357766,3.197490489757392,43.37118389304551,52.04837271078157,0.2
95,3,9,7.449346095028994,10.489732891671725,4.9563628903844945,43.37118389304551,52.04837271078157,0.2
95,4,0,10.732423586996495,12.970925504772456,5.966967839774658,52.78287938842642,56.88753974306482,0.2
95,4,1,7.4083382140775935,9.587231567039712,4.315997232658829,52.78287938842642,56.88753974306482,0.2
95,4,2,9.763805438096888,6.427659439830971,3.469349385090327,52.78287938842642,56.88753974306482,0.2
95,4,3,11.136707340119555,13.410609661578128,6.191856944248349,52.78287938842642,56.88753974306482,0.2
95,4,4,9.541258947531949,11.665722328528764,5.263891897958226,52.78287938842642,56.88753974306482,0.2
95,4,5,11.506888219759304,13.813299869715914,6.403789347750625,52.78287938842642,56.88753974306482,0.2
95,4,6,6.2431053599324935,8.9208461273392,4.243599491548158,52.78287938842642,56.88753974306482,0.2
95,4,7,6.8572223193982556,7.434057488415325,3.334066711835661,52.78287938842642,56.88753974306482,0.2
95,4,8,6.468442066945724,8.646886323623209,3.8727691925983287,52.78287938842642,56.88753974306482,0.2
95,4,9,10.026596270390877,12.192694924596399,5.506780820192313,52.78287938842642,56.88753974306482,0.2
95,5,0,12.07102442072914,11.798990324751074,5.58425720313718,52.58227654011678,52.813348225446816,0.2
95,5,1,8.731152805608485,8.6814087169437,4.026327038816417,52.58227654011678,52.813348225446816,0.2
95,5,2,7.018405708894939,7.73815151527868,3.950545770068872,52.58227654011678,52.813348225446816,0.2
95,5,3,12.52596936847338,12.146803565076501,5.77737229432202,52.58227654011678,52.813348225446816,0.2
95,5,4,10.648719643632537,10.476136986798544,4.882133325886847,52.58227654011678,52.813348225446816,0.2
95,5,5,12.954703239161779,12.502571697566532,5.972117957860515,52.58227654011678,52.813348225446816,0.2
95,5,6,8.584694013736476,8.671159348374195,4.160103846930089,52.58227654011678,52.813348225446816,0.2
95,5,7,6.744732296131872,6.131544132878635,2.9135001564821033,52.58227654011678,52.813348225446816,0.2
95,5,8,7.834513735449819,5.416101444147129,2.791261615143087,52.58227654011678,52.813348225446816,0.2
95,5,9,11.140077765636923,10.724722318291363,5.033826415235167,52.58227654011678,52.813348225446816,0.2
95,6,0,11.296810520977628,11.013461695943922,5.321336386283019,47.748948061484974,48.185148776636915,0.2
95,6,1,8.145157359056666,5.328499742624858,2.8610099607455646,47.748948061484974,48.185148776636915,0.2
95,6,2,7.991853776693133,8.266000065036472,4.13730769073322,47.748948061484974,48.185148776636915,0.2
95,6,3,11.687477446675619,11.286888821041387,5.487934529512215,47.748948061484974,48.185148776636915,0.2
95,6,4,9.87643174632248,4.422821065578999,2.6696748851976917,47.748948061484974,48.185148776636915,0.2
95,6,5,12.081442978839949,11.595894133001464,5.665546373315173,47.748948061484974,48.185148776636915,0.2
95,6,6,8.415784444877914,8.409179181380033,4.071717881998049,47.748948061484974,48.185148776636915,0.2
95,6,7,5.893936834092571,6.04645606246135,2.885139228066388,47.748948061484974,48.185148776636915,0.2
95,6,8,5.646651368965395,6.4851939001221695,3.1664006504418585,47.748948061484974,48.185148776636915,0.2
95,6,9,10.18330301413353,9.810853436383532,4.729581868564376,47.748948061484974,48.185148776636915,0.2
95,7,0,10.764928384826467,11.750580897579185,5.568209376576379,46.838781041515574,50.43922067741583,0.2
95,7,1,5.787750501000396,7.325150706380519,3.574929654243327,46.838781041515574,50.43922067741583,0.2
95,7,2,8.36966839975414,9.501422157426232,4.56103145856144,46.838781041515574,50.43922067741583,0.2
95,7,3,11.101952198154693,12.071391645502802,5.752241181254691,46.838781041515574,50.43922067741583,0.2
95,7,4,5.400684501736078,7.433661819400849,3.8398192115171934,46.838781041515574,50.43922067741583,0.2
95,7,5,11.461256448072891,12.418987038740545,5.944141662835715,46.838781041515574,50.43922067741583,0.2
95,7,6,8.23698188220403,9.276128111774327,4.361208716404587,46.838781041515574,50.43922067741583,0.2
95,7,7,5.836563396076257,6.054162814460781,2.8877128947699133,46.838781041515574,50.43922067741583,0.2
95,7,8,6.405548111474276,7.592614632407573,3.5358492482892374,46.838781041515574,50.43922067741583,0.2
95,7,9,9.567824021896248,5.122753222615837,3.001099542181688,46.838781041515574,50.43922067741583,0.2
95,8,0,11.264346175347374,6.840752668473749,3.812823866961151,53.75300988090401,59.860118496683754,0.2
95,8,1,7.231991912393087,10.533527067431667,4.609964450183978,53.75300988090401,59.860118496683754,0.2
95,8,2,9.22685082245863,12.780701089643701,5.613055183717864,53.75300988090401,59.860118496683754,0.2
95,8,3,11.636637843094432,15.249791918913951,6.774725314002579,53.75300988090401,59.860118496683754,0.2
95,8,4,7.767856760421115,11.28448455436214,5.142875676060116,53.75300988090401,59.860118496683754,0.2
95,8,5,12.024847644406467,15.72776244005291,7.012868379804348,53.75300988090401,59.860118496683754,0.2
95,8,6,8.822614489171547,12.210240777637708,5.286364616314009,53.75300988090401,59.860118496683754,0.2
95,8,7,5.841769858464405,9.163702934383554,3.8598092818077134,53.75300988090401,59.860118496683754,0.2
95,8,8,7.152933243516191,8.163037310727573,3.719769569671892,53.75300988090401,59.860118496683754,0.2
95,8,9,6.071148166952796,10.164323460680707,4.848226823177288,53.75300988090401,59.860118496683754,0.2
95,9,0,7.713245863876667,12.826915665246112,5.920516408833793,65.78242868453844,70.16866345723577,0.2
95,9,1,9.325841021956215,13.576702549803265,5.506199183321737,65.78242868453844,70.16866345723577,0.2
95,9,2,11.355068104425614,16.14715402323755,6.611168541581686,65.78242868453844,70.16866345723577,0.2
95,9,3,13.705097279717426,18.625161739130686,7.792503133849677,65.78242868453844,70.16866345723577,0.2
95,9,4,10.403906899695974,14.84178640571719,6.230302612678289,65.78242868453844,70.16866345723577,0.2
95,9,5,14.1868546546707,19.254265995499683,8.079745968283087,65.78242868453844,70.16866345723577,0.2
95,9,6,10.694181382216847,9.035526737506569,4.28171333584493,65.78242868453844,70.16866345723577,0.2
95,9,7,7.808296165011247,10.397139219168515,4.216536326949899,65.78242868453844,70.16866345723577,0.2
95,9,8,7.524999383387028,11.630011080197933,4.765691002176269,65.78242868453844,70.16866345723577,0.2
95,9,9,9.807839752328414,14.639877008524506,6.2589891063769985,65.78242868453844,70.16866345723577,0.2
95,10,0,11.977054355476337,15.978249844917563,6.904694486164877,73.06044378677923,73.12701648494584,0.2
95,10,1,11.138901129017244,10.551373221052163,4.615430280259386,73.06044378677923,73.12701648494584,0.2
95,10,2,13.374226082304906,16.926923863226175,6.833066793221591,73.06044378677923,73.12701648494584,0.2
95,10,3,15.764035964849462,19.457001507261886,8.034522798288561,73.06044378677923,73.12701648494584,0.2
95,10,4,12.6037439794568,16.068667823658338,6.58650048877956,73.06044378677923,73.12701648494584,0.2
95,10,5,16.345120924954774,20.11931418177963,8.332168619850178,73.06044378677923,73.12701648494584,0.2
95,10,6,8.661797352924504,12.746859061094742,5.447940848776811,73.06044378677923,73.12701648494584,0.2
95,10,7,8.529945918968775,11.83045462807175,4.615482926657317,73.06044378677923,73.12701648494584,0.2
95,10,8,9.640871882274357,9.409561274896015,4.108831698260158,73.06044378677923,73.12701648494584,0.2
95,10,9,12.661776027773534,16.37001005122759,6.768029736797464,73.06044378677923,73.12701648494584,0.2
95,11,0,13.968021614696294,15.12468590748371,6.644380220301004,69.14875241052928,64.93715586106734,0.2
95,11,1,9.336898257405018,10.874703071638974,4.7139838547473145,69.14875241052928,64.93715586106734,0.2
95,11,2,13.82312061071308,7.3945896295423434,3.8269332882807294,69.14875241052928,64.93715586106734,0.2
95,11,3,16.253635600407204,16.870657749707917,7.27108730331538,69.14875241052928,64.93715586106734,0.2
95,11,4,13.32432323788174,14.204302959890223,6.041750211882584,69.14875241052928,64.93715586106734,0.2
95,11,5,16.855765539309964,17.40474794587545,7.528288368317275,69.14875241052928,64.93715586106734,0.2
95,11,6,11.021045997585972,12.193649876080327,5.281335525571716,69.14875241052928,64.93715586106734,0.2
95,11,7,9.337004759731181,8.574894436732059,3.6844807544794738,69.14875241052928,64.93715586106734,0.2
95,11,8,8.312062190071632,9.954588417852541,4.274015630436287,69.14875241052928,64.93715586106734,0.2
95,11,9,13.69155229705218,14.42053595515731,6.193198175207728,69.14875241052928,64.93715586106734,0.2
95,12,0,13.44141246501037,12.855056058814963,5.929605547983394,58.443503870834945,55.40341377295484,0.2
95,12,1,9.53626963602449,9.360365453823775,4.244249136751602,58.443503870834945,55.40341377295484,0.2
95,12,2,7.741788864925826,8.603047799207912,4.254687550906115,58.443503870834945,55.40341377295484,0.2
95,12,3,14.709224979983828,13.73417156961001,6.296057367358118,58.443503870834945,55.40341377295484,0.2
95,12,4,12.222307260555693,6.187932465746092,3.3771528165829077,58.443503870834945,55.40341377295484,0.2
95,12,5,15.229536203379439,14.134742945227176,6.507742642177972,58.443503870834945,55.40341377295484,0.2
95,12,6,10.684007659348822,10.201397380999012,4.6613522223983015,58.443503870834945,55.40341377295484,0.2
95,12,7,7.4536110063411805,5.513531485937046,2.7046872024048194,58.443503870834945,55.40341377295484,0.2
95,12,8,8.646225090350548,8.61715590410609,3.8634434117998557,58.443503870834945,55.40341377295484,0.2
95,12,9,12.528682644646342,11.702851943969442,5.3509660240743315,58.443503870834945,55.40341377295484,0.2
95,13,0,11.995441453175593,12.45247592354795,5.798998802568631,52.43061663342085,52.89922037478064,0.2
95,13,1,8.586008229486609,4.707337717942895,2.6232438012947292,52.43061663342085,52.89922037478064,0.2
95,13,2,8.607124876258679,9.470066027532978,4.550489769836758,52.43061663342085,52.89922037478064,0.2
95,13,3,12.736764178464485,13.05945616217171,6.077913471939921,52.43061663342085,52.89922037478064,0.2
95,13,4,6.831894391950668,8.405383418986437,4.184649495918898,52.43061663342085,52.89922037478064,0.2
95,13,5,13.164998114103678,13.441798378655365,6.282738635577204,52.43061663342085,52.89922037478064,0.2
95,13,6,9.429797180256775,9.93130254239959,4.574614512091453,52.43061663342085,52.89922037478064,0.2
95,13,7,5.471513530378791,6.479601077338819,3.0283072274404765,52.43061663342085,52.89922037478064,0.2
95,13,8,7.815647917703936,5.526987112180134,2.831142351691219,52.43061663342085,52.89922037478064,0.2
95,13,9,10.824868389693291,11.209412337479286,5.192015584907518,52.43061663342085,52.89922037478064,0.2
95,14,0,11.731227323696876,14.877244034113115,6.568100091484116,55.121871242311755,58.623319123506995,0.2
95,14,1,5.306755598024281,9.004689668558763,4.130703575363201,55.121871242311755,58.623319123506995,0.2
95,14,2,9.205525253853558,12.471893818303359,5.517771615565348,55.121871242311755,58.623319123506995,0.2
95,14,3,12.295464617358505,15.51507742877031,6.85700887774764,55.121871242311755,58.623319123506995,0.2
95,14,4,8.465439669494938,11.719695559174275,5.2809280253933375,55.121871242311755,58.623319123506995,0.2
95,14,5,12.709820722274072,15.99753716894282,7.096856421379082,55.121871242311755,58.623319123506995,0.2
95,14,6,9.254328994835546,6.995637470837201,3.579556827753426,55.121871242311755,58.623319123506995,0.2
95,14,7,6.126188623346934,9.159015383888558,3.8584270777204592,55.121871242311755,58.623319123506995,0.2
95,14,8,5.727329086311253,8.987623668867705,3.9789749562504415,55.121871242311755,58.623319123506995,0.2
95,14,9,10.503315687485214,5.759820990752367,3.257723992109329,55.121871242311755,58.623319123506995,0.2
95,15,0,13.287099701394101,7.919927748495191,4.224534637781281,64.43058823740638,68.82910384665847,0.2
95,15,1,8.356308442058806,12.893274508348478,5.310680397615161,64.43058823740638,68.82910384665847,0.2
95,15,2,11.162311865587453,16.164421839133716,6.616116750777917,64.43058823740638,68.82910384665847,0.2
95,15,3,13.871554839748246,18.99913123982703,7.901700573746655,64.43058823740638,68.82910384665847,0.2
95,15,4,10.68318329683561,15.32257468845944,6.3709036950330535,64.43058823740638,68.82910384665847,0.2
95,15,5,14.356760330069164,19.635319932273624,8.191348754101233,64.43058823740638,68.82910384665847,0.2
95,15,6,7.2413525669062615,12.320533650527173,5.319745039312188,64.43058823740638,68.82910384665847,0.2
95,15,7,7.805500001241022,9.505788590178977,3.960115482115106,64.43058823740638,68.82910384665847,0.2
95,15,8,8.049365298436499,12.310192176588727,4.9591263462652195,64.43058823740638,68.82910384665847,0.2
95,15,9,6.590292912695169,12.18578726892071,5.50459676444541,64.43058823740638,68.82910384665847,0.2
95,16,0,8.546126298679662,14.197027140018136,6.356414510058365,73.30497677469782,73.83033354105166,0.2
95,16,1,10.743371590338766,14.891344471468013,5.874212355546301,73.30497677469782,73.83033354105166,0.2
95,16,2,13.38423618385907,9.367217077860735,4.515838967181471,73.30497677469782,73.83033354105166,0.2
95,16,3,15.98493961291191,20.667572474590667,8.381265089704755,73.30497677469782,73.83033354105166,0.2
95,16,4,12.888176398779073,17.18409443684193,6.903311534943786,73.30497677469782,73.83033354105166,0.2
95,16,5,16.57089052673683,21.37516866017033,8.69291663161501,73.30497677469782,73.83033354105166,0.2
95,16,6,10.761709130313527,15.297403625628304,6.189884749006446,73.30497677469782,73.83033354105166,0.2
95,16,7,8.011213061159092,12.298124367323519,4.7424565567131065,73.30497677469782,73.83033354105166,0.2
95,16,8,10.032186671465185,10.891185043753067,4.551686959774906,73.30497677469782,73.83033354105166,0.2
95,16,9,11.135659476320638,15.995046772525757,6.659135561614851,73.30497677469782,73.83033354105166,0.2
95,17,0,12.85886514549896,14.921445385863002,6.581754016839185,71.70473375135599,68.69631052672135,0.2
95,17,1,11.88338243147395,8.579388876884883,3.9931475026373033,71.70473375135599,68.69631052672135,0.2
95,17,2,9.135427559969283,11.753308026396343,5.293258701620542,71.70473375135599,68.69631052672135,0.2
95,17,3,16.95508645111977,18.194850475395135,7.666036668958157,71.70473375135599,68.69631052672135,0.2
95,17,4,13.965223939493287,15.31736873848116,6.369388427004385,71.70473375135599,68.69631052672135,0.2
95,17,5,17.585549606640754,18.79435043597921,7.944159473073492,71.70473375135599,68.69631052672135,0.2
95,17,6,12.521979667578934,13.885701464056226,5.784257675222003,71.70473375135599,68.69631052672135,0.2
95,17,7,9.593869189094343,9.639724593369968,3.99909188864775,71.70473375135599,68.69631052672135,0.2
95,17,8,9.207947138698202,10.974163397591239,4.575934357130532,71.70473375135599,68.69631052672135,0.2
95,17,9,13.471262145806094,14.963117116693871,6.3554081794908495,71.70473375135599,68.69631052672135,0.2
95,18,0,13.314721245673462,12.90707367849761,5.946391157718113,62.09186446254443,57.94086579685947,0.2
95,18,1,8.078035999893839,8.598827035178395,3.9994783913247365,62.09186446254443,57.94086579685947,0.2
95,18,2,10.708127941730547,10.48584864259656,4.886901062955483,62.09186446254443,57.94086579685947,0.2
95,18,3,15.50819751773518,14.449385742649763,6.523813217057908,62.09186446254443,57.94086579685947,0.2
95,18,4,12.885111050034258,12.256524591511155,5.449114779793399,62.09186446254443,57.94086579685947,0.2
95,18,5,16.070832888091832,14.886683442015508,6.748191474379056,62.09186446254443,57.94086579685947,0.2
95,18,6,11.701406397395896,6.0655889427520515,3.2393750849244927,62.09186446254443,57.94086579685947,0.2
95,18,7,8.090061341847258,7.078221491581482,3.2215364438883234,62.09186446254443,57.94086579685947,0.2
95,18,8,9.256999007834796,9.105159368228685,4.015328454053269,62.09186446254443,57.94086579685947,0.2
95,18,9,12.856829364314615,12.06415462213518,5.466077969529927,62.09186446254443,57.94086579685947,0.2
95,19,0,12.029398315432164,12.29253273088133,5.746758977076504,53.58958066882441,53.410861529119366,0.2
95,19,1,8.090843226948344,8.75905919262128,4.051502659384041,53.58958066882441,53.410861529119366,0.2
95,19,2,9.886076757345249,10.219592048995219,4.799704820084597,53.58958066882441,53.410861529119366,0.2
95,19,3,13.197508479005897,13.162911661987774,6.111577527776674,53.58958066882441,53.410861529119366,0.2
95,19,4,11.023420830222918,5.243163644175923,3.00735160151162,53.58958066882441,53.410861529119366,0.2
95,19,5,13.651419995932475,13.543127031598102,6.315854200552351,53.58958066882441,53.410861529119366,0.2
95,19,6,6.553173539393801,8.006687777646905,3.934297348802998,53.58958066882441,53.410861529119366,0.2
95,19,7,6.517086421554005,7.018508413145092,3.202488081809606,53.58958066882441,53.410861529119366,0.2
95,19,8,8.122907501367733,6.257005848379505,3.087993537885324,53.58958066882441,53.410861529119366,0.2
95,19,9,11.057736932313862,11.165731611348884,5.177844756471278,53.58958066882441,53.410861529119366,0.2
95,20,0,11.625547483251497,11.938872203964756,5.630517776962121,54.21136861828723,53.410861529119366,0.2
95,20,1,8.19608700018077,8.445691254971818,3.9494857044262655,54.21136861828723,53.410861529119366,0.2
95,20,2,9.709680972190482,10.01734025235874,4.733013413001374,54.21136861828723,53.410861529119366,0.2
95,20,3,12.363566147485335,12.706927772352458,5.962595412076924,54.21136861828723,53.410861529119366,0.2
95,20,4,6.083795924218789,6.251733687341719,3.4014895886839076,54.21136861828723,53.410861529119366,0.2
95,20,5,12.776812669315692,13.136151005969166,6.1823917662595,54.21136861828723,53.410861529119366,0.2
95,20,6,7.958983633068213,8.208861393182277,4.003577138592088,54.21136861828723,53.410861529119366,0.2
95,20,7,6.478552068763564,6.731290108855782,3.1101759635813275,54.21136861828723,53.410861529119366,0.2
95,20,8,6.246932513763173,6.4368963628639175,3.1498752353014026,54.21136861828723,53.410861529119366,0.2
95,20,9,10.474648461398361,10.794391556276775,5.056694462220155,54.21136861828723,53.410861529119366,0.2
96,0,0,2.0,2.0,1.3041991306147653,17.73907218849892,17.73907218849892,0.0
96,0,1,2.0,2.0,1.5824272266604946,17.73907218849892,17.73907218849892,0.0
96,0,2,2.0,2.0,1.4049459327923302,17.73907218849892,17.73907218849892,0.0
96,0,3,2.0,2.0,1.351269270444036,17.73907218849892,17.73907218849892,0.0
96,0,4,2.0,2.0,1.4627500662520216,17.73907218849892,17.73907218849892,0.0
96,0,5,2.0,2.0,1.739322260943838,17.73907218849892,17.73907218849892,0.0
96,0,6,2.0,2.0,1.534509202080742,17.73907218849892,17.73907218849892,0.0
96,0,7,2.0,2.0,1.5016175867916381,17.73907218849892,17.73907218849892,0.0
96,0,8,2.0,2.0,1.42297497244705,17.73907218849892,17.73907218849892,0.0
96,0,9,2.0,2.0,1.3375636552601986,17.73907218849892,17.73907218849892,0.0
96,1,0,2.6383617237224923,2.9083720447092563,1.695031925679259,17.73907218849892,26.21527868387259,0.0
96,1,1,3.201210096980661,3.8877801792502136,2.5199617025149674,17.73907218849892,26.21527868387259,0.0
96,1,2,2.8421699462654986,3.4161725651772894,2.043696846766536,17.73907218849892,26.21527868387259,0.0
96,1,3,2.733583421345673,3.273541631461645,1.9078024906815532,17.73907218849892,26.21527868387259,0.0
96,1,4,2.9591062404348625,3.569771115595385,2.194307003882507,17.73907218849892,26.21527868387259,0.0
96,1,5,3.518604767302345,4.30468548327183,2.9745279658547275,17.73907218849892,26.21527868387259,0.0
96,1,6,3.104273150037582,3.7604512379820085,2.3873520853510635,17.73907218849892,26.21527868387259,0.0
96,1,7,3.0377342475240745,3.673050837233176,2.298038003977317,17.73907218849892,26.21527868387259,0.0
96,1,8,2.8786422356758328,3.464079768185988,2.0901997120638547,17.73907218849892,26.21527868387259,0.0
96,1,9,2.7058573098552734,2.6383617237224932,1.623781162844237,17.73907218849892,26.21527868387259,0.0
96,2,0,3.4290065437259964,3.910436445245254,2.0853577565262458,28.421218320985766,38.01208690459161,0.2
96,2,1,5.097818534833783,7.012141221150773,3.808011115917504,28.421218320985766,38.01208690459161,0.2
96,2,2,4.134346825441854,5.857459561452695,2.980815691413871,28.421218320985766,38.01208690459161,0.2
96,2,3,3.8594359938455107,4.360178737790328,2.331706634632571,28.421218320985766,38.01208690459161,0.2
96,2,4,4.439027348845746,6.207889584959811,3.2322870197883535,28.421218320985766,38.01208690459161,0.2
96,2,5,6.017394542775038,8.09305221959432,4.627406989758611,28.421218320985766,38.01208690459161,0.2
96,2,6,4.829552646665451,6.608558686318489,3.54260903488019,28.421218320985766,38.01208690459161,0.2
96,2,7,4.648872527997642,6.415040206926762,3.395298151253491,28.421218320985766,38.01208690459161,0.2
96,2,8,4.228420941091691,5.996665612109669,3.06911489768377,28.421218320985766,38.01208690459161,0.2
96,2,9,3.2848680597804196,4.912187751000382,2.50891491303259,28.421218320985766,38.01208690459161,0.2
96,3,0,4.2186257879908196,6.637427670557865,3.0201100634475573,41.46851618565355,49.06463564842771,0.2
96,3,1,7.703509790725493,10.708995348847417,5.121850061098439,41.46851618565355,49.06463564842771,0.2
96,3,2,6.030114451917054,5.7607596613687075,2.9462828937476315,41.46851618565355,49.06463564842771,0.2
96,3,3,4.716983312866131,7.22867647036939,3.3217126079719685,41.46851618565355,49.06463564842771,0.2
96,3,4,6.5388345636105365,9.298761727505958,4.288907828889041,41.46851618565355,49.06463564842771,0.2
96,3,5,9.361126836597522,12.64387896205508,6.3237586901917995,41.46851618565355,49.06463564842771,0.2
96,3,6,7.166608120138518,9.94734984454362,4.716758868632975,41.46851618565355,49.06463564842771,0.2
96,3,7,6.868601943225015,9.626609951406937,4.510967643361033,41.46851618565355,49.06463564842771,0.2
96,3,8,6.20874150402049,8.964967268760459,4.066870659213374,41.46851618565355,49.06463564842771,0.2
96,3,9,5.075471160221912,5.046187372829467,2.5566296617437154,41.46851618565355,49.06463564842771,0.2
96,4,0,6.109605968739736,5.337179586535009,2.5926338131318785,49.75703582624376,52.85245811012725,0.2
96,4,1,10.361372614531664,12.377189753675943,5.668108879137083,49.75703582624376,52.85245811012725,0.2
96,4,2,5.960255479129124,8.130105066211135,3.74978118037412,49.75703582624376,52.85245811012725,0.2
96,4,3,6.719740257723219,8.510345906701534,3.723779461763991,49.75703582624376,52.85245811012725,0.2
96,4,4,8.676351629663074,10.53326069277807,4.679970467465581,49.75703582624376,52.85245811012725,0.2
96,4,5,12.792803251137697,15.005493217576333,7.129092518013612,49.75703582624376,52.85245811012725,0.2
96,4,6,9.54188341864929,11.48580798262238,5.2162882972714275,49.75703582624376,52.85245811012725,0.2
96,4,7,9.125572995577999,11.02924669395186,4.961585099739915,49.75703582624376,52.85245811012725,0.2
96,4,8,8.227176073596098,6.043830420683183,3.0859924125439018,49.75703582624376,52.85245811012725,0.2
96,4,9,5.17199688524454,7.285549857814153,3.30610845840828,49.75703582624376,52.85245811012725,0.2
96,5,0,5.244832369249855,6.188720728047288,2.875699679585007,48.852570892037036,48.1816986845985,0.2
96,5,1,11.46644033228094,11.355537206538441,5.336396969728749,48.852570892037036,48.1816986845985,0.2
96,5,2,7.585712109753205,7.927567773108931,3.684143932337308,48.852570892037036,48.1816986845985,0.2
96,5,3,7.533111293266209,5.2233271523915406,2.645964194674637,48.852570892037036,48.1816986845985,0.2
96,5,4,9.467461417255034,4.388509534748892,2.5355434774389507,48.852570892037036,48.1816986845985,0.2
96,5,5,14.421973134990045,14.202594590010225,6.859878784054979,48.852570892037036,48.1816986845985,0.2
96,5,6,10.552418768240742,10.649056925887809,4.947277875296029,48.852570892037036,48.1816986845985,0.2
96,5,7,10.0371606673094,10.104405061133415,4.666549452292692,48.852570892037036,48.1816986845985,0.2
96,5,8,6.242884288012027,7.15422938638628,3.472723990810431,48.852570892037036,48.1816986845985,0.2
96,5,9,6.688173459391837,7.099764637318598,3.246864978058732,48.852570892037036,48.1816986845985,0.2
96,6,0,5.8174674291967525,5.96258808210059,2.801736414851037,43.56143863828185,43.93371062836484,0.2
96,6,1,10.795395562703984,10.135115890115202,4.928137912900826,43.56143863828185,43.93371062836484,0.2
96,6,2,7.4529296237005,7.214190001449487,3.448815151345212,43.56143863828185,43.93371062836484,0.2
96,6,3,5.352718376893188,5.853245152276287,2.865488061473061,43.56143863828185,43.93371062836484,0.2
96,6,4,5.129340069837197,6.118640071804926,3.1996874959675505,43.56143863828185,43.93371062836484,0.2
96,6,5,13.877360587332497,12.955617286720694,6.432499122389612,43.56143863828185,43.93371062836484,0.2
96,6,6,10.00821751556258,9.581239992752087,4.59455762883589,43.56143863828185,43.93371062836484,0.2
96,6,7,9.440311044359941,4.098160316151742,2.4811362252763627,43.56143863828185,43.93371062836484,0.2
96,6,8,7.025232450575392,6.974677633869951,3.411482614696039,43.56143863828185,43.93371062836484,0.2
96,6,9,6.568325403013612,4.898174605972877,2.503902686849414,43.56143863828185,43.93371062836484,0.2
96,7,0,5.66784162278813,5.419086376958542,2.62042154077021,42.70613466406964,46.34172281474676,0.2
96,7,1,9.969497857657894,10.691291246387214,5.115921383347855,42.70613466406964,46.34172281474676,0.2
96,7,2,6.976865475454096,4.745017432414158,2.5722020678904154,42.70613466406964,46.34172281474676,0.2
96,7,3,5.796809585059769,6.737289857314828,3.16199053901407,42.70613466406964,46.34172281474676,0.2
96,7,4,6.472886554720326,7.5602634377358475,3.7104362959035333,42.70613466406964,46.34172281474676,0.2
96,7,5,13.012782384229522,13.6906609430586,6.685842612950697,42.70613466406964,46.34172281474676,0.2
96,7,6,9.294673413594245,10.050711782040434,4.751013599822133,42.70613466406964,46.34172281474676,0.2
96,7,7,5.019275580274913,6.661871376608257,3.4862274604136734,42.70613466406964,46.34172281474676,0.2
96,7,8,6.901342701797426,7.747849646713718,3.6720035613652664,42.70613466406964,46.34172281474676,0.2
96,7,9,5.06533155392874,6.1423683743750965,2.9337868902479123,42.70613466406964,46.34172281474676,0.2
96,8,0,5.301046236648802,8.120122405636268,3.477896973081388,49.38631189982971,54.84183788037911,0.2
96,8,1,10.349379049989068,13.69500985716846,6.084100706927757,49.38631189982971,54.84183788037911,0.2
96,8,2,5.2034994674494115,8.548225170614574,3.8837546109506578,49.38631189982971,54.84183788037911,0.2
96,8,3,6.396626568041762,5.961469937166965,2.9024734398682055,49.38631189982971,54.84183788037911,0.2
96,8,4,7.506118407553336,10.66126761250448,4.719710069935747,49.38631189982971,54.84183788037911,0.2
96,8,5,13.525289832486711,17.18886424977166,7.8402892555259065,49.38631189982971,54.84183788037911,0.2
96,8,6,9.611179870015023,6.80684937927811,3.6166859470547164,49.38631189982971,54.84183788037911,0.2
96,8,7,7.052549626689327,10.335769239564039,4.7410912299152415,49.38631189982971,54.84183788037911,0.2
96,8,8,7.42836996150434,10.523118313051176,4.549643650685595,49.38631189982971,54.84183788037911,0.2
96,8,9,5.934976381360042,8.84911962810471,3.7881180873335487,49.38631189982971,54.84183788037911,0.2
96,9,0,7.035697262352067,8.096347456629548,3.470765771597183,60.267660337072684,63.894088739597194,0.2
96,9,1,12.307981236626523,16.643354675164762,6.973830015877609,60.267660337072684,63.894088739597194,0.2
96,9,2,7.856736957823999,11.652332601224863,4.8242257805706945,60.267660337072684,63.894088739597194,0.2
96,9,3,5.871630066383926,9.479239325133886,4.015710028941357,60.267660337072684,63.894088739597194,0.2
96,9,4,9.547853623944984,13.460990205541226,5.556521962523174,60.267660337072684,63.894088739597194,0.2
96,9,5,15.86070607556812,20.694171246002117,8.927969242419474,60.267660337072684,63.894088739597194,0.2
96,9,6,7.31646383243354,11.389743838812578,5.185710522367109,60.267660337072684,63.894088739597194,0.2
96,9,7,9.59110716765199,13.497155486432654,5.71489064790332,60.267660337072684,63.894088739597194,0.2
96,9,8,9.20381357629625,13.116623911942042,5.308254189452168,60.267660337072684,63.894088739597194,0.2
96,9,9,7.66326669904356,7.111816998756993,3.250722247214812,60.267660337072684,63.894088739597194,0.2
96,10,0,7.021271022832025,10.445516116604917,4.148335201885926,66.52728224632372,65.67217406453977,0.2
96,10,1,14.107881035747566,17.888259609820274,7.335004963130458,66.52728224632372,65.67217406453977,0.2
96,10,2,9.759286252593432,13.231154385545585,5.272991002852116,66.52728224632372,65.67217406453977,0.2
96,10,3,8.123679417677012,11.55733058376094,4.6134007157452785,66.52728224632372,65.67217406453977,0.2
96,10,4,11.24070283349609,7.189481013612112,3.5820975468943037,66.52728224632372,65.67217406453977,0.2
96,10,5,18.061055069610365,22.203231723323125,9.378867327578083,66.52728224632372,65.67217406453977,0.2
96,10,6,10.490560706070337,14.468767591206415,6.131271938235974,66.52728224632372,65.67217406453977,0.2
96,10,7,11.561078662566203,15.183514390091648,6.205816972914204,66.52728224632372,65.67217406453977,0.2
96,10,8,10.738463432833706,8.492443839175014,3.915607423608954,66.52728224632372,65.67217406453977,0.2
96,10,9,6.576128560568777,10.444975513095898,4.254305378612624,66.52728224632372,65.67217406453977,0.2
96,11,0,8.391976774794621,7.359554948436351,3.246526827171271,62.09946915562868,58.71372576452283,0.2
96,11,1,14.838528782729446,15.020170764344249,6.490455233260727,62.09946915562868,58.71372576452283,0.2
96,11,2,10.667126901779428,6.42001272823168,3.178437945046543,62.09946915562868,58.71372576452283,0.2
96,11,3,9.332792499929683,9.901928538691442,4.140232736138893,62.09946915562868,58.71372576452283,0.2
96,11,4,7.246492377211811,9.15037486736049,4.240883575060573,62.09946915562868,58.71372576452283,0.2
96,11,5,18.973210446237154,19.03742310035388,8.421409227512811,62.09946915562868,58.71372576452283,0.2
96,11,6,12.403407439744596,13.082340553131614,5.713843162152982,62.09946915562868,58.71372576452283,0.2
96,11,7,12.55421015197758,12.989614905389093,5.563597999648269,62.09946915562868,58.71372576452283,0.2
96,11,8,7.921174388993686,9.264243644273336,4.1614362167527394,62.09946915562868,58.71372576452283,0.2
96,11,9,8.606351751413444,9.279957991447558,3.9162974483981188,62.09946915562868,58.71372576452283,0.2
96,12,0,6.567641332354938,6.601496631290531,3.0086564077131817,52.842410689060166,50.20881228537054,0.2
96,12,1,13.130026124843038,11.923342977474363,5.521808937579418,52.842410689060166,50.20881228537054,0.2
96,12,2,6.429899252796692,6.826071950588105,3.3178612297199224,52.842410689060166,50.20881228537054,0.2
96,12,3,8.375585692334178,5.659452713447128,2.7987429231089083,52.842410689060166,50.20881228537054,0.2
96,12,4,8.579199783647322,8.39077758573536,3.991266032540406,52.842410689060166,50.20881228537054,0.2
96,12,5,17.036297022525908,15.435613189061907,7.271529647133491,52.842410689060166,50.20881228537054,0.2
96,12,6,11.558959625492061,10.83308544805526,5.00697033459226,52.842410689060166,50.20881228537054,0.2
96,12,7,11.25501747691844,10.42700284037836,4.770347243423163,52.842410689060166,50.20881228537054,0.2
96,12,8,8.418479795196289,8.028553242783921,3.7646306088409984,52.842410689060166,50.20881228537054,0.2
96,12,9,7.922570291620375,5.0042910826915525,2.541752484432089,52.842410689060166,50.20881228537054,0.2
96,13,0,6.0864355140316215,5.445401951925721,2.6293225693142768,47.514743393640806,48.44119881459891,0.2
96,13,1,11.170479265502252,11.516495775557143,5.38923344744999,47.514743393640806,48.44119881459891,0.2
96,13,2,6.711949017317325,7.5922869654913985,3.574369492844472,47.514743393640806,48.44119881459891,0.2
96,13,3,5.6617858650074995,6.757709087816015,3.1686957974628522,47.514743393640806,48.44119881459891,0.2
96,13,4,8.074229833663962,8.780489936721487,4.120142663662174,47.514743393640806,48.44119881459891,0.2
96,13,5,14.710119830295433,14.886130737293607,7.089348705189125,47.514743393640806,48.44119881459891,0.2
96,13,6,10.128973844949028,10.648041727422896,4.94694772601295,47.514743393640806,48.44119881459891,0.2
96,13,7,9.650291340080953,4.517490295850276,2.6562344740637727,47.514743393640806,48.44119881459891,0.2
96,13,8,7.615752126470361,8.253550016316108,3.8381753854691407,47.514743393640806,48.44119881459891,0.2
96,13,9,5.141900733319085,6.345595592099589,3.0014017822158783,47.514743393640806,48.44119881459891,0.2
96,14,0,5.319052791369749,8.059559187683394,3.459718881157693,50.47653831122494,54.58551809623391,0.2
96,14,1,10.902282415458076,13.908083603673962,6.150208717201012,50.47653831122494,54.58551809623391,0.2
96,14,2,7.230858720107375,10.052818991984418,4.350509470842964,50.47653831122494,54.58551809623391,0.2
96,14,3,6.41019113561711,9.10731213935632,3.9047574181849627,50.47653831122494,54.58551809623391,0.2
96,14,4,8.334943985860718,11.19076058562888,4.882596693554092,50.47653831122494,54.58551809623391,0.2
96,14,5,14.341572410860218,17.59084952760102,7.968192692610594,50.47653831122494,54.58551809623391,0.2
96,14,6,10.007549631946386,6.77011319281369,3.6030115234250486,50.47653831122494,54.58551809623391,0.2
96,14,7,5.373494891304341,9.053795637397364,4.321353856759532,50.47653831122494,54.58551809623391,0.2
96,14,8,7.764531342067559,5.8011999769503895,2.9987395692291687,50.47653831122494,54.58551809623391,0.2
96,14,9,6.071759590867185,8.823241418222176,3.780360147271659,50.47653831122494,54.58551809623391,0.2
96,15,0,6.998923443986478,7.417686334169734,3.2644561155010683,59.992799670288385,63.94660423175476,0.2
96,15,1,12.44171606272949,16.79581744272412,7.0184878359073695,59.992799670288385,63.94660423175476,0.2
96,15,2,8.800970187086188,12.605445369351937,5.09717272616419,59.992799670288385,63.94660423175476,0.2
96,15,3,7.899225103534994,8.318034908551663,3.6646746210085093,59.992799670288385,63.94660423175476,0.2
96,15,4,9.877369127347027,13.808838197006532,5.656647656701793,59.992799670288385,63.94660423175476,0.2
96,15,5,16.119451480940167,20.982464334917157,9.014852057413911,59.992799670288385,63.94660423175476,0.2
96,15,6,7.2888008206651795,11.37961646436197,5.182482421001379,59.992799670288385,63.94660423175476,0.2
96,15,7,8.741989120143522,12.673427600173232,5.468449562449306,59.992799670288385,63.94660423175476,0.2
96,15,8,6.066374001596611,10.119368052832112,4.42673616976183,59.992799670288385,63.94660423175476,0.2
96,15,9,7.647572583295625,11.201150280151031,4.467631036192405,59.992799670288385,63.94660423175476,0.2
96,16,0,6.603911827367939,10.278271643906553,4.101729095791132,68.10497414687974,67.93238382089437,0.2
96,16,1,14.19822267167234,18.42915055540161,7.489562896016776,68.10497414687974,67.93238382089437,0.2
96,16,2,10.311450992590913,7.5303794715208765,3.5539426692497393,68.10497414687974,67.93238382089437,0.2
96,16,3,7.413543701266304,11.192846081468328,4.511066981151154,68.10497414687974,67.93238382089437,0.2
96,16,4,11.443254570329016,15.310183958307466,6.08044571817244,68.10497414687974,67.93238382089437,0.2
96,16,5,18.236816798129944,22.913522611380802,9.58789702073,68.10497414687974,67.93238382089437,0.2
96,16,6,10.4840303389786,14.660892693763271,6.1881494060398,68.10497414687974,67.93238382089437,0.2
96,16,7,11.06253460456794,15.053163297181397,6.168474732721418,68.10497414687974,67.93238382089437,0.2
96,16,8,8.955174863375502,12.993708728323817,5.273384687693933,68.10497414687974,67.93238382089437,0.2
96,16,9,9.037904139721753,8.73852518759503,3.7549154480355065,68.10497414687974,67.93238382089437,0.2
96,17,0,8.297693805633084,6.730604369708082,3.04972551763521,65.9765879597944,62.357250691785964,0.2
96,17,1,15.151195556270931,16.405481199337824,6.903908566911033,65.9765879597944,62.357250691785964,0.2
96,17,2,7.189535774673291,9.7147684151789,4.247577689056593,65.9765879597944,62.357250691785964,0.2
96,17,3,9.12577395340493,10.629931842324268,4.35103162011394,65.9765879597944,62.357250691785964,0.2
96,17,4,12.300587287185595,7.596906947101051,3.7230159283775204,65.9765879597944,62.357250691785964,0.2
96,17,5,19.39607220759526,20.678139213656603,8.923127053280432,65.9765879597944,62.357250691785964,0.2
96,17,6,12.51846911282295,14.182126105011292,6.045990216542923,65.9765879597944,62.357250691785964,0.2
96,17,7,12.478667748298584,13.943203840502838,5.846448825993026,65.9765879597944,62.357250691785964,0.2
96,17,8,10.66792331621759,12.074118414013132,5.009277214161439,65.9765879597944,62.357250691785964,0.2
96,17,9,7.596098602857799,9.516395677444287,3.9858798775355693,65.9765879597944,62.357250691785964,0.2
96,18,0,6.169517280536522,6.784104423866164,3.0666744600632034,56.36224025022719,52.18534823165583,0.2
96,18,1,13.966431720002605,12.92774808003431,5.843442380610372,56.36224025022719,52.18534823165583,0.2
96,18,2,8.592741806277722,8.514703494976136,3.87308728884583,56.36224025022719,52.18534823165583,0.2
96,18,3,8.802026481802441,5.72811198314693,2.822467522674216,56.36224025022719,52.18534823165583,0.2
96,18,4,7.531566684613772,8.234919427767425,3.939224002413967,56.36224025022719,52.18534823165583,0.2
96,18,5,18.051259443939728,16.642907178582952,7.665129422304483,56.36224025022719,52.18534823165583,0.2
96,18,6,12.230884682317177,11.710738316724633,5.287586605190907,56.36224025022719,52.18534823165583,0.2
96,18,7,11.827217516186613,11.217319086971708,5.020658716675771,56.36224025022719,52.18534823165583,0.2
96,18,8,10.133640603738916,4.88990756977262,2.6606436991399183,56.36224025022719,52.18534823165583,0.2
96,18,9,8.06333377885974,7.903130704421,3.4998777728747195,56.36224025022719,52.18534823165583,0.2
96,19,0,6.203804560684084,6.741581782104399,3.053206473559545,48.26629513262459,48.01281382813786,0.2
96,19,1,11.821135553520133,11.617610711300888,5.422312252974014,48.26629513262459,48.01281382813786,0.2
96,19,2,7.835157236081101,8.090099401914845,3.7368555892482327,48.26629513262459,48.01281382813786,0.2
96,19,3,5.709780127489676,6.638253462881681,3.1293820345524277,48.26629513262459,48.01281382813786,0.2
96,19,4,7.968950128220754,8.455740008055246,4.0128716039397885,48.26629513262459,48.01281382813786,0.2
96,19,5,15.506362180792495,15.035370729227184,7.1390258928508645,48.26629513262459,48.01281382813786,0.2
96,19,6,10.696653434684865,10.75599916374943,4.982003542618913,48.26629513262459,48.01281382813786,0.2
96,19,7,10.156665094315068,4.473475673066369,2.638091806520887,48.26629513262459,48.01281382813786,0.2
96,19,8,5.38241464166999,6.680822411919838,3.310222711446536,48.26629513262459,48.01281382813786,0.2
96,19,9,7.08016386217582,5.373374590531367,2.6715693026261444,48.26629513262459,48.01281382813786,0.2
96,20,0,6.176559165979585,6.3762718104550515,2.936430219541952,48.73241648460066,48.01281382813786,0.2
96,20,1,10.969199999063509,11.294926401689274,5.316442650632812,48.73241648460066,48.01281382813786,0.2
96,20,2,7.559563967124898,7.81077146973368,3.6460646605403797,48.73241648460066,48.01281382813786,0.2
96,20,3,6.33066039154318,6.533223103403475,3.0946400798196967,48.73241648460066,48.01281382813786,0.2
96,20,4,8.117937355974925,8.373013513492975,3.9853492302376594,48.73241648460066,48.01281382813786,0.2
96,20,5,14.44206810004775,14.833307345333067,7.0717297442241405,48.73241648460066,48.01281382813786,0.2
96,20,6,10.078466658768365,10.360724091630749,4.853126103064304,48.73241648460066,48.01281382813786,0.2
96,20,7,5.336792735561599,5.492921145915546,3.0457952444303995,48.73241648460066,48.01281382813786,0.2
96,20,8,6.6964964888150575,6.922184377937577,3.39348925782166,48.73241648460066,48.01281382813786,0.2
96,20,9,5.404516860088921,5.587837004966313,2.745769477983864,48.73241648460066,48.01281382813786,0.2
97,0,0,2.0,2.0,1.3644762018365055,18.02595872466381,18.02595872466381,0.0
97,0,1,2.0,2.0,1.3018778975704606,18.02595872466381,18.02595872466381,0.0
97,0,2,2.0,2.0,1.7718564209073,18.02595872466381,18.02595872466381,0.0
97,0,3,2.0,2.0,1.5277677003029142,18.02595872466381,18.02595872466381,0.0
97,0,4,2.0,2.0,1.517511187875907,18.02595872466381,18.02595872466381,0.0
97,0,5,2.0,2.0,1.4297137652462095,18.02595872466381,18.02595872466381,0.0
97,0,6,2.0,2.0,1.4618123286049813,18.02595872466381,18.02595872466381,0.0
97,0,7,2.0,2.0,1.6001728513499316,18.02595872466381,18.02595872466381,0.0
97,0,8,2.0,2.0,1.492622610566492,18.02595872466381,18.02595872466381,0.0
97,0,9,2.0,2.0,1.3938537582523398,18.02595872466381,18.02595872466381,0.0
97,1,0,2.760300708189205,2.633665928216906,1.6543882928922118,18.02595872466381,26.85047171716621,0.0
97,1,1,2.633665928216904,2.9020806781504955,1.6894521432668748,18.02595872466381,26.85047171716621,0.0
97,1,2,3.584420546768938,4.379861566823829,3.0671131544475116,18.02595872466381,26.85047171716621,0.0
97,1,3,3.090635263127901,3.733426712445871,2.3648939400771876,18.02595872466381,26.85047171716621,0.0
97,1,4,3.069886598931549,3.706263773082016,2.3370410018567775,18.02595872466381,26.85047171716621,0.0
97,1,5,2.892274642390457,3.473744572801657,2.1041980727602305,18.02595872466381,26.85047171716621,0.0
97,1,6,2.9572092209868597,3.5587531306702505,2.188160262544702,18.02595872466381,26.85047171716621,0.0
97,1,7,3.23710904511298,3.9251816331869813,2.5653565310075894,18.02595872466381,26.85047171716621,0.0
97,1,8,3.0195376390299153,3.6403498553522335,2.270017501665033,18.02595872466381,26.85047171716621,0.0
97,1,9,2.819730758834539,3.3787743572928193,2.01199846985953,18.02595872466381,26.85047171716621,0.0
97,2,0,3.3467855066610266,5.002393249270183,2.59220562796967,29.10986100500626,39.29169602652093,0.2
97,2,1,3.4177187855930837,4.48867027206143,2.2926177468643005,29.10986100500626,39.29169602652093,0.2
97,2,2,6.2046920282837785,8.360295312750244,4.822393693062532,29.10986100500626,39.29169602652093,0.2
97,2,3,4.784120389055783,6.5661453045468665,3.5111846521549888,29.10986100500626,39.29169602652093,0.2
97,2,4,4.727774602305184,6.579368078050016,3.49252748860627,29.10986100500626,39.29169602652093,0.2
97,2,5,4.2567392693202715,6.098748242172183,3.120301757915115,29.10986100500626,39.29169602652093,0.2
97,2,6,4.4265926472034876,6.360732966598947,3.2856828269165734,29.10986100500626,39.29169602652093,0.2
97,2,7,5.189651120164081,7.055466906052287,3.867354044999,29.10986100500626,39.29169602652093,0.2
97,2,8,4.592187763344134,6.558027627241197,3.427443374790953,29.10986100500626,39.29169602652093,0.2
97,2,9,4.0702218138754445,3.956562079047913,2.2470813870957396,29.10986100500626,39.29169602652093,0.2
97,3,0,5.243966161539608,7.750755494173873,3.5219711507852156,42.86447983577416,51.4889965514668,0.2
97,3,1,4.637907485494527,5.563815377552744,2.664465825098445,42.86447983577416,51.4889965514668,0.2
97,3,2,9.755579986086593,13.098802696717847,6.603431090284605,42.86447983577416,51.4889965514668,0.2
97,3,3,7.10303739184437,9.822438106792335,4.6546800884522925,42.86447983577416,51.4889965514668,0.2
97,3,4,7.065294423746416,9.897405435074393,4.648104220587471,42.86447983577416,51.4889965514668,0.2
97,3,5,6.312291222481241,6.233484466810116,3.1683979142760146,42.86447983577416,51.4889965514668,0.2
97,3,6,6.646852925551905,9.613188197213894,4.38710303729653,42.86447983577416,51.4889965514668,0.2
97,3,7,7.823559029363148,10.680623260264376,5.1696782977866516,42.86447983577416,51.4889965514668,0.2
97,3,8,6.933630914178068,9.953495317984649,4.589992233659285,42.86447983577416,51.4889965514668,0.2
97,3,9,4.545788585986906,7.352608702858493,3.467410270264647,42.86447983577416,51.4889965514668,0.2
97,4,0,7.124858204671901,6.559740899208606,3.1337593911234944,52.21560931230054,55.37341433526636,0.2
97,4,1,5.390146705428895,7.50126860864969,3.284305585752162,52.21560931230054,55.37341433526636,0.2
97,4,2,13.358573414807909,15.822995962473987,7.537192926069259,52.21560931230054,55.37341433526636,0.2
97,4,3,9.416299622709408,11.534249625291638,5.208694301604494,52.21560931230054,55.37341433526636,0.2
97,4,4,9.402996808999799,11.513493693193034,5.167207403906194,52.21560931230054,55.37341433526636,0.2
97,4,5,6.409588525494282,8.795605496735412,4.0319405602119955,52.21560931230054,55.37341433526636,0.2
97,4,6,8.874998042801804,5.573109455455562,2.9952903284523127,52.21560931230054,55.37341433526636,0.2
97,4,7,10.458127922850137,12.676944210731726,5.828490678600946,52.21560931230054,55.37341433526636,0.2
97,4,8,9.285437735080995,11.373622016973545,5.039160289344941,52.21560931230054,55.37341433526636,0.2
97,4,9,7.014482928842506,9.126656505539586,4.033800424428678,52.21560931230054,55.37341433526636,0.2
97,5,0,6.33951567273229,6.77314816349136,3.2047811067118195,51.18274052100142,50.642217066436366,0.2
97,5,1,6.644066801648567,5.638854509078667,2.689570170390416,51.18274052100142,50.642217066436366,0.2
97,5,2,15.247549897598386,14.641211241692965,7.13857348284319,51.18274052100142,50.642217066436366,0.2
97,5,3,10.537056307840768,10.382503922524515,4.8389128427157555,51.18274052100142,50.642217066436366,0.2
97,5,4,10.453129367273347,10.140891608006186,4.727855594220273,51.18274052100142,50.642217066436366,0.2
97,5,5,8.156513370295848,8.047249267880654,3.7886223717356993,51.18274052100142,50.642217066436366,0.2
97,5,6,6.059396275091557,6.767378983456503,3.431349632745963,51.18274052100142,50.642217066436366,0.2
97,5,7,11.79088864002343,11.573076718705167,5.468397591746852,51.18274052100142,50.642217066436366,0.2
97,5,8,10.194093306014611,9.613830485936731,4.4797785023822,51.18274052100142,50.642217066436366,0.2
97,5,9,8.16027582837869,4.948435624417482,2.627990317508313,51.18274052100142,50.642217066436366,0.2
97,6,0,6.4831907999139915,6.779872360496653,3.2070079087709646,45.786011939659794,45.4517370454336,0.2
97,6,1,5.440932158480246,5.839763192955315,2.756296429208475,45.786011939659794,45.4517370454336,0.2
97,6,2,14.44115288609027,13.699508666994285,6.813982655808528,45.786011939659794,45.4517370454336,0.2
97,6,3,9.788997806364517,9.660146177845034,4.600710602973525,45.786011939659794,45.4517370454336,0.2
97,6,4,9.56433181273339,4.06078309403558,2.491367296494794,45.786011939659794,45.4517370454336,0.2
97,6,5,7.664286853583825,7.552675592557135,3.6240875714725442,45.786011939659794,45.4517370454336,0.2
97,6,6,6.941533174829497,7.182497074871323,3.5773665662807836,45.786011939659794,45.4517370454336,0.2
97,6,7,11.062429469156564,10.82514348606451,5.218545375261145,45.786011939659794,45.4517370454336,0.2
97,6,8,9.062478155363262,4.925042646724874,2.8048911747060266,45.786011939659794,45.4517370454336,0.2
97,6,9,5.3163576797961385,6.070887067727997,3.032303877727978,45.786011939659794,45.4517370454336,0.2
97,7,0,6.487695563934487,4.753072899413505,2.5010772229102853,44.18174507037797,47.99255849576748,0.2
97,7,1,5.575917685690177,5.3752819836742045,2.6009387996164897,44.18174507037797,47.99255849576748,0.2
97,7,2,13.7845138853297,14.343503699624087,7.036654126153634,44.18174507037797,47.99255849576748,0.2
97,7,3,9.30712072403229,9.973776953955966,4.704766600376866,44.18174507037797,47.99255849576748,0.2
97,7,4,5.039972777552343,6.590827756421621,3.4967845775473,44.18174507037797,47.99255849576748,0.2
97,7,5,7.331437130681456,8.003663484310467,3.7742466291956247,44.18174507037797,47.99255849576748,0.2
97,7,6,7.236921723564389,7.989383059796442,3.8541613719938153,44.18174507037797,47.99255849576748,0.2
97,7,7,10.55698477969999,11.208745622008507,5.347315514571295,44.18174507037797,47.99255849576748,0.2
97,7,8,5.674223621865998,6.900097988247017,3.5516298703745712,44.18174507037797,47.99255849576748,0.2
97,7,9,6.134273745391663,6.9602264726389365,3.3368184113055976,44.18174507037797,47.99255849576748,0.2
97,8,0,5.059615712126851,8.753478368036525,3.8350535495092193,51.14560527276217,57.165904044686854,0.2
97,8,1,5.261633146019813,8.662510186538322,3.632452030182591,51.14560527276217,57.165904044686854,0.2
97,8,2,14.234972615544164,18.467908422423505,8.39846522690846,51.14560527276217,57.165904044686854,0.2
97,8,3,9.51762336448669,7.07480317257434,3.6994433423022284,51.14560527276217,57.165904044686854,0.2
97,8,4,7.073906406573918,11.014287916372716,5.009338758795919,51.14560527276217,57.165904044686854,0.2
97,8,5,7.6352050914682925,11.241336860542763,4.787410578898434,51.14560527276217,57.165904044686854,0.2
97,8,6,7.7968705868750305,11.594734388153583,5.002109405601037,51.14560527276217,57.165904044686854,0.2
97,8,7,10.817483501665988,5.77935921493806,3.3632696097510038,51.14560527276217,57.165904044686854,0.2
97,8,8,7.184857041277698,11.195519066505474,4.983792852297651,51.14560527276217,57.165904044686854,0.2
97,8,9,6.750298914285687,10.374516048499643,4.412388116116329,51.14560527276217,57.165904044686854,0.2
97,9,0,7.758215947193374,11.58109456116098,4.665193843823961,62.82165990391604,67.28065791320743,0.2
97,9,1,7.348358218253291,9.189394636627112,3.7857339410196404,62.82165990391604,67.28065791320743,0.2
97,9,2,16.989881891920007,22.300031034177543,9.583438429049803,62.82165990391604,67.28065791320743,0.2
97,9,3,7.48387994156182,11.856695853747729,5.310200298081192,62.82165990391604,67.28065791320743,0.2
97,9,4,10.133765106971666,14.487624625915167,6.068885363159198,62.82165990391604,67.28065791320743,0.2
97,9,5,9.684810034458376,8.013442642932985,3.7774740933354156,62.82165990391604,67.28065791320743,0.2
97,9,6,10.119140309033293,14.693802362988196,5.904247566030986,62.82165990391604,67.28065791320743,0.2
97,9,7,6.803809017065812,11.61860164051912,5.483446417138977,62.82165990391604,67.28065791320743,0.2
97,9,8,10.082086386812536,14.73296203513054,6.03993226122897,62.82165990391604,67.28065791320743,0.2
97,9,9,8.926149115190587,13.191608112984202,5.220410232079298,62.82165990391604,67.28065791320743,0.2
97,10,0,9.437568682850644,8.381737366576269,3.72030719758609,70.05341819573343,70.02028683691665,0.2
97,10,1,7.65844363159112,10.761359156395596,4.228207041796592,70.05341819573343,70.02028683691665,0.2
97,10,2,19.387052589843183,23.366218965696216,9.901920593762004,70.05341819573343,70.02028683691665,0.2
97,10,3,10.742400361172708,14.350686321355406,6.069420081449651,70.05341819573343,70.02028683691665,0.2
97,10,4,12.277200982545745,15.70850209345053,6.422516765158428,70.05341819573343,70.02028683691665,0.2
97,10,5,7.641734169468136,11.56420374351932,4.8832517668575415,70.05341819573343,70.02028683691665,0.2
97,10,6,11.94414289960077,15.337651627551656,6.084176884712477,70.05341819573343,70.02028683691665,0.2
97,10,7,11.09287286079021,15.02672587174488,6.565245271046275,70.05341819573343,70.02028683691665,0.2
97,10,8,12.218629592546632,15.721753658749913,6.32091150558981,70.05341819573343,70.02028683691665,0.2
97,10,9,10.56075733768883,9.431118383165844,4.127532018223677,70.05341819573343,70.02028683691665,0.2
97,11,0,7.526086991005473,8.994817237142504,3.90876543231659,66.21103541393548,61.82533326290782,0.2
97,11,1,8.55355547874933,7.689925511372129,3.3419100014387233,66.21103541393548,61.82533326290782,0.2
97,11,2,20.03133392184259,20.196283947692542,8.941235985857745,66.21103541393548,61.82533326290782,0.2
97,11,3,12.27828270406924,13.167456454025412,5.714623866243134,66.21103541393548,61.82533326290782,0.2
97,11,4,12.992588329032701,13.49957412085805,5.776103306722976,66.21103541393548,61.82533326290782,0.2
97,11,5,9.87869432400564,10.699519091732615,4.624694851403386,66.21103541393548,61.82533326290782,0.2
97,11,6,12.30813534235063,6.6395666669924776,3.385855647848542,66.21103541393548,61.82533326290782,0.2
97,11,7,13.281324472140765,14.290432720889113,6.338371156836244,66.21103541393548,61.82533326290782,0.2
97,11,8,12.787043468986393,12.984240498306301,5.52866919429723,66.21103541393548,61.82533326290782,0.2
97,11,9,8.34989246250086,9.486546028990384,4.144497635772057,66.21103541393548,61.82533326290782,0.2
97,12,0,7.907333214347825,8.180440280669771,3.657536286294887,55.6428604849437,52.06141911482524,0.2
97,12,1,6.760599071834318,7.112714525277459,3.164273555223826,55.6428604849437,52.06141911482524,0.2
97,12,2,18.08789335470375,16.89303056312114,7.890469169004275,55.6428604849437,52.06141911482524,0.2
97,12,3,11.56053897004203,11.409625065467987,5.1692351441854285,55.6428604849437,52.06141911482524,0.2
97,12,4,11.684910316986134,5.134472190175708,2.936012963386751,55.6428604849437,52.06141911482524,0.2
97,12,5,9.355640249574199,9.11397698206829,4.13355433549116,55.6428604849437,52.06141911482524,0.2
97,12,6,6.849499998610168,7.885594928407091,3.8190447589471894,55.6428604849437,52.06141911482524,0.2
97,12,7,12.822363900105236,12.621116526445368,5.810511223661134,55.6428604849437,52.06141911482524,0.2
97,12,8,11.18435739063998,6.165817495935322,3.282634164614327,55.6428604849437,52.06141911482524,0.2
97,12,9,8.384213475993528,8.318749465135557,3.780392082009685,55.6428604849437,52.06141911482524,0.2
97,13,0,7.399103031404284,5.290204446182054,2.695725630147172,49.26794435785669,50.75304889726353,0.2
97,13,1,6.4012450518614985,5.95060613971058,2.7928145676531826,49.26794435785669,50.75304889726353,0.2
97,13,2,15.962218766316985,15.750671574552904,7.513060445008661,49.26794435785669,50.75304889726353,0.2
97,13,3,10.457231434367857,10.670329382378604,4.932428576114176,49.26794435785669,50.75304889726353,0.2
97,13,4,5.939479670793267,7.255999918443079,3.7402358884068074,49.26794435785669,50.75304889726353,0.2
97,13,5,8.362075457408356,8.541886254500463,3.9501696726574145,49.26794435785669,50.75304889726353,0.2
97,13,6,7.725830570397395,8.133990354527493,3.9028618653381533,49.26794435785669,50.75304889726353,0.2
97,13,7,11.754516659232252,11.926253899361248,5.584685699672921,49.26794435785669,50.75304889726353,0.2
97,13,8,6.640685559129102,7.498013003856684,3.7643617481867215,49.26794435785669,50.75304889726353,0.2
97,13,9,7.647637186459734,7.870996934302083,3.6367800307399265,49.26794435785669,50.75304889726353,0.2
97,14,0,5.453384497262656,8.501385320617302,3.75740283762513,52.88552471377163,57.32972065779846,0.2
97,14,1,5.649792952459217,8.404378915318231,3.5563393414487146,52.88552471377163,57.32972065779846,0.2
97,14,2,15.198730501208567,18.558577178617558,8.427306780331707,52.88552471377163,57.32972065779846,0.2
97,14,3,9.978177760385746,6.937560549195349,3.6490606159963326,52.88552471377163,57.32972065779846,0.2
97,14,4,7.566402226486802,10.808615095020599,4.94367532352224,52.88552471377163,57.32972065779846,0.2
97,14,5,7.99109294117999,5.949510291113537,3.0666552488839467,52.88552471377163,57.32972065779846,0.2
97,14,6,7.895390448259647,10.987667953660598,4.817308861424076,52.88552471377163,57.32972065779846,0.2
97,14,7,11.297677358588624,14.263998822829576,6.33016174356637,52.88552471377163,57.32972065779846,0.2
97,14,8,7.615208228193933,10.873939009768023,4.883147515210716,52.88552471377163,57.32972065779846,0.2
97,14,9,7.357113653479921,10.236009245076698,4.371069200505046,52.88552471377163,57.32972065779846,0.2
97,15,0,7.6011305288353554,11.34487832553872,4.598380006393187,63.008844956153204,67.28999882347082,0.2
97,15,1,7.1943841816731515,8.773672597045492,3.665019196706082,63.008844956153204,67.28999882347082,0.2
97,15,2,17.048227622122056,22.273764179786937,9.575535305690888,63.008844956153204,67.28999882347082,0.2
97,15,3,7.3819569656128925,11.646971803958781,5.244274839783061,63.008844956153204,67.28999882347082,0.2
97,15,4,10.000929644803751,14.263083302296675,6.002888790731969,63.008844956153204,67.28999882347082,0.2
97,15,5,6.203765696956276,10.590992871139624,4.591808573578711,63.008844956153204,67.28999882347082,0.2
97,15,6,9.74529350080106,14.221146581300092,5.770651567144893,63.008844956153204,67.28999882347082,0.2
97,15,7,12.805756465521803,17.13142522247958,7.1961688885144905,63.008844956153204,67.28999882347082,0.2
97,15,8,9.878483425571373,14.433090763907973,5.9536124254375,63.008844956153204,67.28999882347082,0.2
97,15,9,8.842561998119637,7.647796677485672,3.56427863042205,63.008844956153204,67.28999882347082,0.2
97,16,0,9.302405986331074,9.781085677098133,4.144917708324576,71.6657856233798,71.92387391548559,0.2
97,16,1,7.414240769152687,11.257468554658836,4.363729048940704,71.6657856233798,71.92387391548559,0.2
97,16,2,19.371064771972005,24.409209321706463,10.209280305831145,71.6657856233798,71.92387391548559,0.2
97,16,3,10.609034833079875,14.955913794428733,6.247487478005398,71.6657856233798,71.92387391548559,0.2
97,16,4,12.143691592375548,16.409530093611444,6.621832727113165,71.6657856233798,71.92387391548559,0.2
97,16,5,9.289112144615697,13.625430086162304,5.477384838958337,71.6657856233798,71.92387391548559,0.2
97,16,6,11.673881586255625,8.365258317928234,3.9802117079150703,71.6657856233798,71.92387391548559,0.2
97,16,7,14.557666929243938,18.85595319854094,7.695907604367024,71.6657856233798,71.92387391548559,0.2
97,16,8,12.044006756658929,16.49305666879993,6.536418115851356,71.6657856233798,71.92387391548559,0.2
97,16,9,7.210445161663951,11.812665092306435,4.832142545943411,71.6657856233798,71.92387391548559,0.2
97,17,0,8.385063272100377,10.333375776250241,4.307393263595946,69.85316173071875,65.88352194493372,0.2
97,17,1,8.827713057893343,8.690712543008926,3.640726262786763,69.85316173071875,65.88352194493372,0.2
97,17,2,20.653114814577386,21.98707839273713,9.489095056091747,69.85316173071875,65.88352194493372,0.2
97,17,3,12.638508525638484,14.366127903123129,6.073990903163594,69.85316173071875,65.88352194493372,0.2
97,17,4,13.395799458839562,14.801650074112803,6.16067072987334,69.85316173071875,65.88352194493372,0.2
97,17,5,11.080610442052354,12.483918768023774,5.151975101109325,69.85316173071875,65.88352194493372,0.2
97,17,6,8.051867215649226,10.67618120561824,4.721301974854018,69.85316173071875,65.88352194493372,0.2
97,17,7,15.568625661555048,17.03425405866447,7.1675723442420765,69.85316173071875,65.88352194493372,0.2
97,17,8,13.223007869189015,7.4902634150404355,3.7616378603698246,69.85316173071875,65.88352194493372,0.2
97,17,9,9.77530166791212,11.328330560986178,4.692587211628046,69.85316173071875,65.88352194493372,0.2
97,18,0,8.713747194674745,8.55493703404816,3.773955201991102,59.54949666952862,55.10564940700582,0.2
97,18,1,7.365096780704052,7.331262558032921,3.2320226697306316,59.54949666952862,55.10564940700582,0.2
97,18,2,19.19619834200905,17.653095922044823,8.137334081641193,59.54949666952862,55.10564940700582,0.2
97,18,3,12.287529360329732,11.815405451323155,5.297248754714399,59.54949666952862,55.10564940700582,0.2
97,18,4,12.462880448703858,11.675812619974666,5.218093854808855,59.54949666952862,55.10564940700582,0.2
97,18,5,10.422314805508945,6.469110710042444,3.2517661817695847,59.54949666952862,55.10564940700582,0.2
97,18,6,9.551074007171426,9.2007581200185,4.254486528947289,59.54949666952862,55.10564940700582,0.2
97,18,7,14.499816846332513,13.704936644158378,6.155450219743126,59.54949666952862,55.10564940700582,0.2
97,18,8,7.609697872307998,8.284870452102357,4.036723700232423,59.54949666952862,55.10564940700582,0.2
97,18,9,9.492984770318886,5.6619387608880185,2.8878313774650537,59.54949666952862,55.10564940700582,0.2
97,19,0,7.63461554163375,4.761474553528695,2.5041710809791606,50.96728541403257,50.50099080546083,0.2
97,19,1,6.538299790156401,5.433352269375042,2.6205760115311287,50.96728541403257,50.50099080546083,0.2
97,19,2,16.461620215944027,15.562150462394197,7.449999725453076,50.96728541403257,50.50099080546083,0.2
97,19,3,10.716199717820055,10.48529917681458,4.872399677306505,50.96728541403257,50.50099080546083,0.2
97,19,4,10.556071365290459,10.187361997602373,4.743010888834782,50.96728541403257,50.50099080546083,0.2
97,19,5,6.578240413664466,6.978709410828638,3.4290252418587848,50.96728541403257,50.50099080546083,0.2
97,19,6,8.606718213940521,8.358954138409034,3.978111788954025,50.96728541403257,50.50099080546083,0.2
97,19,7,12.452319489274782,12.046858176187257,5.624158600023312,50.96728541403257,50.50099080546083,0.2
97,19,8,8.166189541098962,8.18269055626841,4.001808557961934,50.96728541403257,50.50099080546083,0.2
97,19,9,5.842009545948045,6.357676782459942,3.1318800833627667,50.96728541403257,50.50099080546083,0.2
97,20,0,5.065874508437888,5.230271450887959,2.674311112785569,51.25788556417452,50.50099080546083,0.2
97,20,1,5.301358727075667,5.492474395055951,2.6405043399005996,51.25788556417452,50.50099080546083,0.2
97,20,2,15.071160266847631,15.481680926305362,7.423012784366458,51.25788556417452,50.50099080546083,0.2
97,20,3,9.856740822410858,10.131501347356616,4.756724422909811,51.25788556417452,50.50099080546083,0.2
97,20,4,9.594990588900345,9.887966446345805,4.645000803464625,51.25788556417452,50.50099080546083,0.2
97,20,5,6.936830991087962,7.181126952637611,3.4983473219061665,51.25788556417452,50.50099080546083,0.2
97,20,6,8.047619132914246,8.3398255703585,3.971737162528377,51.25788556417452,50.50099080546083,0.2
97,20,7,11.377530033662632,11.683960363085795,5.505020662587601,51.25788556417452,50.50099080546083,0.2
97,20,8,8.095557094885505,8.382816005914393,4.070070883955059,51.25788556417452,50.50099080546083,0.2
97,20,9,6.335713880853575,6.5695842316264565,3.204591918650676,51.25788556417452,50.50099080546083,0.2
98,0,0,2.0,2.0,1.3953871046191295,17.84996093787732,17.84996093787732,0.0
98,0,1,2.0,2.0,1.4126620779931993,17.84996093787732,17.84996093787732,0.0
98,0,2,2.0,2.0,1.5689509942162592,17.84996093787732,17.84996093787732,0.0
98,0,3,2.0,2.0,1.4818023492924912,17.84996093787732,17.84996093787732,0.0
98,0,4,2.0,2.0,1.4940061723044198,17.84996093787732,17.84996093787732,0.0
98,0,5,2.0,2.0,1.3290567239807398,17.84996093787732,17.84996093787732,0.0
98,0,6,2.0,2.0,1.5879935654257478,17.84996093787732,17.84996093787732,0.0
98,0,7,2.0,2.0,1.6793088191164272,17.84996093787732,17.84996093787732,0.0
98,0,8,2.0,2.0,2.0035527032410636,17.84996093787732,17.84996093787732,0.0
98,0,9,2.0,2.0,1.5027558058406874,17.84996093787732,17.84996093787732,0.0
98,1,0,2.8228326795983105,2.6886480038933223,1.7165144827914132,17.84996093787732,27.24198457759593,0.0
98,1,1,2.857779512070885,3.406049119201274,2.050656527104916,17.84996093787732,27.24198457759593,0.0
98,1,2,3.1739480209477637,3.816099482512577,2.4661651893608387,17.84996093787732,27.24198457759593,0.0
98,1,3,2.9976485252313627,3.587450296270372,2.230588233313992,17.84996093787732,27.24198457759593,0.0
98,1,4,3.0223365492929783,3.6194690867307644,2.26299088651991,17.84996093787732,27.24198457759593,0.0
98,1,5,2.6886480038933214,2.9551377078774275,1.7467346141259517,17.84996093787732,27.24198457759593,0.0
98,1,6,3.2124706589568017,3.866060883688893,2.518928404656086,17.84996093787732,27.24198457759593,0.0
98,1,7,3.3971990984060234,4.105641871622077,2.778281944294732,17.84996093787732,27.24198457759593,0.0
98,1,8,4.0531362424695265,4.956350454801554,3.781753163942857,17.84996093787732,27.24198457759593,0.0
98,1,9,3.04003683575752,3.642425227812879,2.28634028832866,17.84996093787732,27.24198457759593,0.0
98,2,0,3.4724652112575973,5.198901270296662,2.7234023459125964,29.53431853665905,40.37761586273781,0.2
98,2,1,4.148426082039327,4.142805482670993,2.351925006068229,29.53431853665905,40.37761586273781,0.2
98,2,2,4.988989554777123,6.8893832602108365,3.72919096699622,29.53431853665905,40.37761586273781,0.2
98,2,3,4.512423354696865,6.199388233141296,3.2712479710163307,29.53431853665905,40.37761586273781,0.2
98,2,4,4.5779730993322945,6.3527567475851905,3.355096014104308,29.53431853665905,40.37761586273781,0.2
98,2,5,3.5335997695679757,4.661560248324151,2.403224988787875,29.53431853665905,40.37761586273781,0.2
98,2,6,5.095728199503785,6.953875324806711,3.799151141006009,29.53431853665905,40.37761586273781,0.2
98,2,7,5.620393824431783,7.5916338903580955,4.272127946013877,29.53431853665905,40.37761586273781,0.2
98,2,8,7.650390620648607,10.077715876215182,6.21488720590761,29.53431853665905,40.37761586273781,0.2
98,2,9,4.625208346280347,6.391609434481732,3.389179555468259,29.53431853665905,40.37761586273781,0.2
98,3,0,5.509373790461635,8.17889141418735,3.7398985185557327,44.04914208327214,53.23346117749446,0.2
98,3,1,4.7578845648756305,7.345987211306205,3.511983020630525,44.04914208327214,53.23346117749446,0.2
98,3,2,7.5440586309367275,10.50238787944934,5.009449691165803,44.04914208327214,53.23346117749446,0.2
98,3,3,6.617651578609817,6.3200204704645575,3.3156770365708064,44.04914208327214,53.23346117749446,0.2
98,3,4,6.787274040624553,9.535962323623087,4.458477335984065,44.04914208327214,53.23346117749446,0.2
98,3,5,4.861663127257694,5.633013124547611,2.7437279929699767,44.04914208327214,53.23346117749446,0.2
98,3,6,7.6855862864607625,10.574716430790582,5.09466758458106,44.04914208327214,53.23346117749446,0.2
98,3,7,8.64240635269796,11.722379496640416,5.790560662281759,44.04914208327214,53.23346117749446,0.2
98,3,8,12.572559003002937,16.44723661840553,8.756787933122402,44.04914208327214,53.23346117749446,0.2
98,3,9,6.856224179320913,9.591711542833444,4.502924800119712,44.04914208327214,53.23346117749446,0.2
98,4,0,7.565719735844907,6.710149233251945,3.2560137742446846,53.984691824536725,57.893279954562026,0.2
98,4,1,7.10465247099742,9.199752442951574,4.111124118524175,53.984691824536725,57.893279954562026,0.2
98,4,2,10.133989520339039,12.30588200638551,5.597154620233151,53.984691824536725,57.893279954562026,0.2
98,4,3,6.707530450039851,9.157512082307225,4.29846635984653,53.984691824536725,57.893279954562026,0.2
98,4,4,9.019386436640069,5.736066057809531,3.1236423019793165,53.984691824536725,57.893279954562026,0.2
98,4,5,5.55049205832983,7.713013716879589,3.418844850068679,53.984691824536725,57.893279954562026,0.2
98,4,6,10.30638315478127,12.497964130644485,5.7268424183838915,53.984691824536725,57.893279954562026,0.2
98,4,7,11.714157180166117,14.031809395410624,6.567334625722184,53.984691824536725,57.893279954562026,0.2
98,4,8,17.714759627707103,20.47472482068179,10.207806419912986,53.984691824536725,57.893279954562026,0.2
98,4,9,9.109302527932618,11.181930743640413,5.013363285487587,53.984691824536725,57.893279954562026,0.2
98,5,0,6.586833185382534,6.959660924940121,3.3402991657878185,53.51190208144472,54.21093534654092,0.2
98,5,1,8.316699698054343,5.354054049216788,2.814460875157287,53.51190208144472,54.21093534654092,0.2
98,5,2,11.322901668258835,10.937046389718773,5.1536915185745285,53.51190208144472,54.21093534654092,0.2
98,5,3,8.695688295070424,8.912206753567864,4.2175375623285705,53.51190208144472,54.21093534654092,0.2
98,5,4,6.319049058296729,7.268511524342847,3.6867461305278795,53.51190208144472,54.21093534654092,0.2
98,5,5,6.916236317007131,6.072084074292613,2.8917381418060297,53.51190208144472,54.21093534654092,0.2
98,5,6,11.585256790757251,11.31652998481583,5.3422847942865115,53.51190208144472,54.21093534654092,0.2
98,5,7,13.285551183595176,12.905265880330447,6.193646882197967,53.51190208144472,54.21093534654092,0.2
98,5,8,20.650133180791318,19.624515221928416,9.90920995186021,53.51190208144472,54.21093534654092,0.2
98,5,9,10.14190662227416,9.93671102511314,4.615696872616687,53.51190208144472,54.21093534654092,0.2
98,6,0,6.7573403922164665,7.051497669825983,3.371092465354587,49.01251716094172,49.60721779319435,0.2
98,6,1,5.6935828828756225,6.731215570168515,3.3035641114740066,49.01251716094172,49.60721779319435,0.2
98,6,2,10.425787074456085,4.5208951553742684,2.7768056640085423,49.01251716094172,49.60721779319435,0.2
98,6,3,8.531971392715471,8.76721475880059,4.169389165728856,49.01251716094172,49.60721779319435,0.2
98,6,4,7.458193804562442,8.020680664251843,3.94983771831167,49.01251716094172,49.60721779319435,0.2
98,6,5,5.849912831005424,6.270197301882167,2.9574633050084507,49.01251716094172,49.60721779319435,0.2
98,6,6,10.807306482274885,10.620569859753296,5.110121372370501,49.01251716094172,49.60721779319435,0.2
98,6,7,12.529590367493586,12.172869397110613,5.945448827951913,49.01251716094172,49.60721779319435,0.2
98,6,8,20.046080108176692,18.780523745889234,9.60893296751697,49.01251716094172,49.60721779319435,0.2
98,6,9,9.33743756697426,5.449745024218714,3.031312748843229,49.01251716094172,49.60721779319435,0.2
98,7,0,6.819634455306193,5.300436381024688,2.7605260295489322,48.22111524579955,52.46375009371361,0.2
98,7,1,6.683026310152372,7.593279053172344,3.594329127835349,48.22111524579955,52.46375009371361,0.2
98,7,2,5.617407346899988,7.247286688516159,3.8637693300352836,48.22111524579955,52.46375009371361,0.2
98,7,3,8.434568409025845,9.205071912597269,4.314081168537885,48.22111524579955,52.46375009371361,0.2
98,7,4,7.9904214059678615,8.836985471089474,4.227117241803261,48.22111524579955,52.46375009371361,0.2
98,7,5,5.982873167205726,5.951704908315306,2.8514876385544663,48.22111524579955,52.46375009371361,0.2
98,7,6,10.337645775061482,11.037183844289528,5.249628066640279,48.22111524579955,52.46375009371361,0.2
98,7,7,12.027492006243708,12.70020440107658,6.12459068164327,48.22111524579955,52.46375009371361,0.2
98,7,8,19.43862739377979,19.919324768521115,10.013179527787832,48.22111524579955,52.46375009371361,0.2
98,7,9,6.132268716825538,7.43439774624673,3.767380385178664,48.22111524579955,52.46375009371361,0.2
98,8,0,5.5844740597767375,9.276676261042837,4.084589237986958,55.91054816672375,61.63497981684414,0.2
98,8,1,7.271236554859175,10.551753997691897,4.525270560823675,55.91054816672375,61.63497981684414,0.2
98,8,2,7.81630724201817,11.775175505224256,5.427071633108265,55.91054816672375,61.63497981684414,0.2
98,8,3,8.727276656546406,7.702867498842092,3.8082546513672075,55.91054816672375,61.63497981684414,0.2
98,8,4,8.551350841036097,12.04912786166904,5.251705012632574,55.91054816672375,61.63497981684414,0.2
98,8,5,5.7684870850080046,9.098842690784608,3.8380694552360364,55.91054816672375,61.63497981684414,0.2
98,8,6,10.619864275077608,6.426173524128538,3.594963251715803,55.91054816672375,61.63497981684414,0.2
98,8,7,12.389891427314616,16.235813648534055,7.273465987824765,55.91054816672375,61.63497981684414,0.2
98,8,8,20.256407920180216,25.09213198104563,11.769447290764234,55.91054816672375,61.63497981684414,0.2
98,8,9,7.621314854176424,11.251615561790008,5.035212886955988,55.91054816672375,61.63497981684414,0.2
98,9,0,8.263020308527423,12.357562909652806,4.9925990438207,67.73288737307018,72.1393161515651,0.2
98,9,1,9.154507434411133,9.61905616924923,4.241407622288865,67.73288737307018,72.1393161515651,0.2
98,9,2,10.978828104220222,15.547536561223376,6.5925205538610845,67.73288737307018,72.1393161515651,0.2
98,9,3,7.704002456756149,11.827035447067264,5.141412048342867,67.73288737307018,72.1393161515651,0.2
98,9,4,10.624065884080162,14.847888167081006,6.078503571770002,67.73288737307018,72.1393161515651,0.2
98,9,5,7.764317047895872,8.622307179060517,3.6962297966373927,67.73288737307018,72.1393161515651,0.2
98,9,6,7.272519371367033,12.018116743307132,5.572027283030544,67.73288737307018,72.1393161515651,0.2
98,9,7,14.71403699834441,19.53973012487336,8.280423792409497,67.73288737307018,72.1393161515651,0.2
98,9,8,23.809293007797528,30.226949445898125,13.407746735386228,67.73288737307018,72.1393161515651,0.2
98,9,9,10.186107811218095,14.388434143705354,5.981042534193143,67.73288737307018,72.1393161515651,0.2
98,10,0,10.09990108864816,9.591584406962777,4.1811616204340405,75.11231072144102,74.29896769929647,0.2
98,10,1,8.580259917883032,12.279812341947807,5.0321259316470925,75.11231072144102,74.29896769929647,0.2
98,10,2,13.336501676674231,17.168538564459443,7.06645685369872,75.11231072144102,74.29896769929647,0.2
98,10,3,10.400946017989858,14.071176418007198,5.806314659105704,75.11231072144102,74.29896769929647,0.2
98,10,4,12.296658374330361,8.207455806301708,4.014000126084565,75.11231072144102,74.29896769929647,0.2
98,10,5,7.47737902028338,11.047586068171372,4.396526503955155,75.11231072144102,74.29896769929647,0.2
98,10,6,11.272069703156102,15.457077205462966,6.645335390046695,75.11231072144102,74.29896769929647,0.2
98,10,7,16.751087067353183,20.696039024462035,8.620463870541112,75.11231072144102,74.29896769929647,0.2
98,10,8,27.123531182951815,32.02070544481759,13.959870866443008,75.11231072144102,74.29896769929647,0.2
98,10,9,12.099497170139207,15.668605217835491,6.348756264751799,75.11231072144102,74.29896769929647,0.2
98,11,0,8.458383785956647,9.703174778985002,4.21515361180231,70.25694700472602,66.72896288771152,0.2
98,11,1,10.179862979015217,11.063489427219729,4.6778013793395905,70.25694700472602,66.72896288771152,0.2
98,11,2,14.29526277658761,14.751081427931819,6.354261506329133,70.25694700472602,66.72896288771152,0.2
98,11,3,11.746027115699926,12.601112060780611,5.37471566047249,70.25694700472602,66.72896288771152,0.2
98,11,4,8.12022032761726,10.208799743076073,4.676421774979189,70.25694700472602,66.72896288771152,0.2
98,11,5,8.894061476562237,8.355464022718495,3.6157793612382045,70.25694700472602,66.72896288771152,0.2
98,11,6,13.443344749151288,14.336650408986392,6.3043617891494055,70.25694700472602,66.72896288771152,0.2
98,11,7,17.43897951078026,17.821975663224965,7.7638773174907145,70.25694700472602,66.72896288771152,0.2
98,11,8,28.240464279998967,27.96587451027952,12.697541975686699,70.25694700472602,66.72896288771152,0.2
98,11,9,12.843372709709499,7.228816794800123,3.6941495275125176,70.25694700472602,66.72896288771152,0.2
98,12,0,8.527148721336472,8.348734284914105,3.794094602802547,60.056131949611824,57.40912232009621,0.2
98,12,1,9.463073407055784,6.525677669207397,3.2326242225059576,60.056131949611824,57.40912232009621,0.2
98,12,2,12.854509673625918,12.01510975752318,5.504245568654559,60.056131949611824,57.40912232009621,0.2
98,12,3,10.872913301052566,5.581683356589007,3.03951939579927,60.056131949611824,57.40912232009621,0.2
98,12,4,9.460282502466963,9.553944590686909,4.464360917279292,60.056131949611824,57.40912232009621,0.2
98,12,5,7.314629832347658,7.343549891095904,3.303366459082948,60.056131949611824,57.40912232009621,0.2
98,12,6,12.753563812874186,12.208508155105822,5.633672019920185,60.056131949611824,57.40912232009621,0.2
98,12,7,15.706126665250254,14.671074531196215,6.775368460473023,60.056131949611824,57.40912232009621,0.2
98,12,8,25.686804988299684,23.282349314359898,11.168594792892135,60.056131949611824,57.40912232009621,0.2
98,12,9,7.473170688668004,8.487972728991547,4.133616674628835,60.056131949611824,57.40912232009621,0.2
98,13,0,7.6753570380757665,5.531351045436382,2.8441700796774207,54.32870429178241,55.74664755272341,0.2
98,13,1,6.539516716145666,7.3898723990595805,3.5266563915927764,54.32870429178241,55.74664755272341,0.2
98,13,2,11.134949016153655,11.25464236607749,5.257999871706714,54.32870429178241,55.74664755272341,0.2
98,13,3,6.148870555226332,7.414175525193629,3.707774270617973,54.32870429178241,55.74664755272341,0.2
98,13,4,9.031288772198613,9.43741201012595,4.426173519629833,54.32870429178241,55.74664755272341,0.2
98,13,5,6.682626464384245,6.230492766457125,2.944341615231093,54.32870429178241,55.74664755272341,0.2
98,13,6,11.396775440539864,11.605352419865483,5.437366092608606,54.32870429178241,55.74664755272341,0.2
98,13,7,13.706398348695723,13.733849876467039,6.469402602037787,54.32870429178241,55.74664755272341,0.2
98,13,8,22.593783662041762,21.999784264176643,10.734273819060036,54.32870429178241,55.74664755272341,0.2
98,13,9,8.362201567900893,8.989635770420694,4.303153959979223,54.32870429178241,55.74664755272341,0.2
98,14,0,5.753683849214417,9.462518585062112,4.141698016753451,58.0889379242481,61.95676479317635,0.2
98,14,1,7.134336327853341,10.424172901164987,4.4869002466434935,58.0889379242481,61.95676479317635,0.2
98,14,2,10.63680022414187,6.308291983121078,3.506118840156022,58.0889379242481,61.95676479317635,0.2
98,14,3,7.5007331979974206,11.0218130268629,4.8938021748094584,58.0889379242481,61.95676479317635,0.2
98,14,4,8.954036636445837,12.299785667114424,5.327944291891787,58.0889379242481,61.95676479317635,0.2
98,14,5,5.956328321985026,9.220235859982052,3.873842339751171,58.0889379242481,61.95676479317635,0.2
98,14,6,10.999653534382338,7.637703503857533,4.056969081096824,58.0889379242481,61.95676479317635,0.2
98,14,7,13.087437186468215,16.671607253704046,7.4095835808544255,58.0889379242481,61.95676479317635,0.2
98,14,8,21.715163360686134,26.047682201123173,12.081424193944224,58.0889379242481,61.95676479317635,0.2
98,14,9,8.705171191106695,12.119509625953233,5.304041960502585,58.0889379242481,61.95676479317635,0.2
98,15,0,8.378549917809577,12.468721748228862,5.023993415392253,68.0942474870941,72.27269150344404,0.2
98,15,1,9.076885263161502,8.511689048593272,3.893393635710608,68.0942474870941,72.27269150344404,0.2
98,15,2,7.092789382806556,11.911481806132135,5.470971292863665,68.0942474870941,72.27269150344404,0.2
98,15,3,9.900037531385998,13.887307532103732,5.753099948970075,68.0942474870941,72.27269150344404,0.2
98,15,4,10.778296010078542,15.002635652375432,6.122780471652317,68.0942474870941,72.27269150344404,0.2
98,15,5,7.836684684889609,9.616808729878015,3.989736417234686,68.0942474870941,72.27269150344404,0.2
98,15,6,8.207145432496958,12.819020407897124,5.829430496262039,68.0942474870941,72.27269150344404,0.2
98,15,7,14.989399432611185,19.826009156998914,8.365160604286027,68.0942474870941,72.27269150344404,0.2
98,15,8,24.440414360905297,30.910447030399897,13.619258848015757,68.0942474870941,72.27269150344404,0.2
98,15,9,10.72994220062977,14.930225441556441,6.137816119051901,68.0942474870941,72.27269150344404,0.2
98,16,0,10.163411105140552,10.375994440896358,4.417682700091333,76.97249674945567,76.8881394617746,0.2
98,16,1,7.876236460149752,12.329803828783193,5.046457345807799,76.97249674945567,76.8881394617746,0.2
98,16,2,11.06763600116192,15.96823094476857,6.716888596283299,76.97249674945567,76.8881394617746,0.2
98,16,3,11.638375108375975,15.743785769744804,6.281244547615457,76.97249674945567,76.8881394617746,0.2
98,16,4,12.386229418469554,8.912276102372214,4.2522955063909755,76.97249674945567,76.8881394617746,0.2
98,16,5,8.071135460741992,12.117635243643749,4.6904556390141305,76.97249674945567,76.8881394617746,0.2
98,16,6,11.792789867287047,16.570029619484963,6.976764130806283,76.97249674945567,76.8881394617746,0.2
98,16,7,16.922507486058667,21.718651560238495,8.916462189291842,76.97249674945567,76.8881394617746,0.2
98,16,8,27.55141481587709,33.69506715712919,14.466924082214552,76.97249674945567,76.8881394617746,0.2
98,16,9,12.416646151358918,16.66487264354188,6.628706908300677,76.97249674945567,76.8881394617746,0.2
98,17,0,8.93685992412672,10.88506044559142,4.568307189279531,74.6745044254495,71.15683346366605,0.2
98,17,1,10.208855065944915,11.931870479616888,4.931888633963576,74.6745044254495,71.15683346366605,0.2
98,17,2,13.588095068418326,15.280352970441593,6.513010108703077,74.6745044254495,71.15683346366605,0.2
98,17,3,12.706798220266814,14.198376896018,5.843006538029798,74.6745044254495,71.15683346366605,0.2
98,17,4,8.602285830945705,11.40370616938693,5.053166494020957,74.6745044254495,71.15683346366605,0.2
98,17,5,9.488672653047928,9.301941351691005,3.8978402677222532,74.6745044254495,71.15683346366605,0.2
98,17,6,14.113816675742331,15.849031080102588,6.762848262546051,74.6745044254495,71.15683346366605,0.2
98,17,7,18.037776593331618,19.443914480257508,8.251979936166865,74.6745044254495,71.15683346366605,0.2
98,17,8,29.266220059909237,30.45272131710313,13.47777027680084,74.6745044254495,71.15683346366605,0.2
98,17,9,13.40970575282591,8.102537535239081,4.001309577913325,74.6745044254495,71.15683346366605,0.2
98,18,0,9.241569440948794,9.111597561001506,4.0335726072181615,64.31583334146006,60.493316890115494,0.2
98,18,1,9.977085471125829,6.089198091481069,3.079706728057742,64.31583334146006,60.493316890115494,0.2
98,18,2,13.175654065127258,12.605325405843473,5.692148540486868,64.31583334146006,60.493316890115494,0.2
98,18,3,11.820253855046975,6.9756110722710085,3.5528499243014244,64.31583334146006,60.493316890115494,0.2
98,18,4,10.22242750241482,10.404618796865538,4.739032815642878,64.31583334146006,60.493316890115494,0.2
98,18,5,7.885231883796043,7.989673828784617,3.5042320307035504,64.31583334146006,60.493316890115494,0.2
98,18,6,13.681070306214677,13.216479080517857,5.955370459752722,64.31583334146006,60.493316890115494,0.2
98,18,7,16.6935458684488,15.76475878866194,7.125095715990327,64.31583334146006,60.493316890115494,0.2
98,18,8,27.26518702912672,24.96541641996475,11.727810612772124,64.31583334146006,60.493316890115494,0.2
98,18,9,8.094547670917763,9.267595732802278,4.395865280624556,64.31583334146006,60.493316890115494,0.2
98,19,0,8.159814959946774,5.283747549414969,2.754438942166826,55.950345940176064,55.68290220311454,0.2
98,19,1,6.230168507908828,6.9855329652181455,3.3904470992429725,55.950345940176064,55.68290220311454,0.2
98,19,2,11.515071956752752,11.119525750394116,5.213732764778693,55.950345940176064,55.68290220311454,0.2
98,19,3,7.187325179390907,7.917023692530121,3.8820635739055467,55.950345940176064,55.68290220311454,0.2
98,19,4,9.586943047848283,9.51038829758401,4.450104086045937,55.950345940176064,55.68290220311454,0.2
98,19,5,7.088972415195934,5.979827814783626,2.8609126317867575,55.950345940176064,55.68290220311454,0.2
98,19,6,12.047563215436881,11.704309407618386,5.469779222073964,55.950345940176064,55.68290220311454,0.2
98,19,7,14.413887705987682,13.817221684691688,6.496868546744918,55.950345940176064,55.68290220311454,0.2
98,19,8,23.725063065499103,22.166427424834488,10.791126069937697,55.950345940176064,55.68290220311454,0.2
98,19,9,8.892723838554872,9.079601340458764,4.33325417147145,55.950345940176064,55.68290220311454,0.2
98,20,0,5.572160036572066,5.763752067986301,2.927301207775399,56.517462003928316,55.68290220311454,0.2
98,20,1,6.858788388190437,7.066726931389633,3.4179846414308828,56.517462003928316,55.68290220311454,0.2
98,20,2,10.547248990900544,10.86648205887198,5.130393289587595,56.517462003928316,55.68290220311454,0.2
98,20,3,7.853316032822221,8.073616418408816,3.935654450061889,56.517462003928316,55.68290220311454,0.2
98,20,4,9.00244756463706,9.27470953570095,4.37261879178282,56.517462003928316,55.68290220311454,0.2
98,20,5,5.787553606988203,5.993061106592881,2.8653429793325964,56.517462003928316,55.68290220311454,0.2
98,20,6,11.06522447222459,11.376340842755448,5.362033933714977,56.517462003928316,55.68290220311454,0.2
98,20,7,13.143000095168372,13.500400495701086,6.392227576242086,56.517462003928316,55.68290220311454,0.2
98,20,8,21.830174020563195,22.39060010584378,10.867403376622757,56.517462003928316,55.68290220311454,0.2
98,20,9,8.7660631546212,9.02483307678339,4.314940804475193,56.517462003928316,55.68290220311454,0.2
99,0,0,2.0,2.0,1.4709013421304944,17.86099296248326,17.86099296248326,0.0
99,0,1,2.0,2.0,1.4544704710782144,17.86099296248326,17.86099296248326,0.0
99,0,2,2.0,2.0,1.4769006564285796,17.86099296248326,17.86099296248326,0.0
99,0,3,2.0,2.0,1.5842905634184876,17.86099296248326,17.86099296248326,0.0
99,0,4,2.0,2.0,1.5501333340230166,17.86099296248326,17.86099296248326,0.0
99,0,5,2.0,2.0,1.530607358615992,17.86099296248326,17.86099296248326,0.0
99,0,6,2.0,2.0,1.5874049032674185,17.86099296248326,17.86099296248326,0.0
99,0,7,2.0,2.0,1.4150985840328572,17.86099296248326,17.86099296248326,0.0
99,0,8,2.0,2.0,1.3306277055656544,17.86099296248326,17.86099296248326,0.0
99,0,9,2.0,2.0,1.395587989764305,17.86099296248326,17.86099296248326,0.0
99,1,0,2.975596064551773,3.6044113889189164,2.2215014168344283,17.86099296248326,26.577580862154687,0.0
99,1,1,2.9423568296419,3.560531219817932,2.177931770913791,17.86099296248326,26.577580862154687,0.0
99,1,2,2.9877325250362903,3.620433115646142,2.237498004320503,17.86099296248326,26.577580862154687,0.0
99,1,3,3.204979579926395,3.907227848771515,2.531756623501675,17.86099296248326,26.577580862154687,0.0
99,1,4,3.135880372213429,3.816007791287931,2.4365455537577816,17.86099296248326,26.577580862154687,0.0
99,1,5,3.096379819787852,3.763861858184584,2.3827933140139077,17.86099296248326,26.577580862154687,0.0
99,1,6,3.2112798103583917,3.9155449829498696,2.5405121298865874,17.86099296248326,26.577580862154687,0.0
99,1,7,2.8627085019189464,3.4553849341537077,2.0749766035760056,17.86099296248326,26.577580862154687,0.0
99,1,8,2.691826059747689,2.980401548345687,1.7592514235084575,17.86099296248326,26.577580862154687,0.0
99,1,9,2.823239065145927,2.6918260597476884,1.7181818284899948,17.86099296248326,26.577580862154687,0.0
99,2,0,4.494040955700117,6.251311678273083,3.266196838066643,28.81400717634357,38.73947361493662,0.2
99,2,1,4.405900668366107,6.32265770439639,3.255469876086583,28.81400717634357,38.73947361493662,0.2
99,2,2,4.526401645983313,6.3599358342659595,3.3193053077044166,28.81400717634357,38.73947361493662,0.2
99,2,3,5.121679360481621,7.045619270335353,3.825227402689013,28.81400717634357,38.73947361493662,0.2
99,2,4,4.929069784083152,6.842664990115261,3.666956456959237,28.81400717634357,38.73947361493662,0.2
99,2,5,4.820330368011204,6.667005466740044,3.555448299282305,28.81400717634357,38.73947361493662,0.2
99,2,6,5.139391527569841,7.065220402955936,3.8402077573721622,28.81400717634357,38.73947361493662,0.2
99,2,7,4.197624979180962,4.133238640649444,2.3521717842324286,28.81400717634357,38.73947361493662,0.2
99,2,8,3.5589209571096108,4.688924585972031,2.4159438606945334,28.81400717634357,38.73947361493662,0.2
99,2,9,3.475838209266941,5.2581019241289715,2.745468887810635,28.81400717634357,38.73947361493662,0.2
99,3,0,6.607433264915952,5.77275106056211,3.0890897619078443,42.262043982400954,50.670749044439845,0.2
99,3,1,6.585732893219892,9.491270048869277,4.326243330427413,42.262043982400954,50.670749044439845,0.2
99,3,2,6.714870350410503,9.485530666130327,4.39110102827897,42.262043982400954,50.670749044439845,0.2
99,3,3,7.738337901691314,10.656930799877763,5.110417015186967,42.262043982400954,50.670749044439845,0.2
99,3,4,7.418159797451997,10.31970709438495,4.888945748631783,42.262043982400954,50.670749044439845,0.2
99,3,5,7.192581625996727,9.98519166353999,4.717286828909141,42.262043982400954,50.670749044439845,0.2
99,3,6,7.768642778819377,10.69033106720938,5.131691367951263,42.262043982400954,50.670749044439845,0.2
99,3,7,4.75838379083537,7.591671284845899,3.5999948212914767,42.262043982400954,50.670749044439845,0.2
99,3,8,4.887393082154719,6.652263848186338,3.086129821982428,42.262043982400954,50.670749044439845,0.2
99,3,9,5.5540138443859615,8.233159364987255,3.7577924687241135,42.262043982400954,50.670749044439845,0.2
99,4,0,6.249150147124331,8.890369913538647,4.179327738608963,51.38581469579493,55.0248748587547,0.2
99,4,1,8.751880401215306,7.302133772016381,3.6007980183956634,51.38581469579493,55.0248748587547,0.2
99,4,2,8.883085877038345,10.991917772424921,4.86834913448153,51.38581469579493,55.0248748587547,0.2
99,4,3,10.338243852971939,12.601181872929628,5.746477813673638,51.38581469579493,55.0248748587547,0.2
99,4,4,9.890213104547726,12.106539528693526,5.467163669913286,51.38581469579493,55.0248748587547,0.2
99,4,5,9.542951468881487,11.727096808580763,5.279297755920797,51.38581469579493,55.0248748587547,0.2
99,4,6,10.381281328394751,12.648515711519284,5.772905065689714,51.38581469579493,55.0248748587547,0.2
99,4,7,7.28269810885204,9.480862683754085,4.205902482733664,51.38581469579493,55.0248748587547,0.2
99,4,8,6.243162263816928,8.296075832618207,3.6020228549343267,51.38581469579493,55.0248748587547,0.2
99,4,9,7.601918742654703,6.418058166720155,3.156594391127688,51.38581469579493,55.0248748587547,0.2
99,5,0,8.454673889592252,8.825407326958974,4.157927175008877,50.860578599043485,50.53016687923939,0.2
99,5,1,7.2843229561982366,7.725563656709818,3.7457176234505005,50.860578599043485,50.53016687923939,0.2
99,5,2,9.848546677131312,9.710706903195868,4.463811829829899,50.860578599043485,50.53016687923939,0.2
99,5,3,11.624978696827077,11.4776775254206,5.382842237855588,50.860578599043485,50.53016687923939,0.2
99,5,4,11.059933276620223,10.878284479053178,5.07271364185821,50.860578599043485,50.53016687923939,0.2
99,5,5,10.679885303090073,10.604723402142003,4.920308593271625,50.860578599043485,50.53016687923939,0.2
99,5,6,11.67844035658874,11.532272991594741,5.411369139653999,50.860578599043485,50.53016687923939,0.2
99,5,7,8.508433922144397,5.299477145618122,2.799167041418565,50.860578599043485,50.53016687923939,0.2
99,5,8,7.286800769413695,6.038653787440763,2.8839893785783093,50.860578599043485,50.53016687923939,0.2
99,5,9,6.385710297891923,7.0184903066616044,3.3605225923887483,50.860578599043485,50.53016687923939,0.2
99,6,0,8.411381092853505,8.621514968864213,4.090449712567547,45.68470651691119,45.78302117112145,0.2
99,6,1,7.577491637282568,7.712646152113033,3.7413324122652174,45.68470651691119,45.78302117112145,0.2
99,6,2,9.030177982231457,5.304601564507804,2.923393149204507,45.68470651691119,45.78302117112145,0.2
99,6,3,10.889353160740503,10.676607345819741,5.117020161164836,45.68470651691119,45.78302117112145,0.2
99,6,4,10.261970886129122,10.043871727622268,4.797101070918761,45.68470651691119,45.78302117112145,0.2
99,6,5,9.953659342857831,4.389629323294031,2.653641764934164,45.68470651691119,45.78302117112145,0.2
99,6,6,10.94706235869545,10.733014716161673,5.146025428063184,45.68470651691119,45.78302117112145,0.2
99,6,7,5.6626438455783035,6.521713998091468,3.236822795934352,45.68470651691119,45.78302117112145,0.2
99,6,8,5.8342372797599875,6.407322521255315,3.006139807620897,45.68470651691119,45.78302117112145,0.2
99,6,9,6.798251870696945,7.117337442688908,3.3935833165993943,45.68470651691119,45.78302117112145,0.2
99,7,0,8.274875899789,5.083886177815884,2.8261787091115385,44.50377260416336,48.14563198453385,0.2
99,7,1,7.56862046640835,8.52831191717928,4.014098865631954,44.50377260416336,48.14563198453385,0.2
99,7,2,5.91395010715736,7.444241591184889,3.7059931126848924,44.50377260416336,48.14563198453385,0.2
99,7,3,10.35160184961157,11.241805986989224,5.305167477270223,44.50377260416336,48.14563198453385,0.2
99,7,4,9.704413653744963,10.58998882870232,4.978229452008389,44.50377260416336,48.14563198453385,0.2
99,7,5,5.368249906571771,7.294957931773676,3.786681293449046,44.50377260416336,48.14563198453385,0.2
99,7,6,10.41027876801657,11.30060897589157,5.335044102214591,44.50377260416336,48.14563198453385,0.2
99,7,7,6.548010323576986,7.63803627557822,3.6153712581025377,44.50377260416336,48.14563198453385,0.2
99,7,8,6.081344495948922,5.893330659973793,2.8352289265284436,44.50377260416336,48.14563198453385,0.2
99,7,9,6.865132876264552,7.836553647011961,3.630143591669056,44.50377260416336,48.14563198453385,0.2
99,8,0,5.71728776341427,9.325554904543248,4.321503067660373,51.308735484602394,56.62190321187567,0.2
99,8,1,8.120420075214337,11.515571103738814,4.953175869111369,51.308735484602394,56.62190321187567,0.2
99,8,2,7.497129960727716,10.880767300685763,4.833836450522719,51.308735484602394,56.62190321187567,0.2
99,8,3,10.732219092470473,14.151308123660096,6.23263148823069,51.308735484602394,56.62190321187567,0.2
99,8,4,10.070831769298708,6.436715670652349,3.513282611859616,51.308735484602394,56.62190321187567,0.2
99,8,5,7.6603601014997,11.156233518148817,5.09806205238546,51.308735484602394,56.62190321187567,0.2
99,8,6,10.792658746076189,14.215567640743878,6.264719995674965,51.308735484602394,56.62190321187567,0.2
99,8,7,7.313804250067161,10.625372319661798,4.555191184158001,51.308735484602394,56.62190321187567,0.2
99,8,8,5.735596123436619,8.779526722819993,3.747704484590209,51.308735484602394,56.62190321187567,0.2
99,8,9,7.343688305758558,7.664724048646496,3.5742406759518275,51.308735484602394,56.62190321187567,0.2
99,9,0,8.742290970007016,12.819441855391538,5.399716131095139,62.22383790009369,66.49520458861426,0.2
99,9,1,10.020149007283333,14.475436782086694,5.813344839830277,62.22383790009369,66.49520458861426,0.2
99,9,2,9.778728393862764,14.014230042840369,5.770703437741876,62.22383790009369,66.49520458861426,0.2
99,9,3,12.6084552355622,17.102444863190037,7.1163053989215985,62.22383790009369,66.49520458861426,0.2
99,9,4,7.107281511053368,11.829872201042773,5.37940318182402,62.22383790009369,66.49520458861426,0.2
99,9,5,10.313250076953896,14.592479248904587,6.152238441953413,62.22383790009369,66.49520458861426,0.2
99,9,6,12.673369471298926,17.172960501882883,7.150861065780024,62.22383790009369,66.49520458861426,0.2
99,9,7,9.21503609564248,8.488189780591062,3.892568431038172,62.22383790009369,66.49520458861426,0.2
99,9,8,7.581511006915861,9.676714198655505,4.0118538633162935,62.22383790009369,66.49520458861426,0.2
99,9,9,7.230598126804601,11.381577555343783,4.713873782639667,62.22383790009369,66.49520458861426,0.2
99,10,0,10.923488618285567,14.690614989039403,5.940055887798256,69.2355948877043,68.83272431249894,0.2
99,10,1,11.76024899278845,10.005709273168414,4.489080851940322,69.2355948877043,68.83272431249894,0.2
99,10,2,11.67398651915617,8.635381240671363,4.11175612140908,69.2355948877043,68.83272431249894,0.2
99,10,3,14.396105117770048,18.320516164069012,7.467414043535007,69.2355948877043,68.83272431249894,0.2
99,10,4,10.882396037716545,15.238596266280679,6.422580147141468,69.2355948877043,68.83272431249894,0.2
99,10,5,12.445822144362824,16.327003890544606,6.655448808459621,69.2355948877043,68.83272431249894,0.2
99,10,6,14.466010354353052,18.396365760797607,7.503763634592805,69.2355948877043,68.83272431249894,0.2
99,10,7,7.874567092051825,12.237335105053344,5.028593115163372,69.2355948877043,68.83272431249894,0.2
99,10,8,8.11587849253707,11.664801373069832,4.572457826675404,69.2355948877043,68.83272431249894,0.2
99,10,9,9.53604696294578,13.250041303996912,5.243101785033483,69.2355948877043,68.83272431249894,0.2
99,11,0,12.016582225255718,12.620228467579253,5.34084038895562,65.0880787978962,61.57370977169108,0.2
99,11,1,9.081296572304904,10.27349725978056,4.572847603787918,65.0880787978962,61.57370977169108,0.2
99,11,2,8.317978223842063,10.07448524512228,4.580219507980274,65.0880787978962,61.57370977169108,0.2
99,11,3,15.106388990125831,15.46477171771604,6.632149355723339,65.0880787978962,61.57370977169108,0.2
99,11,4,12.992716549174936,13.6586803189841,5.948865868282884,65.0880787978962,61.57370977169108,0.2
99,11,5,13.463803937790738,13.971294832343032,5.9677203024184795,65.0880787978962,61.57370977169108,0.2
99,11,6,15.179923289811073,15.539935189742861,6.66777847489584,65.0880787978962,61.57370977169108,0.2
99,11,7,10.172716180977408,10.778515922196737,4.601050253829942,65.0880787978962,61.57370977169108,0.2
99,11,8,9.249966075003563,8.324970883323626,3.61080031048301,65.0880787978962,61.57370977169108,0.2
99,11,9,10.606661773108842,7.387274006477736,3.483174016344471,65.0880787978962,61.57370977169108,0.2
99,12,0,10.804384486968257,6.290006635615698,3.280335921905714,55.41639909642244,52.33299454426016,0.2
99,12,1,9.250754584204573,9.0081967087077,4.170906116693147,55.41639909642244,52.33299454426016,0.2
99,12,2,9.265667759191045,9.366315040599009,4.352396170757122,55.41639909642244,52.33299454426016,0.2
99,12,3,13.416669736547934,12.685633013007687,5.773409185133449,55.41639909642244,52.33299454426016,0.2
99,12,4,12.034404592064403,11.508529221989898,5.276694316081909,55.41639909642244,52.33299454426016,0.2
99,12,5,12.072546633550317,11.547799438608578,5.2226661200423665,55.41639909642244,52.33299454426016,0.2
99,12,6,13.488746539904154,12.755093996987455,5.8069125382234725,55.41639909642244,52.33299454426016,0.2
99,12,7,9.307807829090072,5.462600675450766,2.859205149212716,55.41639909642244,52.33299454426016,0.2
99,12,8,7.30455733910287,7.5365580885727335,3.3678807102665034,55.41639909642244,52.33299454426016,0.2
99,12,9,7.046372586873395,7.606699440971053,3.55527833159488,55.41639909642244,52.33299454426016,0.2
99,13,0,6.636036272488824,8.145722258734274,3.9310925259244027,49.52494778522871,50.46357000719842,0.2
99,13,1,8.437637162306688,9.080579101502629,4.19433769728697,49.52494778522871,50.46357000719842,0.2
99,13,2,8.80478693310358,9.559671049558686,4.41509802586067,49.52494778522871,50.46357000719842,0.2
99,13,3,11.679460177422317,12.169738092120491,5.6080348097457415,49.52494778522871,50.46357000719842,0.2
99,13,4,10.674618610405116,11.234061611863064,5.188284939473775,49.52494778522871,50.46357000719842,0.2
99,13,5,10.565320941754385,5.056496723488024,2.929797547201678,49.52494778522871,50.46357000719842,0.2
99,13,6,11.747236609973235,12.236281301562943,5.640548491958482,49.52494778522871,50.46357000719842,0.2
99,13,7,5.784099413098999,7.219886446106425,3.4756573637030272,49.52494778522871,50.46357000719842,0.2
99,13,8,6.813137156319054,6.046798944031958,2.8867118490450534,49.52494778522871,50.46357000719842,0.2
99,13,9,7.192237785681054,8.058661503248056,3.701862352044636,49.52494778522871,50.46357000719842,0.2
99,14,0,7.9525003577648405,11.457865956192416,4.9915469835035875,52.58388287496026,56.83803259679314,0.2
99,14,1,8.485038654850179,11.97489215970916,5.0906593834270595,52.58388287496026,56.83803259679314,0.2
99,14,2,8.931631193790684,12.332267378542095,5.276674915838636,52.58388287496026,56.83803259679314,0.2
99,14,3,11.344912015362299,7.732432834832898,4.08258417562317,52.58388287496026,56.83803259679314,0.2
99,14,4,10.495768686504984,13.979256486266475,6.046261267426862,52.58388287496026,56.83803259679314,0.2
99,14,5,5.926906041678845,10.444475322673245,4.868144262792844,52.58388287496026,56.83803259679314,0.2
99,14,6,11.410686368859173,6.36994598161621,3.571591207022694,52.58388287496026,56.83803259679314,0.2
99,14,7,7.031166589450014,10.630732380794973,4.5567995964325725,52.58388287496026,56.83803259679314,0.2
99,14,8,5.839744768382554,9.203276174029039,3.8734261759075364,52.58388287496026,56.83803259679314,0.2
99,14,9,7.488773536844828,10.817333834884371,4.5490466369884075,52.58388287496026,56.83803259679314,0.2
99,15,0,10.097772797341596,14.139228187688989,5.783097837533872,62.46844991415395,66.6270264029447,0.2
99,15,1,10.298274665626924,14.773289394115372,5.896821142265355,62.46844991415395,66.6270264029447,0.2
99,15,2,10.674579364205602,14.92276110727682,6.030102816640709,62.46844991415395,66.6270264029447,0.2
99,15,3,8.258964118280002,12.920850372856128,5.848137923178178,62.46844991415395,66.6270264029447,0.2
99,15,4,12.231433011372596,16.71364728648568,6.851693409066032,62.46844991415395,66.6270264029447,0.2
99,15,5,9.848132226907408,14.15369280396213,6.022150928317229,62.46844991415395,66.6270264029447,0.2
99,15,6,7.225238318438892,12.048072326478707,5.57967645706978,62.46844991415395,66.6270264029447,0.2
99,15,7,9.218289872831548,13.510707636782636,5.389399364260944,62.46844991415395,66.6270264029447,0.2
99,15,8,7.835842796001578,9.693960216518274,4.0168575261217025,62.46844991415395,66.6270264029447,0.2
99,15,9,9.202605832746798,8.561119985669238,3.86195878819305,62.46844991415395,66.6270264029447,0.2
99,16,0,11.699060075204553,15.920734575922795,6.28400784715937,70.9597009125109,70.95064113455386,0.2
99,16,1,11.929119432901976,10.303246050198211,4.582112644443997,70.9597009125109,70.95064113455386,0.2
99,16,2,12.198744875743532,16.540687981415985,6.480638329413195,70.9597009125109,70.95064113455386,0.2
99,16,3,11.830634516900954,16.766079867844514,7.018041142702239,70.9597009125109,70.95064113455386,0.2
99,16,4,13.860801781580976,18.42172184585633,7.334646927985157,70.9597009125109,70.95064113455386,0.2
99,16,5,12.182658407587327,16.724594345712553,6.768488804648107,70.9597009125109,70.95064113455386,0.2
99,16,6,11.287543788002102,16.328730346820716,6.902929095375001,70.9597009125109,70.95064113455386,0.2
99,16,7,10.902618060953513,8.95456273814077,4.041073671101851,70.9597009125109,70.95064113455386,0.2
99,16,8,8.126000775334468,12.177442435419254,4.712212039679101,70.9597009125109,70.95064113455386,0.2
99,16,9,7.812644561846397,12.519937494066863,5.03915525215479,70.9597009125109,70.95064113455386,0.2
99,17,0,12.712388305075724,14.190477216148848,5.797762858818148,68.90794864433876,65.08651422151745,0.2
99,17,1,9.269497526184768,11.548082138610559,4.96296047573934,68.90794864433876,65.08651422151745,0.2
99,17,2,13.110166777639988,7.62321233056239,3.7681388548522765,68.90794864433876,65.08651422151745,0.2
99,17,3,14.197319022661235,15.972053936695312,6.7836959784177635,68.90794864433876,65.08651422151745,0.2
99,17,4,14.837804486722083,16.226912380281487,6.711400906686517,68.90794864433876,65.08651422151745,0.2
99,17,5,13.692480979656926,15.275374909143283,6.352389432867488,68.90794864433876,65.08651422151745,0.2
99,17,6,13.964450273956919,15.817195215436644,6.750832814961276,68.90794864433876,65.08651422151745,0.2
99,17,7,8.17498942170906,10.617056282234284,4.552695279867618,68.90794864433876,65.08651422151745,0.2
99,17,8,9.53268529913317,8.847122331381794,3.767879346635675,68.90794864433876,65.08651422151745,0.2
99,17,9,10.194083115906844,11.81114836552214,4.837719836920802,68.90794864433876,65.08651422151745,0.2
99,18,0,11.72872704087395,6.038834416682984,3.1880838284328896,58.82911306874245,54.9850864973494,0.2
99,18,1,10.039943018031332,9.784141837865715,4.419262810509293,58.82911306874245,54.9850864973494,0.2
99,18,2,7.62284921906633,8.78095397965478,4.160154667820501,58.82911306874245,54.9850864973494,0.2
99,18,3,13.72324470603738,13.210709437694176,5.939667538508743,58.82911306874245,54.9850864973494,0.2
99,18,4,13.576993611712865,12.848992305050214,5.699757868273078,58.82911306874245,54.9850864973494,0.2
99,18,5,12.850722516550547,12.371567317924677,5.48075142946778,58.82911306874245,54.9850864973494,0.2
99,18,6,13.656763360858779,13.18686469717244,5.943822143600991,58.82911306874245,54.9850864973494,0.2
99,18,7,9.209986944641502,9.109754713297036,4.089972405093847,58.82911306874245,54.9850864973494,0.2
99,18,8,7.622324240533835,7.991564846133411,3.508955368618739,58.82911306874245,54.9850864973494,0.2
99,18,9,9.786584385935305,7.062889462666291,3.375389638788795,58.82911306874245,54.9850864973494,0.2
99,19,0,6.4494126299494825,7.901234721967866,3.848123678357755,50.855776625134716,50.6943390333897,0.2
99,19,1,8.94005644737853,9.089585787438885,4.19724940861331,50.855776625134716,50.6943390333897,0.2
99,19,2,8.415887254248721,9.027401060213649,4.2415462082466915,50.855776625134716,50.6943390333897,0.2
99,19,3,12.015796604504382,12.052721599748773,5.570233822782753,50.855776625134716,50.6943390333897,0.2
99,19,4,11.530465433640696,5.521742776525328,3.1557411914632563,50.855776625134716,50.6943390333897,0.2
99,19,5,11.087420969165168,11.178262232888569,5.105106487604394,50.855776625134716,50.6943390333897,0.2
99,19,6,12.024201265108166,12.075616447326228,5.588602718373751,50.855776625134716,50.6943390333897,0.2
99,19,7,8.273910318889966,8.502542222384331,3.8971745476174764,50.855776625134716,50.6943390333897,0.2
99,19,8,7.098527607858704,6.552990109150263,3.053818513091334,50.855776625134716,50.6943390333897,0.2
99,19,9,6.828327528045527,7.603088559934748,3.5540968702991234,50.855776625134716,50.6943390333897,0.2
99,20,0,7.784656485964355,8.008124706155295,3.8844910625899973,51.45413164139292,50.6943390333897,0.2
99,20,1,8.490928972926316,8.786465631077148,4.098772953759838,51.45413164139292,50.6943390333897,0.2
99,20,2,8.580540273756604,8.845041922158716,4.18138554452055,51.45413164139292,50.6943390333897,0.2
99,20,3,11.268441578616132,11.584714945930424,5.417932435321664,51.45413164139292,50.6943390333897,0.2
99,20,4,6.383984296636065,6.571887915225038,3.5647671080014947,51.45413164139292,50.6943390333897,0.2
99,20,5,10.32750079052255,10.6209424836274,4.9255750402213,51.45413164139292,50.6943390333897,0.2
99,20,6,11.305601387955601,11.621860853755244,5.440761522314417,51.45413164139292,50.6943390333897,0.2
99,20,7,7.883885148928699,8.160901679611756,3.7868874824333263,51.45413164139292,50.6943390333897,0.2
99,20,8,6.177797306410882,6.377872905978161,2.9964612605232173,51.45413164139292,50.6943390333897,0.2
99,20,9,7.18984771948057,7.432054656428889,3.497940781106957,51.45413164139292,50.6943390333897,0.2
